|6.6.6
Archiving\03_Data\Deq/QFM_m1.75/T13/T13_3.tab                         
           1
T(K)    
  0.000000000000000E+000
  0.000000000000000E+000
           0
          12
T(K)           P(bar)         melt(TH)       Ni             O(HP)          Sp(TH)         Opx(TH)        Cpx(TH)        Cpx(TH)        an             San(TH)        ab            
  2000.00        2500.00        99.9914       0.862680E-002            NaN            NaN            NaN            NaN            NaN            NaN            NaN            NaN
  1996.79        2500.00        99.9914       0.862710E-002            NaN            NaN            NaN            NaN            NaN            NaN            NaN            NaN
  1993.59        2500.00        99.9914       0.862740E-002            NaN            NaN            NaN            NaN            NaN            NaN            NaN            NaN
  1990.38        2500.00        99.9914       0.862771E-002            NaN            NaN            NaN            NaN            NaN            NaN            NaN            NaN
  1987.18        2500.00        99.9914       0.862802E-002            NaN            NaN            NaN            NaN            NaN            NaN            NaN            NaN
  1983.97        2500.00        99.9914       0.862833E-002            NaN            NaN            NaN            NaN            NaN            NaN            NaN            NaN
  1980.77        2500.00        99.9914       0.862864E-002            NaN            NaN            NaN            NaN            NaN            NaN            NaN            NaN
  1977.56        2500.00        99.9914       0.862895E-002            NaN            NaN            NaN            NaN            NaN            NaN            NaN            NaN
  1974.36        2500.00        99.9914       0.862927E-002            NaN            NaN            NaN            NaN            NaN            NaN            NaN            NaN
  1971.15        2500.00        99.9914       0.862958E-002            NaN            NaN            NaN            NaN            NaN            NaN            NaN            NaN
  1967.95        2500.00        99.9914       0.862990E-002            NaN            NaN            NaN            NaN            NaN            NaN            NaN            NaN
  1964.74        2500.00        99.7183       0.571297E-002  0.276021                 NaN            NaN            NaN            NaN            NaN            NaN            NaN
  1961.54        2500.00        99.1425                 NaN  0.857528                 NaN            NaN            NaN            NaN            NaN            NaN            NaN
  1958.33        2500.00        98.9507                 NaN   1.04932                 NaN            NaN            NaN            NaN            NaN            NaN            NaN
  1955.13        2500.00        98.7588                 NaN   1.24121                 NaN            NaN            NaN            NaN            NaN            NaN            NaN
  1951.92        2500.00        98.5668                 NaN   1.43318                 NaN            NaN            NaN            NaN            NaN            NaN            NaN
  1948.72        2500.00        98.3748                 NaN   1.62523                 NaN            NaN            NaN            NaN            NaN            NaN            NaN
  1945.51        2500.00        97.8151                 NaN   2.18490                 NaN            NaN            NaN            NaN            NaN            NaN            NaN
  1942.31        2500.00        97.2549                 NaN   2.74509                 NaN            NaN            NaN            NaN            NaN            NaN            NaN
  1939.10        2500.00        96.6942                 NaN   3.30580                 NaN            NaN            NaN            NaN            NaN            NaN            NaN
  1935.90        2500.00        96.1330                 NaN   3.86702                 NaN            NaN            NaN            NaN            NaN            NaN            NaN
  1932.69        2500.00        95.5712                 NaN   4.42876                 NaN            NaN            NaN            NaN            NaN            NaN            NaN
  1929.49        2500.00        95.0090                 NaN   4.99101                 NaN            NaN            NaN            NaN            NaN            NaN            NaN
  1926.28        2500.00        94.4462                 NaN   5.55377                 NaN            NaN            NaN            NaN            NaN            NaN            NaN
  1923.08        2500.00        93.8830                 NaN   6.11703                 NaN            NaN            NaN            NaN            NaN            NaN            NaN
  1919.87        2500.00        93.1690                 NaN   6.83096                 NaN            NaN            NaN            NaN            NaN            NaN            NaN
  1916.67        2500.00        92.4543                 NaN   7.54566                 NaN            NaN            NaN            NaN            NaN            NaN            NaN
  1913.46        2500.00        91.7389                 NaN   8.26115                 NaN            NaN            NaN            NaN            NaN            NaN            NaN
  1910.26        2500.00        91.0226                 NaN   8.97741                 NaN            NaN            NaN            NaN            NaN            NaN            NaN
  1907.05        2500.00        90.3102                 NaN   9.68980                 NaN            NaN            NaN            NaN            NaN            NaN            NaN
  1903.85        2500.00        89.5869                 NaN   10.4095       0.354013E-002            NaN            NaN            NaN            NaN            NaN            NaN
  1900.64        2500.00        88.8746                 NaN   11.1124       0.129854E-001            NaN            NaN            NaN            NaN            NaN            NaN
  1897.44        2500.00        88.1616                 NaN   11.8160       0.224417E-001            NaN            NaN            NaN            NaN            NaN            NaN
  1894.23        2500.00        87.4720                 NaN   12.4945       0.335264E-001            NaN            NaN            NaN            NaN            NaN            NaN
  1891.03        2500.00        86.7816                 NaN   13.1738       0.446238E-001            NaN            NaN            NaN            NaN            NaN            NaN
  1887.82        2500.00        86.0905                 NaN   13.8537       0.557338E-001            NaN            NaN            NaN            NaN            NaN            NaN
  1884.62        2500.00        85.3987                 NaN   14.5344       0.668565E-001            NaN            NaN            NaN            NaN            NaN            NaN
  1881.41        2500.00        84.7062                 NaN   15.2159       0.779916E-001            NaN            NaN            NaN            NaN            NaN            NaN
  1878.21        2500.00        84.0129                 NaN   15.8980       0.891393E-001            NaN            NaN            NaN            NaN            NaN            NaN
  1875.00        2500.00        83.3189                 NaN   16.5808       0.100299                 NaN            NaN            NaN            NaN            NaN            NaN
  1871.79        2500.00        82.6242                 NaN   17.2644       0.111472                 NaN            NaN            NaN            NaN            NaN            NaN
  1868.59        2500.00        81.9742                 NaN   17.9041       0.121670                 NaN            NaN            NaN            NaN            NaN            NaN
  1865.38        2500.00        81.3236                 NaN   18.5445       0.131879                 NaN            NaN            NaN            NaN            NaN            NaN
  1862.18        2500.00        80.6724                 NaN   19.1855       0.142099                 NaN            NaN            NaN            NaN            NaN            NaN
  1858.97        2500.00        80.0205                 NaN   19.8271       0.152329                 NaN            NaN            NaN            NaN            NaN            NaN
  1855.77        2500.00        79.3680                 NaN   20.4694       0.162571                 NaN            NaN            NaN            NaN            NaN            NaN
  1852.56        2500.00        78.7149                 NaN   21.1123       0.172822                 NaN            NaN            NaN            NaN            NaN            NaN
  1849.36        2500.00        78.0612                 NaN   21.7558       0.183085                 NaN            NaN            NaN            NaN            NaN            NaN
  1846.15        2500.00        77.4068                 NaN   22.3998       0.193358                 NaN            NaN            NaN            NaN            NaN            NaN
  1842.95        2500.00        76.7897                 NaN   23.0075       0.202801                 NaN            NaN            NaN            NaN            NaN            NaN
  1839.74        2500.00        76.1720                 NaN   23.6157       0.212253                 NaN            NaN            NaN            NaN            NaN            NaN
  1836.54        2500.00        75.5538                 NaN   24.2245       0.221714                 NaN            NaN            NaN            NaN            NaN            NaN
  1833.33        2500.00        74.9350                 NaN   24.8338       0.231185                 NaN            NaN            NaN            NaN            NaN            NaN
  1830.13        2500.00        74.3157                 NaN   25.4437       0.240665                 NaN            NaN            NaN            NaN            NaN            NaN
  1826.92        2500.00        73.6958                 NaN   26.0540       0.250153                 NaN            NaN            NaN            NaN            NaN            NaN
  1823.72        2500.00        73.0754                 NaN   26.6649       0.259651                 NaN            NaN            NaN            NaN            NaN            NaN
  1820.51        2500.00        72.4545                 NaN   27.2764       0.269158                 NaN            NaN            NaN            NaN            NaN            NaN
  1817.31        2500.00        71.8639                 NaN   27.8582       0.277900                 NaN            NaN            NaN            NaN            NaN            NaN
  1814.10        2500.00        71.2729                 NaN   28.4405       0.286650                 NaN            NaN            NaN            NaN            NaN            NaN
  1810.90        2500.00        70.6814                 NaN   29.0232       0.295408                 NaN            NaN            NaN            NaN            NaN            NaN
  1807.69        2500.00        70.0894                 NaN   29.6064       0.304173                 NaN            NaN            NaN            NaN            NaN            NaN
  1804.49        2500.00        69.4969                 NaN   30.1901       0.312947                 NaN            NaN            NaN            NaN            NaN            NaN
  1801.28        2500.00        68.9040                 NaN   30.7743       0.321728                 NaN            NaN            NaN            NaN            NaN            NaN
  1798.08        2500.00        68.3106                 NaN   31.3589       0.330516                 NaN            NaN            NaN            NaN            NaN            NaN
  1794.87        2500.00        67.7167                 NaN   31.9440       0.339312                 NaN            NaN            NaN            NaN            NaN            NaN
  1791.67        2500.00        67.1528                 NaN   32.4998       0.347418                 NaN            NaN            NaN            NaN            NaN            NaN
  1788.46        2500.00        66.5885                 NaN   33.0560       0.355530                 NaN            NaN            NaN            NaN            NaN            NaN
  1785.26        2500.00        66.0237                 NaN   33.6126       0.363649                 NaN            NaN            NaN            NaN            NaN            NaN
  1782.05        2500.00        65.4586                 NaN   34.1697       0.371774                 NaN            NaN            NaN            NaN            NaN            NaN
  1778.85        2500.00        64.8930                 NaN   34.7271       0.379906                 NaN            NaN            NaN            NaN            NaN            NaN
  1775.64        2500.00        64.3271                 NaN   35.2849       0.388044                 NaN            NaN            NaN            NaN            NaN            NaN
  1772.44        2500.00        63.7607                 NaN   35.8431       0.396188                 NaN            NaN            NaN            NaN            NaN            NaN
  1769.23        2500.00        63.1940                 NaN   36.4016       0.404339                 NaN            NaN            NaN            NaN            NaN            NaN
  1766.03        2500.00        62.6534                 NaN   36.9346       0.412036                 NaN            NaN            NaN            NaN            NaN            NaN
  1762.82        2500.00        62.1124                 NaN   37.4678       0.419739                 NaN            NaN            NaN            NaN            NaN            NaN
  1759.62        2500.00        61.5711                 NaN   38.0014       0.427447                 NaN            NaN            NaN            NaN            NaN            NaN
  1756.41        2500.00        61.0295                 NaN   38.5354       0.435160                 NaN            NaN            NaN            NaN            NaN            NaN
  1753.21        2500.00        60.4875                 NaN   39.0696       0.442879                 NaN            NaN            NaN            NaN            NaN            NaN
  1750.00        2500.00        59.9452                 NaN   39.6042       0.450603                 NaN            NaN            NaN            NaN            NaN            NaN
  1746.79        2500.00        59.4025                 NaN   40.1391       0.458333                 NaN            NaN            NaN            NaN            NaN            NaN
  1743.59        2500.00        58.8596                 NaN   40.6743       0.466067                 NaN            NaN            NaN            NaN            NaN            NaN
  1740.38        2500.00        58.3493                 NaN   41.1776       0.473096                 NaN            NaN            NaN            NaN            NaN            NaN
  1737.18        2500.00        57.8387                 NaN   41.6812       0.480130                 NaN            NaN            NaN            NaN            NaN            NaN
  1733.97        2500.00        57.3279                 NaN   42.1850       0.487167                 NaN            NaN            NaN            NaN            NaN            NaN
  1730.77        2500.00        56.8167                 NaN   42.6890       0.494209                 NaN            NaN            NaN            NaN            NaN            NaN
  1727.56        2500.00        56.3054                 NaN   43.1934       0.501255                 NaN            NaN            NaN            NaN            NaN            NaN
  1724.36        2500.00        55.7937                 NaN   43.6980       0.508305                 NaN            NaN            NaN            NaN            NaN            NaN
  1721.15        2500.00        55.2819                 NaN   44.2028       0.515359                 NaN            NaN            NaN            NaN            NaN            NaN
  1717.95        2500.00        54.7697                 NaN   44.7079       0.522417                 NaN            NaN            NaN            NaN            NaN            NaN
  1714.74        2500.00        54.2925                 NaN   45.1784       0.529100                 NaN            NaN            NaN            NaN            NaN            NaN
  1711.54        2500.00        53.8151                 NaN   45.6491       0.535786                 NaN            NaN            NaN            NaN            NaN            NaN
  1708.33        2500.00        53.3375                 NaN   46.1200       0.542476                 NaN            NaN            NaN            NaN            NaN            NaN
  1705.13        2500.00        52.8597                 NaN   46.5911       0.549169                 NaN            NaN            NaN            NaN            NaN            NaN
  1701.92        2500.00        52.3817                 NaN   47.0624       0.555866                 NaN            NaN            NaN            NaN            NaN            NaN
  1698.72        2500.00        51.9035                 NaN   47.5339       0.562565                 NaN            NaN            NaN            NaN            NaN            NaN
  1695.51        2500.00        51.4252                 NaN   48.0056       0.569268                 NaN            NaN            NaN            NaN            NaN            NaN
  1692.31        2500.00        50.9466                 NaN   48.4774       0.575974                 NaN            NaN            NaN            NaN            NaN            NaN
  1689.10        2500.00        50.5074                 NaN   48.9104       0.582246                 NaN            NaN            NaN            NaN            NaN            NaN
  1685.90        2500.00        50.0679                 NaN   49.3435       0.588521                 NaN            NaN            NaN            NaN            NaN            NaN
  1682.69        2500.00        49.6284                 NaN   49.7768       0.594799                 NaN            NaN            NaN            NaN            NaN            NaN
  1679.49        2500.00        49.1887                 NaN   50.2102       0.601079                 NaN            NaN            NaN            NaN            NaN            NaN
  1676.28        2500.00        48.7489                 NaN   50.6437       0.607361                 NaN            NaN            NaN            NaN            NaN            NaN
  1673.08        2500.00        48.3090                 NaN   51.0774       0.613645                 NaN            NaN            NaN            NaN            NaN            NaN
  1669.87        2500.00        47.8690                 NaN   51.5111       0.619932                 NaN            NaN            NaN            NaN            NaN            NaN
  1666.67        2500.00        47.4288                 NaN   51.9450       0.626221                 NaN            NaN            NaN            NaN            NaN            NaN
  1663.46        2500.00        47.0203                 NaN   52.3473       0.632435                 NaN            NaN            NaN            NaN            NaN            NaN
  1660.26        2500.00        46.6117                 NaN   52.7496       0.638650                 NaN            NaN            NaN            NaN            NaN            NaN
  1657.05        2500.00        46.2031                 NaN   53.1521       0.644868                 NaN            NaN            NaN            NaN            NaN            NaN
  1653.85        2500.00        45.7943                 NaN   53.5546       0.651087                 NaN            NaN            NaN            NaN            NaN            NaN
  1650.64        2500.00        45.4019                 NaN   53.9411       0.656998                 NaN            NaN            NaN            NaN            NaN            NaN
  1647.44        2500.00        45.0095                 NaN   54.3276       0.662911                 NaN            NaN            NaN            NaN            NaN            NaN
  1644.23        2500.00        44.3287                 NaN   54.6356       0.666235       0.369544                 NaN            NaN            NaN            NaN            NaN
  1641.03        2500.00        43.2363                 NaN   54.8283       0.663972        1.27137                 NaN            NaN            NaN            NaN            NaN
  1637.82        2500.00        42.3210                 NaN   54.9841       0.661379        2.03350                 NaN            NaN            NaN            NaN            NaN
  1634.62        2500.00        41.4040                 NaN   55.1401       0.658779        2.79713                 NaN            NaN            NaN            NaN            NaN
  1631.41        2500.00        40.4853                 NaN   55.2963       0.656173        3.56225                 NaN            NaN            NaN            NaN            NaN
  1628.21        2500.00        39.5649                 NaN   55.4527       0.653561        4.32887                 NaN            NaN            NaN            NaN            NaN
  1625.00        2500.00        38.6427                 NaN   55.6093       0.650943        5.09699                 NaN            NaN            NaN            NaN            NaN
  1621.79        2500.00        37.7189                 NaN   55.7662       0.648319        5.86660                 NaN            NaN            NaN            NaN            NaN
  1618.59        2500.00        36.7933                 NaN   55.9232       0.645689        6.63772                 NaN            NaN            NaN            NaN            NaN
  1615.38        2500.00        35.8661                 NaN   56.0805       0.643052        7.41034                 NaN            NaN            NaN            NaN            NaN
  1612.18        2500.00        35.1663                 NaN   56.1901       0.639625        8.00394                 NaN            NaN            NaN            NaN            NaN
  1608.97        2500.00        34.4655                 NaN   56.2998       0.636192        8.59844                 NaN            NaN            NaN            NaN            NaN
  1605.77        2500.00        33.7638                 NaN   56.4097       0.632754        9.19383                 NaN            NaN            NaN            NaN            NaN
  1602.56        2500.00        33.0610                 NaN   56.5196       0.629309        9.79011                 NaN            NaN            NaN            NaN            NaN
  1599.36        2500.00        32.3573                 NaN   56.6296       0.625859        10.3873                 NaN            NaN            NaN            NaN            NaN
  1596.15        2500.00        31.6525                 NaN   56.7397       0.622403        10.9853                 NaN            NaN            NaN            NaN            NaN
  1592.95        2500.00        30.9468                 NaN   56.8499       0.618941        11.5843                 NaN            NaN            NaN            NaN            NaN
  1589.74        2500.00        30.2402                 NaN   56.9602       0.615474        12.1841                 NaN            NaN            NaN            NaN            NaN
  1586.54        2500.00        29.6783                 NaN   57.0407       0.611233        12.6697                 NaN            NaN            NaN            NaN            NaN
  1583.33        2500.00        29.1159                 NaN   57.1212       0.606986        13.1559                 NaN            NaN            NaN            NaN            NaN
  1580.13        2500.00        28.5528                 NaN   57.2017       0.602734        13.6427                 NaN            NaN            NaN            NaN            NaN
  1576.92        2500.00        27.9891                 NaN   57.2823       0.598477        14.1301                 NaN            NaN            NaN            NaN            NaN
  1573.72        2500.00        27.4248                 NaN   57.3630       0.594214        14.6180                 NaN            NaN            NaN            NaN            NaN
  1570.51        2500.00        26.8598                 NaN   57.4437       0.589945        15.1066                 NaN            NaN            NaN            NaN            NaN
  1567.31        2500.00        26.2942                 NaN   57.5244       0.585670        15.5957                 NaN            NaN            NaN            NaN            NaN
  1564.10        2500.00        25.7280                 NaN   57.6052       0.581390        16.0854                 NaN            NaN            NaN            NaN            NaN
  1560.90        2500.00        25.2481                 NaN   57.6679       0.576180        16.5079                 NaN            NaN            NaN            NaN            NaN
  1557.69        2500.00        24.7677                 NaN   57.7306       0.570964        16.9308                 NaN            NaN            NaN            NaN            NaN
  1554.49        2500.00        24.2868                 NaN   57.7933       0.565742        17.3542                 NaN            NaN            NaN            NaN            NaN
  1551.28        2500.00        23.8055                 NaN   57.8561       0.560515        17.7779                 NaN            NaN            NaN            NaN            NaN
  1548.08        2500.00        23.3237                 NaN   57.9188       0.555282        18.2022                 NaN            NaN            NaN            NaN            NaN
  1544.87        2500.00        22.8415                 NaN   57.9817       0.550043        18.6268                 NaN            NaN            NaN            NaN            NaN
  1541.67        2500.00        22.3588                 NaN   58.0445       0.544798        19.0519                 NaN            NaN            NaN            NaN            NaN
  1538.46        2500.00        21.8757                 NaN   58.1074       0.539548        19.4774                 NaN            NaN            NaN            NaN            NaN
  1535.26        2500.00        21.4408                 NaN   58.1608       0.532975        19.8654                 NaN            NaN            NaN            NaN            NaN
  1532.05        2500.00        21.0055                 NaN   58.2143       0.526395        20.2538                 NaN            NaN            NaN            NaN            NaN
  1528.85        2500.00        20.5699                 NaN   58.2677       0.519808        20.6426                 NaN            NaN            NaN            NaN            NaN
  1525.64        2500.00        20.1338                 NaN   58.3213       0.513215        21.0317                 NaN            NaN            NaN            NaN            NaN
  1522.44        2500.00        19.6975                 NaN   58.3748       0.506616        21.4211                 NaN            NaN            NaN            NaN            NaN
  1519.23        2500.00        19.2607                 NaN   58.4283       0.500010        21.8110                 NaN            NaN            NaN            NaN            NaN
  1516.03        2500.00        18.8236                 NaN   58.4819       0.493398        22.2011                 NaN            NaN            NaN            NaN            NaN
  1512.82        2500.00        18.3861                 NaN   58.5355       0.486779        22.5916                 NaN            NaN            NaN            NaN            NaN
  1509.62        2500.00        17.9687                 NaN   58.5842       0.479297        22.9678                 NaN            NaN            NaN            NaN            NaN
  1506.41        2500.00        17.5510                 NaN   58.6329       0.471808        23.3443                 NaN            NaN            NaN            NaN            NaN
  1503.21        2500.00        17.1330                 NaN   58.6816       0.464313        23.7211                 NaN            NaN            NaN            NaN            NaN
  1500.00        2500.00        16.7147                 NaN   58.7303       0.456810        24.0982                 NaN            NaN            NaN            NaN            NaN
  1496.79        2500.00        16.2012                 NaN   58.7906       0.452061        24.3913       0.164845                 NaN            NaN            NaN            NaN
  1493.59        2500.00        15.4667                 NaN   58.8692       0.456241        24.5133       0.694577                 NaN            NaN            NaN            NaN
  1490.38        2500.00        14.7914                 NaN   58.9364       0.462084        24.6206        1.18947                 NaN            NaN            NaN            NaN
  1487.18        2500.00        14.1150                 NaN   59.0038       0.467940        24.7281        1.68520                 NaN            NaN            NaN            NaN
  1483.97        2500.00        13.5168                 NaN   59.0521       0.476406        24.8217        2.13307                 NaN            NaN            NaN            NaN
  1480.77        2500.00        12.9177                 NaN   59.1005       0.484887        24.9154        2.58162                 NaN            NaN            NaN            NaN
  1477.56        2500.00        12.3177                 NaN   59.1488       0.493383        25.0092        3.03087                 NaN            NaN            NaN            NaN
  1474.36        2500.00        11.7169                 NaN   59.1972       0.501894        25.1032        3.48081                 NaN            NaN            NaN            NaN
  1471.15        2500.00        11.1842                 NaN   59.2287       0.512916        25.1850        3.88930                 NaN            NaN            NaN            NaN
  1467.95        2500.00        10.6507                 NaN   59.2601       0.523955        25.2668        4.29835                 NaN            NaN            NaN            NaN
  1464.74        2500.00        10.1442                 NaN   59.2849       0.535850        25.3448        4.69024                 NaN            NaN            NaN            NaN
  1461.54        2500.00        9.62287                 NaN   59.2934       0.556163        25.1758        5.03155       0.320212                 NaN            NaN            NaN
  1458.33        2500.00        9.62235                 NaN   59.2937       0.556182        25.1759        5.03158       0.320215                 NaN            NaN            NaN
  1455.13        2500.00        9.62183                 NaN   59.2940       0.556201        25.1761        5.03161       0.320219                 NaN            NaN            NaN
  1451.92        2500.00        9.62131                 NaN   59.2943       0.556220        25.1763        5.03164       0.320222                 NaN            NaN            NaN
  1448.72        2500.00        9.62079                 NaN   59.2946       0.556238        25.1765        5.03167       0.320225                 NaN            NaN            NaN
  1445.51        2500.00        9.62027                 NaN   59.2948       0.556257        25.1767        5.03170       0.320229                 NaN            NaN            NaN
  1442.31        2500.00        9.61975                 NaN   59.2951       0.556276        25.1769        5.03173       0.320232                 NaN            NaN            NaN
  1439.10        2500.00        9.61923                 NaN   59.2954       0.556295        25.1771        5.03176       0.320236                 NaN            NaN            NaN
  1435.90        2500.00        6.37230                 NaN   59.2687       0.710389        24.4968        7.20665        1.94519                 NaN            NaN            NaN
  1432.69        2500.00        6.37201                 NaN   59.2688       0.710412        24.4969        7.20667        1.94521                 NaN            NaN            NaN
  1429.49        2500.00        5.77615                 NaN   59.2457       0.746071        24.4323        7.61170        2.18811                 NaN            NaN            NaN
  1426.28        2500.00        5.45690                 NaN   59.2665       0.757847        24.3576        7.74739        2.34024       0.735454E-001            NaN            NaN
  1423.08        2500.00        5.13190                 NaN   59.3093       0.765125        24.2524        2.51237        7.83364       0.195275                 NaN            NaN
  1419.87        2500.00        5.13168                 NaN   59.3094       0.765149        24.2525        2.51239        7.83366       0.195287                 NaN            NaN
  1416.67        2500.00        5.13146                 NaN   59.3094       0.765173        24.2526        2.51241        7.83368       0.195299                 NaN            NaN
  1413.46        2500.00        5.13124                 NaN   59.3095       0.765197        24.2527        2.51243        7.83370       0.195312                 NaN            NaN
  1410.26        2500.00        4.06301                 NaN   59.4406       0.793412        23.8893        8.11363        3.09068       0.609422                 NaN            NaN
  1407.05        2500.00        4.06285                 NaN   59.4406       0.793436        23.8893        8.11365        3.09070       0.609460                 NaN            NaN
  1403.85        2500.00        4.06270                 NaN   59.4405       0.793460        23.8894        8.11366        3.09072       0.609497                 NaN            NaN
  1400.64        2500.00        4.06254                 NaN   59.4405       0.793484        23.8895        8.11368        3.09074       0.609534                 NaN            NaN
  1397.44        2500.00        4.06238                 NaN   59.4405       0.793508        23.8896        8.11369        3.09076       0.609572                 NaN            NaN
  1394.23        2500.00        4.06222                 NaN   59.4405       0.793532        23.8897        8.11371        3.09078       0.609609                 NaN            NaN
  1391.03        2500.00        4.06206                 NaN   59.4405       0.793556        23.8897        8.11372        3.09080       0.609646                 NaN            NaN
  1387.82        2500.00        4.06191                 NaN   59.4405       0.793580        23.8898        8.11374        3.09082       0.609684                 NaN            NaN
  1384.62        2500.00        2.57742                 NaN   59.5967       0.844602        23.3548        3.91384        8.47568        1.23703                 NaN            NaN
  1381.41        2500.00        2.57734                 NaN   59.5966       0.844626        23.3548        3.91387        8.47569        1.23711                 NaN            NaN
  1378.21        2500.00        2.57726                 NaN   59.5965       0.844651        23.3549        3.91389        8.47570        1.23718                 NaN            NaN
  1375.00        2500.00        2.57718                 NaN   59.5964       0.844675        23.3549        3.91391        8.47570        1.23726                 NaN            NaN
  1371.79        2500.00        2.57710                 NaN   59.5963       0.844699        23.3550        3.91393        8.47571        1.23733                 NaN            NaN
  1368.59        2500.00        2.57702                 NaN   59.5962       0.844723        23.3550        3.91396        8.47572        1.23740                 NaN            NaN
  1365.38        2500.00        2.57694                 NaN   59.5961       0.844747        23.3551        3.91398        8.47572        1.23748                 NaN            NaN
  1362.18        2500.00        2.57686                 NaN   59.5960       0.844771        23.3551        3.91400        8.47573        1.23755                 NaN            NaN
  1358.97        2500.00        1.52568                 NaN   59.6707       0.892294        22.9932        8.71262        4.48888        1.71664                 NaN            NaN
  1355.77        2500.00        1.52565                 NaN   59.6705       0.892319        22.9933        8.71262        4.48890        1.71675                 NaN            NaN
  1352.56        2500.00        1.52561                 NaN   59.6704       0.892344        22.9933        8.71263        4.48893        1.71685                 NaN            NaN
  1349.36        2500.00        1.52557                 NaN   59.6702       0.892369        22.9933        8.71263        4.48895        1.71695                 NaN            NaN
  1346.15        2500.00        1.52553                 NaN   59.6700       0.892393        22.9934        8.71263        4.48897        1.71705                 NaN            NaN
  1342.95        2500.00        1.52550                 NaN   59.6699       0.892418        22.9934        8.71263        4.48900        1.71715                 NaN            NaN
  1339.74        2500.00        1.52546                 NaN   59.6697       0.892443        22.9935        8.71264        4.48902        1.71725                 NaN            NaN
  1336.54        2500.00        1.52542                 NaN   59.6696       0.892467        22.9935        8.71264        4.48904        1.71735                 NaN            NaN
  1333.33        2500.00       0.683138                 NaN   59.6921       0.938395        22.7614        4.91787        8.90393        2.10323                 NaN            NaN
  1330.13        2500.00       0.683125                 NaN   59.6919       0.938420        22.7614        4.91789        8.90393        2.10335                 NaN            NaN
  1326.92        2500.00       0.683112                 NaN   59.6917       0.938446        22.7614        4.91792        8.90393        2.10347                 NaN            NaN
  1323.72        2500.00       0.683099                 NaN   59.6915       0.938471        22.7615        4.91794        8.90393        2.10359                 NaN            NaN
  1320.51        2500.00       0.306779                 NaN   59.6863       0.961233        22.6896        5.09249        8.99602        2.26757                 NaN            NaN
  1317.31        2500.00                 NaN            NaN   59.7226       0.966861        22.6574        5.13411        9.02444        2.32394       0.170709                 NaN
  1314.10        2500.00                 NaN            NaN   59.7264       0.969941        22.6696        5.10885        9.01460        2.33724       0.173327                 NaN
  1310.90        2500.00                 NaN            NaN   59.7262       0.969967        22.6696        5.10888        9.01460        2.33737       0.173331                 NaN
  1307.69        2500.00                 NaN            NaN   59.7347       0.975986        22.6952        8.99474        5.05679        2.36374       0.178847                 NaN
  1304.49        2500.00                 NaN            NaN   59.7345       0.976012        22.6952        8.99474        5.05681        2.36388       0.178850                 NaN
  1301.28        2500.00                 NaN            NaN   59.7343       0.976038        22.6952        8.99474        5.05684        2.36401       0.178854                 NaN
  1298.08        2500.00                 NaN            NaN   59.7341       0.976064        22.6953        8.99474        5.05686        2.36415       0.178857                 NaN
  1294.87        2500.00                 NaN            NaN   59.7339       0.976090        22.6953        8.99474        5.05689        2.36429       0.178861                 NaN
  1291.67        2500.00                 NaN            NaN   59.7336       0.976115        22.6953        8.99473        5.05691        2.36442       0.178865                 NaN
  1288.46        2500.00                 NaN            NaN   59.7334       0.976141        22.6953        8.99473        5.05694        2.36456       0.178868                 NaN
  1285.26        2500.00                 NaN            NaN   59.7332       0.976167        22.6954        8.99473        5.05697        2.36470       0.178872                 NaN
  1282.05        2500.00                 NaN            NaN   59.7635        1.00147        22.7825        8.92265        4.86664        2.46474       0.198461                 NaN
  1278.85        2500.00                 NaN            NaN   59.7633        1.00149        22.7826        8.92264        4.86666        2.46488       0.198465                 NaN
  1275.64        2500.00                 NaN            NaN   59.7631        1.00152        22.7826        8.92264        4.86669        2.46502       0.198469                 NaN
  1272.44        2500.00                 NaN            NaN   59.7628        1.00154        22.7826        8.92264        4.86671        2.46516       0.198473                 NaN
  1269.23        2500.00                 NaN            NaN   59.7626        1.00157        22.7827        8.92263        4.86674        2.46531       0.198477                 NaN
  1266.03        2500.00                 NaN            NaN   59.7624        1.00160        22.7827        8.92263        4.86676        2.46545       0.198481                 NaN
  1262.82        2500.00                 NaN            NaN   59.7621        1.00162        22.7827        8.92263        4.86679        2.46559       0.198485                 NaN
  1259.62        2500.00                 NaN            NaN   59.7619        1.00165        22.7828        8.92263        4.86682        2.46573       0.198489                 NaN
  1256.41        2500.00                 NaN            NaN   59.7847        1.02920        22.8579        4.69533        8.86077        2.55684       0.215226                 NaN
  1253.21        2500.00                 NaN            NaN   59.7845        1.02923        22.8579        4.69536        8.86077        2.55699       0.215230                 NaN
  1250.00        2500.00                 NaN            NaN   59.7843        1.02926        22.8580        4.69538        8.86077        2.55714       0.215234                 NaN
  1246.79        2500.00                 NaN            NaN   59.7840        1.02928        22.8580        4.69541        8.86076        2.55729       0.215238                 NaN
  1243.59        2500.00                 NaN            NaN   59.7838        1.02931        22.8580        4.69544        8.86076        2.55743       0.215243                 NaN
  1240.38        2500.00                 NaN            NaN   59.7836        1.02934        22.8581        4.69546        8.86075        2.55758       0.215247                 NaN
  1237.18        2500.00                 NaN            NaN   59.7833        1.02936        22.8581        4.69549        8.86075        2.55773       0.215251                 NaN
  1233.97        2500.00                 NaN            NaN   59.7831        1.02939        22.8581        4.69552        8.86075        2.55787       0.215255                 NaN
  1230.77        2500.00                 NaN            NaN   59.7985        1.05938        22.9248        8.81116        4.53810        2.63908       0.228972                 NaN
  1227.56        2500.00                 NaN            NaN   59.7982        1.05941        22.9249        8.81116        4.53813        2.63923       0.228976                 NaN
  1224.36        2500.00                 NaN            NaN   59.7980        1.05944        22.9249        8.81115        4.53815        2.63939       0.228981                 NaN
  1221.15        2500.00                 NaN            NaN   59.7977        1.05947        22.9250        8.81115        4.53818        2.63954       0.228985                 NaN
  1217.95        2500.00                 NaN            NaN   59.7975        1.05949        22.9250        8.81114        4.53821        2.63969       0.228990                 NaN
  1214.74        2500.00                 NaN            NaN   59.7972        1.05952        22.9251        8.81113        4.53823        2.63984       0.228994                 NaN
  1211.54        2500.00                 NaN            NaN   59.7970        1.05955        22.9251        8.81113        4.53826        2.63999       0.228999                 NaN
  1208.33        2500.00                 NaN            NaN   59.7967        1.05957        22.9251        8.81112        4.53829        2.64014       0.229003                 NaN
  1205.13        2500.00                 NaN            NaN   59.8050        1.09176        22.9888        8.76830        4.39268        2.71272       0.240690                 NaN
  1201.92        2500.00                 NaN            NaN   59.8048        1.09179        22.9889        8.76830        4.39270        2.71288       0.240694                 NaN
  1198.72        2500.00                 NaN            NaN   59.8045        1.09182        22.9889        8.76829        4.39273        2.71303       0.240699                 NaN
  1195.51        2500.00                 NaN            NaN   59.8043        1.09184        22.9889        8.76828        4.39276        2.71319       0.240704                 NaN
  1192.31        2500.00                 NaN            NaN   59.8040        1.09187        22.9890        8.76828        4.39279        2.71334       0.240708                 NaN
  1189.10        2500.00                 NaN            NaN   59.8038        1.09190        22.9890        8.76827        4.39281        2.71350       0.240713                 NaN
  1185.90        2500.00                 NaN            NaN   59.8035        1.09193        22.9891        8.76826        4.39284        2.71365       0.240717                 NaN
  1182.69        2500.00                 NaN            NaN   59.8033        1.09195        22.9891        8.76826        4.39287        2.71381       0.240722                 NaN
  1179.49        2500.00                 NaN            NaN   59.8041        1.12662        23.0520        8.73388        4.25625        2.77719       0.249985                 NaN
  1176.28        2500.00                 NaN            NaN   59.8039        1.12664        23.0520        8.73387        4.25627        2.77735       0.249990                 NaN
  1173.08        2500.00                 NaN            NaN   59.8036        1.12667        23.0521        8.73386        4.25630        2.77751       0.249994                 NaN
  1169.87        2500.00                 NaN            NaN   59.8033        1.12670        23.0521        8.73386        4.25633        2.77767       0.249999                 NaN
  1166.67        2500.00                 NaN            NaN   59.8031        1.12673        23.0522        8.73385        4.25636        2.77783       0.250004                 NaN
  1163.46        2500.00                 NaN            NaN   59.8028        1.12676        23.0522        8.73384        4.25638        2.77799       0.250009                 NaN
  1160.26        2500.00                 NaN            NaN   59.8026        1.12678        23.0523        8.73383        4.25641        2.77814       0.250013                 NaN
  1157.05        2500.00                 NaN            NaN   59.8023        1.12681        23.0523        8.73382        4.25644        2.77830       0.250018                 NaN
  1153.85        2500.00                 NaN            NaN   59.7956        1.16405        23.1167        4.12726        8.70687        2.83267       0.256888                 NaN
  1150.64        2500.00                 NaN            NaN   59.7953        1.16408        23.1167        4.12729        8.70686        2.83283       0.256893                 NaN
  1147.44        2500.00                 NaN            NaN   59.7950        1.16411        23.1168        4.12732        8.70686        2.83300       0.256898                 NaN
  1144.23        2500.00                 NaN            NaN   59.7948        1.16414        23.1168        4.12735        8.70685        2.83316       0.256902                 NaN
  1141.03        2500.00                 NaN            NaN   59.7945        1.16417        23.1169        4.12737        8.70684        2.83332       0.256907                 NaN
  1137.82        2500.00                 NaN            NaN   59.7942        1.16419        23.1169        4.12740        8.70683        2.83348       0.256912                 NaN
  1134.62        2500.00                 NaN            NaN   59.7940        1.16422        23.1170        4.12743        8.70682        2.83364       0.256917                 NaN
  1131.41        2500.00                 NaN            NaN   59.7937        1.16425        23.1171        4.12746        8.70681        2.83380       0.256922                 NaN
  1128.21        2500.00                 NaN            NaN   59.7778        1.20482        23.1866        8.68859        4.00382        2.87730       0.261132                 NaN
  1125.00        2500.00                 NaN            NaN   59.7775        1.20485        23.1866        8.68858        4.00385        2.87747       0.261137                 NaN
  1121.79        2500.00                 NaN            NaN   59.7772        1.20488        23.1867        8.68857        4.00388        2.87763       0.261142                 NaN
  1118.59        2500.00                 NaN            NaN   59.7769        1.20491        23.1867        8.68856        4.00391        2.87779       0.261147                 NaN
  1115.38        2500.00                 NaN            NaN   59.7767        1.20494        23.1868        8.68855        4.00394        2.87796       0.261152                 NaN
  1112.18        2500.00                 NaN            NaN   59.7764        1.20497        23.1868        8.68854        4.00397        2.87812       0.261157                 NaN
  1108.97        2500.00                 NaN            NaN   59.7761        1.20500        23.1869        8.68853        4.00399        2.87828       0.261162                 NaN
  1105.77        2500.00                 NaN            NaN   59.7758        1.20503        23.1870        8.68852        4.00402        2.87845       0.261166                 NaN
  1102.56        2500.00                 NaN            NaN   59.7514        1.24881        23.2624        3.88554        8.67667        2.91227       0.262936                 NaN
  1099.36        2500.00                 NaN            NaN   59.7511        1.24884        23.2624        3.88557        8.67666        2.91243       0.262941                 NaN
  1096.15        2500.00                 NaN            NaN   59.7508        1.24887        23.2625        3.88560        8.67665        2.91260       0.262946                 NaN
  1092.95        2500.00                 NaN            NaN   59.7506        1.24890        23.2626        3.88563        8.67664        2.91276       0.262951                 NaN
  1089.74        2500.00                 NaN            NaN   59.7503        1.24893        23.2626        3.88566        8.67663        2.91293       0.262955                 NaN
  1086.54        2500.00                 NaN            NaN   59.7500        1.24896        23.2627        3.88568        8.67662        2.91309       0.262960                 NaN
  1083.33        2500.00                 NaN            NaN   59.7497        1.24899        23.2627        3.88571        8.67661        2.91326       0.262965                 NaN
  1080.13        2500.00                 NaN            NaN   59.7494        1.24902        23.2628        3.88574        8.67660        2.91342       0.262970                 NaN
  1076.92        2500.00                 NaN            NaN   59.7160        1.29652        23.3458        8.67240        3.77073        2.93666       0.261856                 NaN
  1073.72        2500.00                 NaN            NaN   59.7157        1.29655        23.3459        8.67239        3.77076        2.93682       0.261860                 NaN
  1070.51        2500.00                 NaN            NaN   59.7154        1.29658        23.3460        8.67238        3.77079        2.93699       0.261865                 NaN
  1067.31        2500.00                 NaN            NaN   59.7152        1.29661        23.3460        8.67236        3.77082        2.93716       0.261870                 NaN
  1064.10        2500.00                 NaN            NaN   59.6948        1.32179        23.3907        8.67310        3.71459        2.94485       0.260230                 NaN
  1060.90        2500.00                 NaN            NaN   59.6886        1.32837        23.4021        8.67435        3.70153        2.94631                 NaN  0.258779     
  1057.69        2500.00                 NaN            NaN   59.6834        1.33477        23.4128        3.68727        8.67443        2.94770                 NaN  0.259561     
  1054.49        2500.00                 NaN            NaN   59.6831        1.33480        23.4129        3.68730        8.67442        2.94787                 NaN  0.259557     
  1051.28        2500.00                 NaN            NaN   59.6717        1.34827        23.4364        8.67499        3.65826        2.94888                 NaN  0.261464     
  1048.08        2500.00                 NaN            NaN   59.6715        1.34830        23.4365        8.67498        3.65829        2.94904                 NaN  0.261460     
  1044.87        2500.00                 NaN            NaN   59.6712        1.34833        23.4365        8.67497        3.65832        2.94921                 NaN  0.261455     
  1041.67        2500.00                 NaN            NaN   59.6709        1.34836        23.4366        8.67496        3.65835        2.94938                 NaN  0.261451     
  1038.46        2500.00                 NaN            NaN   59.6706        1.34840        23.4367        8.67495        3.65838        2.94954                 NaN  0.261447     
  1035.26        2500.00                 NaN            NaN   59.6703        1.34843        23.4368        8.67494        3.65842        2.94971                 NaN  0.261443     
  1032.05        2500.00                 NaN            NaN   59.6700        1.34846        23.4368        8.67492        3.65845        2.94988                 NaN  0.261438     
  1028.85        2500.00                 NaN            NaN   59.6697        1.34849        23.4369        8.67491        3.65848        2.95004                 NaN  0.261434     
  1025.64        2500.00                 NaN            NaN   59.6208        1.40423        23.5334        8.68068        3.54364        2.94761                 NaN  0.269592     
  1022.44        2500.00                 NaN            NaN   59.6205        1.40427        23.5335        8.68067        3.54367        2.94778                 NaN  0.269587     
  1019.23        2500.00                 NaN            NaN   59.6202        1.40430        23.5336        8.68066        3.54370        2.94794                 NaN  0.269583     
  1016.03        2500.00                 NaN            NaN   59.6199        1.40433        23.5336        8.68065        3.54373        2.94811                 NaN  0.269579     
  1012.82        2500.00                 NaN            NaN   59.6197        1.40437        23.5337        8.68064        3.54376        2.94828                 NaN  0.269575     
  1009.62        2500.00                 NaN            NaN   59.6194        1.40440        23.5338        8.68062        3.54379        2.94844                 NaN  0.269570     
  1006.41        2500.00                 NaN            NaN   59.6191        1.40443        23.5339        8.68061        3.54382        2.94861                 NaN  0.269566     
  1003.21        2500.00                 NaN            NaN   59.6188        1.40447        23.5340        8.68060        3.54385        2.94877                 NaN  0.269562     
  1000.00        2500.00                 NaN            NaN   59.5580        1.46604        23.6410        8.69551        3.43035        2.93070                 NaN  0.278411     
