|6.6.6
Archiving\03_Data\eqfrac/QFM_m4.75/EETA/EETA_3.tab                        
           1
T(K)    
  0.000000000000000E+000
  0.000000000000000E+000
           0
          14
T(K)           P(bar)         melt(TH)       melt(TH)       Cpx(TH)        Cpx(TH)        Cpx(TH)        iron           O(HP)          Sp(TH)         an             San(TH)        ilm            q             
  1464.74        2500.00        99.8476                 NaN  0.152414                 NaN            NaN            NaN            NaN            NaN            NaN            NaN            NaN            NaN
  1463.58        2500.00        99.4551                 NaN  0.295798       0.248128                 NaN  0.953611E-003            NaN            NaN            NaN            NaN            NaN            NaN
  1462.41        2500.00        99.3522                 NaN  0.138345       0.499052                 NaN  0.104200E-001            NaN            NaN            NaN            NaN            NaN            NaN
  1461.25        2500.00        99.3567                 NaN  0.494972       0.138025                 NaN  0.102947E-001            NaN            NaN            NaN            NaN            NaN            NaN
  1460.08        2500.00        99.3546                 NaN  0.495534       0.139650                 NaN  0.102143E-001            NaN            NaN            NaN            NaN            NaN            NaN
  1458.92        2500.00        99.3742                 NaN  0.480191       0.135719                 NaN  0.984368E-002            NaN            NaN            NaN            NaN            NaN            NaN
  1457.75        2500.00        99.3706                 NaN  0.482497       0.137045                 NaN  0.983635E-002            NaN            NaN            NaN            NaN            NaN            NaN
  1456.59        2500.00        99.3446                 NaN  0.128770       0.504755                 NaN  0.102232E-001  0.116959E-001            NaN            NaN            NaN            NaN            NaN
  1455.42        2500.00        99.3674                 NaN  0.140158       0.483175                 NaN  0.927542E-002            NaN            NaN            NaN            NaN            NaN            NaN
  1454.26        2500.00        99.4194                 NaN  0.135637       0.434762                 NaN  0.842302E-002            NaN  0.176904E-002            NaN            NaN            NaN            NaN
  1453.09        2500.00        99.3872                 NaN  0.137107       0.466523                 NaN  0.921681E-002            NaN            NaN            NaN            NaN            NaN            NaN
  1451.93        2500.00        99.3940                 NaN  0.136598       0.460356                 NaN  0.902239E-002            NaN            NaN            NaN            NaN            NaN            NaN
  1450.76        2500.00        99.3544                 NaN  0.145958       0.490142                 NaN  0.953598E-002            NaN            NaN            NaN            NaN            NaN            NaN
  1449.60        2500.00        99.9586                 NaN  0.309911E-001  0.976134E-002            NaN  0.626857E-003            NaN            NaN            NaN            NaN            NaN            NaN
  1448.43        2500.00        99.6882                 NaN  0.234684       0.726231E-001            NaN  0.424424E-002            NaN  0.268898E-003            NaN            NaN            NaN            NaN
  1447.27        2500.00        98.6094                 NaN   1.05396       0.316636                 NaN  0.199861E-001            NaN            NaN            NaN            NaN            NaN            NaN
  1446.10        2500.00        99.3807                 NaN  0.468715       0.141733                 NaN  0.884218E-002            NaN            NaN            NaN            NaN            NaN            NaN
  1444.94        2500.00        99.4458                 NaN  0.127205       0.419220                 NaN  0.781815E-002            NaN            NaN            NaN            NaN            NaN            NaN
  1443.77        2500.00        99.4199                 NaN  0.438357       0.133669                 NaN  0.810293E-002            NaN            NaN            NaN            NaN            NaN            NaN
  1442.61        2500.00        99.4216                 NaN  0.132929       0.437358                 NaN  0.809541E-002            NaN            NaN            NaN            NaN            NaN            NaN
  1441.44        2500.00        99.3708                 NaN  0.146517       0.474091                 NaN  0.858001E-002            NaN            NaN            NaN            NaN            NaN            NaN
  1440.28        2500.00        99.9284                 NaN  0.539707E-001  0.165655E-001            NaN  0.101946E-002            NaN            NaN            NaN            NaN            NaN            NaN
  1439.12        2500.00        98.9904                 NaN  0.760223       0.235778                 NaN  0.135515E-001            NaN            NaN            NaN            NaN            NaN            NaN
  1437.95        2500.00        99.4366                 NaN  0.424045       0.131819                 NaN  0.749427E-002            NaN            NaN            NaN            NaN            NaN            NaN
  1436.79        2500.00        99.3808                 NaN  0.143668       0.467416                 NaN  0.814390E-002            NaN            NaN            NaN            NaN            NaN            NaN
  1435.62        2500.00        98.7847                 NaN  0.353506       0.487551                 NaN  0.271673E-001            NaN            NaN  0.347112                 NaN            NaN            NaN
  1434.46        2500.00        97.9528                 NaN  0.645300       0.622797                 NaN  0.503267E-001            NaN            NaN  0.728737                 NaN            NaN            NaN
  1433.29        2500.00        98.0057                 NaN  0.605774       0.629522                 NaN  0.488476E-001            NaN            NaN  0.710170                 NaN            NaN            NaN
  1432.13        2500.00        98.0579                 NaN  0.589824       0.613321                 NaN  0.473366E-001            NaN            NaN  0.691651                 NaN            NaN            NaN
  1430.96        2500.00        98.1070                 NaN  0.598199       0.574528                 NaN  0.459426E-001            NaN            NaN  0.674319                 NaN            NaN            NaN
  1429.80        2500.00        98.1547                 NaN  0.582887       0.560557                 NaN  0.445402E-001            NaN            NaN  0.657313                 NaN            NaN            NaN
  1428.63        2500.00        98.1995                 NaN  0.569521       0.546146                 NaN  0.433275E-001            NaN            NaN  0.641525                 NaN            NaN            NaN
  1427.47        2500.00        98.2434                 NaN  0.555158       0.533444                 NaN  0.420282E-001            NaN            NaN  0.625924                 NaN            NaN            NaN
  1426.30        2500.00        98.2859                 NaN  0.521147       0.541634                 NaN  0.407602E-001            NaN            NaN  0.610580                 NaN            NaN            NaN
  1425.14        2500.00        98.3225                 NaN  0.531464       0.508501                 NaN  0.396343E-001            NaN            NaN  0.597866                 NaN            NaN            NaN
  1423.97        2500.00        98.3644                 NaN  0.497269       0.517156                 NaN  0.384644E-001            NaN            NaN  0.582731                 NaN            NaN            NaN
  1422.81        2500.00        98.4001                 NaN  0.505268       0.487101                 NaN  0.374451E-001            NaN            NaN  0.570046                 NaN            NaN            NaN
  1421.64        2500.00        98.4353                 NaN  0.476132       0.494719                 NaN  0.364554E-001            NaN            NaN  0.557435                 NaN            NaN            NaN
  1420.48        2500.00        98.4695                 NaN  0.483298       0.466464                 NaN  0.354328E-001            NaN            NaN  0.545282                 NaN            NaN            NaN
  1419.31        2500.00        98.5023                 NaN  0.456708       0.472892                 NaN  0.345374E-001            NaN            NaN  0.533561                 NaN            NaN            NaN
  1418.15        2500.00        98.5326                 NaN  0.463317       0.447750                 NaN  0.335812E-001            NaN            NaN  0.522706                 NaN            NaN            NaN
  1416.98        2500.00        98.5650                 NaN  0.452712       0.438630                 NaN  0.326132E-001            NaN            NaN  0.511012                 NaN            NaN            NaN
  1415.82        2500.00        98.5929                 NaN  0.430801       0.443408                 NaN  0.318046E-001            NaN            NaN  0.501132                 NaN            NaN            NaN
  1414.66        2500.00        98.6227                 NaN  0.433945       0.422021                 NaN  0.309715E-001            NaN            NaN  0.490390                 NaN            NaN            NaN
  1413.49        2500.00        98.6493                 NaN  0.425454       0.414224                 NaN  0.301892E-001            NaN            NaN  0.480842                 NaN            NaN            NaN
  1412.33        2500.00        98.6747                 NaN  0.416628       0.407586                 NaN  0.293577E-001            NaN            NaN  0.471731                 NaN            NaN            NaN
  1411.16        2500.00        98.7016                 NaN  0.408269       0.399463                 NaN  0.286510E-001            NaN            NaN  0.462066                 NaN            NaN            NaN
  1410.00        2500.00        98.7264                 NaN  0.399969       0.392643                 NaN  0.279250E-001            NaN            NaN  0.453111                 NaN            NaN            NaN
  1408.83        2500.00        98.7496                 NaN  0.392664       0.385661                 NaN  0.272401E-001            NaN            NaN  0.444823                 NaN            NaN            NaN
  1407.67        2500.00        98.7729                 NaN  0.379544       0.384662                 NaN  0.265135E-001            NaN            NaN  0.436380                 NaN            NaN            NaN
  1406.50        2500.00        98.7941                 NaN  0.377722       0.373554                 NaN  0.258676E-001            NaN            NaN  0.428791                 NaN            NaN            NaN
  1405.34        2500.00        98.8175                 NaN  0.370352       0.366852                 NaN  0.251723E-001            NaN            NaN  0.420120                 NaN            NaN            NaN
  1404.17        2500.00        98.8376                 NaN  0.361274       0.363559                 NaN  0.245871E-001            NaN            NaN  0.412995                 NaN            NaN            NaN
  1403.01        2500.00        98.8581                 NaN  0.356872       0.355478                 NaN  0.239863E-001            NaN            NaN  0.405537                 NaN            NaN            NaN
  1401.84        2500.00        98.8669                 NaN  0.355139       0.351092                 NaN  0.238352E-001            NaN            NaN  0.403017                 NaN            NaN            NaN
  1400.68        2500.00        98.9083                 NaN  0.342829       0.339424                 NaN  0.224775E-001            NaN            NaN  0.386945                 NaN            NaN            NaN
  1399.51        2500.00        98.9156                 NaN  0.337672       0.339801                 NaN  0.222498E-001            NaN            NaN  0.384641                 NaN            NaN            NaN
  1398.35        2500.00        98.9340                 NaN  0.335034       0.331222                 NaN  0.216959E-001            NaN            NaN  0.377999                 NaN            NaN            NaN
  1397.18        2500.00        98.9512                 NaN  0.325223       0.330660                 NaN  0.211544E-001            NaN            NaN  0.371722                 NaN            NaN            NaN
  1396.02        2500.00        98.9681                 NaN  0.319359       0.326226                 NaN  0.206418E-001            NaN            NaN  0.365676                 NaN            NaN            NaN
  1394.85        2500.00        98.9855                 NaN  0.314007       0.321097                 NaN  0.201450E-001            NaN            NaN  0.359218                 NaN            NaN            NaN
  1393.69        2500.00        99.0010                 NaN  0.317014       0.308690                 NaN  0.196568E-001            NaN            NaN  0.353627                 NaN            NaN            NaN
  1392.52        2500.00        99.0173                 NaN  0.302788       0.312937                 NaN  0.191989E-001            NaN            NaN  0.347813                 NaN            NaN            NaN
  1391.36        2500.00        99.0325                 NaN  0.309354       0.297425                 NaN  0.186675E-001            NaN            NaN  0.342075                 NaN            NaN            NaN
  1390.20        2500.00        99.0458                 NaN  0.293563       0.304722                 NaN  0.183711E-001            NaN            NaN  0.337543                 NaN            NaN            NaN
  1389.03        2500.00        99.0628                 NaN  0.301580       0.287090                 NaN  0.176953E-001            NaN            NaN  0.330800                 NaN            NaN            NaN
  1387.87        2500.00        99.0758                 NaN  0.283013       0.297597                 NaN  0.173664E-001            NaN            NaN  0.326254                 NaN            NaN            NaN
  1386.70        2500.00        99.0898                 NaN  0.294546       0.277593                 NaN  0.169062E-001            NaN            NaN  0.321118                 NaN            NaN            NaN
  1385.54        2500.00        99.1025                 NaN  0.291230       0.273300                 NaN  0.164854E-001            NaN            NaN  0.316498                 NaN            NaN            NaN
  1384.37        2500.00        99.1162                 NaN  0.287932       0.268371                 NaN  0.160811E-001            NaN            NaN  0.311413                 NaN            NaN            NaN
  1383.21        2500.00        99.1287                 NaN  0.284660       0.264128                 NaN  0.156718E-001            NaN            NaN  0.306809                 NaN            NaN            NaN
  1382.04        2500.00        99.1406                 NaN  0.281402       0.260109                 NaN  0.153504E-001            NaN            NaN  0.302577                 NaN            NaN            NaN
  1380.88        2500.00        99.1525                 NaN  0.255515       0.278910                 NaN  0.149084E-001            NaN            NaN  0.298208                 NaN            NaN            NaN
  1379.71        2500.00        99.1662                 NaN  0.275352       0.251095                 NaN  0.145000E-001            NaN            NaN  0.292872                 NaN            NaN            NaN
  1378.55        2500.00        99.1760                 NaN  0.247563       0.272844                 NaN  0.141721E-001            NaN            NaN  0.289401                 NaN            NaN            NaN
  1377.38        2500.00        99.1847                 NaN  0.243614       0.271640                 NaN  0.138370E-001            NaN            NaN  0.286246                 NaN            NaN            NaN
  1376.22        2500.00        99.2009                 NaN  0.237669       0.268158                 NaN  0.132865E-001            NaN            NaN  0.279954                 NaN            NaN            NaN
  1375.05        2500.00        99.2092                 NaN  0.234867       0.265726                 NaN  0.130644E-001            NaN            NaN  0.277100                 NaN            NaN            NaN
  1373.89        2500.00        99.2203                 NaN  0.231239       0.262741                 NaN  0.127268E-001            NaN            NaN  0.272982                 NaN            NaN            NaN
  1372.72        2500.00        99.2300                 NaN  0.227576       0.260594                 NaN  0.124009E-001            NaN            NaN  0.269388                 NaN            NaN            NaN
  1371.56        2500.00        99.2396                 NaN  0.258337       0.224069                 NaN  0.120850E-001            NaN            NaN  0.265875                 NaN            NaN            NaN
  1370.39        2500.00        99.2500                 NaN  0.219796       0.256530                 NaN  0.117267E-001            NaN            NaN  0.261941                 NaN            NaN            NaN
  1369.23        2500.00        99.2594                 NaN  0.216655       0.254015                 NaN  0.114366E-001            NaN            NaN  0.258500                 NaN            NaN            NaN
  1368.06        2500.00        99.2684                 NaN  0.213202       0.252214                 NaN  0.110855E-001            NaN            NaN  0.255056                 NaN            NaN            NaN
  1366.90        2500.00        99.2778                 NaN  0.209766       0.250046                 NaN  0.107992E-001            NaN            NaN  0.251618                 NaN            NaN            NaN
  1365.74        2500.00        99.2864                 NaN  0.248166       0.206557                 NaN  0.104920E-001            NaN            NaN  0.248384                 NaN            NaN            NaN
  1364.57        2500.00        99.2953                 NaN  0.246612       0.202871                 NaN  0.101794E-001            NaN            NaN  0.245077                 NaN            NaN            NaN
  1363.41        2500.00        99.3040                 NaN  0.244397       0.199768                 NaN  0.994159E-002            NaN            NaN  0.241889                 NaN            NaN            NaN
  1362.24        2500.00        99.3109                 NaN  0.243628       0.196671                 NaN  0.958608E-002            NaN            NaN  0.239209                 NaN            NaN            NaN
  1361.08        2500.00        99.3204                 NaN  0.241155       0.193626                 NaN  0.927998E-002            NaN            NaN  0.235570                 NaN            NaN            NaN
  1359.91        2500.00        99.3286                 NaN  0.190350       0.239432                 NaN  0.905391E-002            NaN            NaN  0.232598                 NaN            NaN            NaN
  1358.75        2500.00        99.3358                 NaN  0.238434       0.187076                 NaN  0.875758E-002            NaN            NaN  0.229887                 NaN            NaN            NaN
  1357.58        2500.00        99.3434                 NaN  0.183944       0.237202                 NaN  0.845979E-002            NaN            NaN  0.226998                 NaN            NaN            NaN
  1356.42        2500.00        99.3500                 NaN  0.236758       0.180446                 NaN  0.820741E-002            NaN            NaN  0.224576                 NaN            NaN            NaN
  1355.25        2500.00        99.3593                 NaN  0.177851       0.233909                 NaN  0.793663E-002            NaN            NaN  0.220958                 NaN            NaN            NaN
  1354.09        2500.00        99.3654                 NaN  0.174996       0.233160                 NaN  0.769458E-002            NaN            NaN  0.218770                 NaN            NaN            NaN
  1352.92        2500.00        99.3726                 NaN  0.231403       0.172532                 NaN  0.747611E-002            NaN            NaN  0.215995                 NaN            NaN            NaN
  1351.76        2500.00        99.3789                 NaN  0.170018       0.230288                 NaN  0.719787E-002            NaN            NaN  0.213615                 NaN            NaN            NaN
  1350.59        2500.00        99.3863                 NaN  0.166514       0.229490                 NaN  0.692404E-002            NaN            NaN  0.210810                 NaN            NaN            NaN
  1349.43        2500.00        99.3913                 NaN  0.164430       0.228567                 NaN  0.674484E-002            NaN            NaN  0.208976                 NaN            NaN            NaN
  1348.26        2500.00        99.4002                 NaN  0.160918       0.226960                 NaN  0.640796E-002            NaN            NaN  0.205499                 NaN            NaN            NaN
  1347.10        2500.00        99.4052                 NaN  0.158274       0.226676                 NaN  0.619736E-002            NaN            NaN  0.203625                 NaN            NaN            NaN
  1345.93        2500.00        99.4113                 NaN  0.225363       0.155974                 NaN  0.599906E-002            NaN            NaN  0.201374                 NaN            NaN            NaN
  1344.77        2500.00        99.4169                 NaN  0.224568       0.153500                 NaN  0.578287E-002            NaN            NaN  0.199246                 NaN            NaN            NaN
  1343.60        2500.00        99.4239                 NaN  0.150097       0.224095                 NaN  0.546263E-002            NaN            NaN  0.196447                 NaN            NaN            NaN
  1342.44        2500.00        99.4291                 NaN  0.222603       0.148465                 NaN  0.530326E-002            NaN            NaN  0.194579                 NaN            NaN            NaN
  1341.28        2500.00        99.4344                 NaN  0.223234       0.144933                 NaN  0.499749E-002            NaN            NaN  0.192436                 NaN            NaN            NaN
  1340.11        2500.00        99.4404                 NaN  0.222124       0.142385                 NaN  0.483782E-002            NaN            NaN  0.190251                 NaN            NaN            NaN
  1338.95        2500.00        99.4349                 NaN  0.225113       0.141511                 NaN  0.502058E-002            NaN            NaN  0.193499                 NaN            NaN            NaN
  1337.78        2500.00        99.4620                 NaN  0.216603       0.136628                 NaN  0.404586E-002            NaN            NaN  0.180719                 NaN            NaN            NaN
  1336.62        2500.00        99.4562                 NaN  0.134473       0.220971                 NaN  0.415941E-002            NaN            NaN  0.184163                 NaN            NaN            NaN
  1335.45        2500.00        99.4611                 NaN  0.132020       0.220684                 NaN  0.392032E-002            NaN            NaN  0.182231                 NaN            NaN            NaN
  1334.29        2500.00        99.1089                 NaN  0.375008       0.209726                 NaN  0.560252E-002            NaN            NaN  0.300754                 NaN            NaN            NaN
  1333.12        2500.00        99.8241                 NaN  0.733730E-001  0.434051E-001            NaN  0.993570E-003            NaN            NaN  0.581659E-001            NaN            NaN            NaN
  1331.96        2500.00        99.4762                 NaN  0.219393       0.124639                 NaN  0.331760E-002            NaN            NaN  0.176489                 NaN            NaN            NaN
  1330.79        2500.00        99.4809                 NaN  0.220649       0.120825                 NaN  0.303933E-002            NaN            NaN  0.174635                 NaN            NaN            NaN
  1329.63        2500.00        99.4855                 NaN  0.220244       0.118548                 NaN  0.285270E-002            NaN            NaN  0.172827                 NaN            NaN            NaN
  1328.46        2500.00        99.4898                 NaN  0.115905       0.220487                 NaN  0.264397E-002            NaN            NaN  0.171204                 NaN            NaN            NaN
  1327.30        2500.00        99.4942                 NaN  0.113243       0.220737                 NaN  0.242522E-002            NaN            NaN  0.169440                 NaN            NaN            NaN
  1326.13        2500.00        99.4984                 NaN  0.220735       0.110779                 NaN  0.225210E-002            NaN            NaN  0.167810                 NaN            NaN            NaN
  1324.97        2500.00        99.5029                 NaN  0.107988       0.220970                 NaN  0.204711E-002            NaN            NaN  0.166089                 NaN            NaN            NaN
  1323.80        2500.00        99.5070                 NaN  0.105302       0.221355                 NaN  0.185001E-002            NaN            NaN  0.164479                 NaN            NaN            NaN
  1322.64        2500.00        99.5110                 NaN  0.102215       0.222266                 NaN  0.163227E-002            NaN            NaN  0.162922                 NaN            NaN            NaN
  1321.47        2500.00        99.5151                 NaN  0.222832       0.993233E-001            NaN  0.143816E-002            NaN            NaN  0.161295                 NaN            NaN            NaN
  1320.31        2500.00        99.0789                 NaN  0.432297       0.174925                 NaN  0.376322E-002            NaN            NaN  0.310131                 NaN            NaN            NaN
  1319.14        2500.00        99.9571                 NaN  0.214848E-001  0.100240E-001            NaN            NaN            NaN            NaN  0.113897E-001            NaN            NaN            NaN
  1317.98        2500.00        99.5294                 NaN  0.877420E-001  0.227706                 NaN            NaN            NaN            NaN  0.155126                 NaN            NaN            NaN
  1316.82        2500.00        99.5292                 NaN  0.840389E-001  0.231364                 NaN  0.138798E-003            NaN            NaN  0.155250                 NaN            NaN            NaN
  1315.65        2500.00        99.5348                 NaN  0.229852       0.821781E-001            NaN  0.660904E-004            NaN            NaN  0.153145                 NaN            NaN            NaN
  1314.49        2500.00        80.4948                 NaN   2.02361        2.39721                 NaN  0.174009                 NaN            NaN   2.63021        12.2802                 NaN            NaN
  1313.32        2500.00        80.8004                 NaN   2.38327        1.97046                 NaN  0.163927                 NaN            NaN   2.57902        12.1030                 NaN            NaN
  1312.16        2500.00        83.7859                 NaN   2.03425        1.67297                 NaN  0.131228                 NaN            NaN   2.18282        10.1928                 NaN            NaN
  1310.99        2500.00        86.0001                 NaN   1.45090        1.77523                 NaN  0.107344                 NaN            NaN   1.88936        8.77708                 NaN            NaN
  1309.83        2500.00        87.6852                 NaN   1.59165        1.26971                 NaN  0.888002E-001            NaN            NaN   1.66637        7.69832                 NaN            NaN
  1308.66        2500.00        89.0250                 NaN   2.56905                 NaN            NaN  0.746163E-001            NaN            NaN   1.48867        6.84265                 NaN            NaN
  1307.50        2500.00        90.1278                 NaN   2.32735                 NaN            NaN  0.626600E-001            NaN            NaN   1.34347        6.13876                 NaN            NaN
  1306.33        2500.00        91.0199                 NaN   2.13194                 NaN            NaN  0.540193E-001            NaN            NaN   1.22160        5.57251                 NaN            NaN
  1305.17        2500.00        91.7614                 NaN   1.97011                 NaN            NaN  0.459326E-001            NaN            NaN   1.12306        5.09948                 NaN            NaN
  1304.00        2500.00        92.3922                 NaN   1.83415                 NaN            NaN  0.383938E-001            NaN            NaN   1.04044        4.69480                 NaN            NaN
  1302.84        2500.00        92.9288                 NaN   1.71716                 NaN            NaN  0.329403E-001            NaN            NaN  0.967861        4.35320                 NaN            NaN
  1301.67        2500.00        93.4055                 NaN   1.61238                 NaN            NaN  0.279482E-001            NaN            NaN  0.904695        4.04946                 NaN            NaN
  1300.51        2500.00        93.8104                 NaN   1.52556                 NaN            NaN  0.233420E-001            NaN            NaN  0.850763        3.78992                 NaN            NaN
  1299.34        2500.00        94.1645                 NaN   1.44935                 NaN            NaN  0.194623E-001            NaN            NaN  0.802878        3.56381                 NaN            NaN
  1298.18        2500.00        94.4785                 NaN   1.38137                 NaN            NaN  0.162546E-001            NaN            NaN  0.760609        3.36327                 NaN            NaN
  1297.01        2500.00        94.7670                 NaN   1.32098                 NaN            NaN  0.121990E-001            NaN            NaN  0.722974        3.17686                 NaN            NaN
  1295.85        2500.00        92.8295                 NaN   1.67511                 NaN            NaN  0.473497E-002            NaN            NaN  0.972634        4.38407       0.133990                 NaN
  1294.68        2500.00        92.6467                 NaN   1.70347                 NaN            NaN            NaN            NaN            NaN  0.995209        4.49066       0.163980                 NaN
  1293.52        2500.00        93.1062                 NaN   1.60107                 NaN            NaN            NaN            NaN            NaN  0.933198        4.20574       0.153790                 NaN
  1292.36        2500.00        93.5301                 NaN   1.50611                 NaN            NaN            NaN            NaN            NaN  0.875250        3.94386       0.144699                 NaN
  1291.19        2500.00        93.9042                 NaN   1.42255                 NaN            NaN            NaN            NaN            NaN  0.825992        3.71127       0.135990                 NaN
  1290.03        2500.00        86.6696                 NaN   2.51984       0.497054                 NaN            NaN            NaN            NaN   1.85206        8.14100       0.320417                 NaN
  1288.86        2500.00        97.6526                 NaN  0.215558                 NaN            NaN  0.482205E-001            NaN            NaN  0.292031        1.75135       0.402550E-001            NaN
  1287.70        2500.00        98.5218                 NaN  0.459461                 NaN            NaN            NaN            NaN            NaN  0.192344       0.798061       0.283710E-001            NaN
  1286.53        2500.00        96.7226                 NaN  0.923726                 NaN            NaN            NaN            NaN            NaN  0.459071        1.82874       0.658891E-001            NaN
  1285.37        2500.00        94.9108                 NaN   1.10690                 NaN            NaN  0.289494E-001            NaN            NaN  0.696550        3.14073       0.116057                 NaN
  1284.20        2500.00        95.8735                 NaN  0.993728                 NaN            NaN            NaN            NaN            NaN  0.558531        2.48159       0.926234E-001            NaN
  1283.04        2500.00        91.0035                 NaN   2.14348                 NaN            NaN            NaN            NaN            NaN   1.27390        5.38608       0.192994                 NaN
  1281.87        2500.00        99.5756                 NaN            NaN            NaN            NaN            NaN            NaN            NaN  0.578941E-002  0.397180       0.214727E-001            NaN
  1280.71        2500.00        89.0292                 NaN   2.66920                 NaN            NaN  0.810271E-002            NaN            NaN   1.57296        6.48866       0.231903                 NaN
  1279.54        2500.00        99.8577                 NaN            NaN            NaN            NaN            NaN            NaN            NaN            NaN  0.142281                 NaN            NaN
  1278.38        2500.00        99.6570                 NaN  0.891279E-001            NaN            NaN            NaN            NaN            NaN  0.396336E-001  0.214268                 NaN            NaN
  1277.21        2500.00        97.7532                 NaN  0.555666                 NaN            NaN            NaN            NaN            NaN  0.317251        1.31986       0.539968E-001            NaN
  1276.05        2500.00        96.6609                 NaN  0.782936                 NaN            NaN            NaN            NaN            NaN  0.512299        1.95403       0.898541E-001            NaN
  1274.88        2500.00        97.3920                 NaN  0.568968                 NaN            NaN            NaN            NaN            NaN  0.300511        1.70888       0.296724E-001            NaN
  1273.72        2500.00        94.0041                 NaN  0.644310       0.816497                 NaN            NaN            NaN            NaN  0.824166        3.58090       0.130017                 NaN
  1272.55        2500.00        99.6907                 NaN  0.294626E-001            NaN            NaN            NaN            NaN            NaN  0.664515E-001  0.210053       0.337936E-002            NaN
  1271.39        2500.00        99.8104                 NaN  0.804530E-001            NaN            NaN            NaN            NaN            NaN  0.566426E-002  0.952833E-001  0.820582E-002            NaN
  1270.22        2500.00        99.8098                 NaN  0.308660E-001            NaN            NaN            NaN            NaN            NaN  0.357173E-001  0.120177       0.342349E-002            NaN
  1269.06        2500.00        99.5042       0.404304       0.310337E-001            NaN            NaN            NaN            NaN            NaN            NaN  0.574957E-001  0.300265E-002            NaN
  1267.90        2500.00        99.5267                 NaN  0.683950E-001  0.399509E-001            NaN            NaN            NaN            NaN  0.679279E-001  0.288758       0.826502E-002            NaN
  1266.73        2500.00        87.8304                 NaN   1.22981        1.64330                 NaN            NaN            NaN            NaN   1.66616        7.36738       0.262941                 NaN
  1265.57        2500.00        94.1770                 NaN  0.851967       0.456622                 NaN            NaN            NaN            NaN  0.610161        3.75333       0.150942                 NaN
  1264.40        2500.00        99.7965                 NaN  0.409765E-001            NaN            NaN            NaN            NaN            NaN  0.144545                 NaN  0.179487E-001            NaN
  1263.24        2500.00        95.3277                 NaN   1.08991                 NaN            NaN            NaN            NaN            NaN  0.670813        2.83925       0.722866E-001            NaN
  1262.07        2500.00        99.6850                 NaN  0.507858E-001  0.664350E-001            NaN            NaN            NaN            NaN  0.586844E-001  0.139082                 NaN            NaN
  1260.91        2500.00        87.6094                 NaN   2.13427                 NaN            NaN            NaN            NaN            NaN   1.50361        8.47654       0.276157                 NaN
  1259.74        2500.00       100.0000                 NaN  0.884421E-005            NaN            NaN            NaN            NaN            NaN  0.306247E-005            NaN            NaN            NaN
  1258.58        2500.00        99.5492                 NaN  0.340179                 NaN            NaN            NaN            NaN            NaN  0.110575                 NaN            NaN            NaN
  1257.41        2500.00        99.6453                 NaN  0.247441                 NaN            NaN            NaN            NaN            NaN  0.107217                 NaN            NaN            NaN
  1256.25        2500.00        98.5587                 NaN  0.106780       0.360439                 NaN            NaN            NaN            NaN  0.348781       0.458398       0.166927                 NaN
  1255.08        2500.00        99.9676                 NaN  0.324186E-001            NaN            NaN            NaN            NaN            NaN            NaN            NaN            NaN            NaN
  1253.92        2500.00        99.9952                 NaN            NaN            NaN            NaN            NaN            NaN            NaN            NaN  0.483057E-002            NaN            NaN
  1252.75        2500.00        99.9282                 NaN            NaN            NaN            NaN            NaN            NaN            NaN  0.124860E-001  0.593169E-001            NaN            NaN
  1251.59        2500.00        99.9195                 NaN  0.178453E-001            NaN            NaN            NaN            NaN            NaN  0.117529E-001  0.508977E-001            NaN            NaN
  1250.42        2500.00        98.7167                 NaN  0.371368                 NaN            NaN            NaN            NaN            NaN  0.171814       0.740120                 NaN            NaN
  1249.26        2500.00        96.0677                 NaN   1.02166                 NaN            NaN            NaN            NaN            NaN  0.497543        2.41306                 NaN            NaN
  1248.09        2500.00        98.1764                 NaN  0.411511                 NaN            NaN            NaN            NaN            NaN  0.222970        1.18915                 NaN            NaN
  1246.93        2500.00        99.4711                 NaN  0.167957                 NaN            NaN            NaN            NaN            NaN  0.832944E-001  0.277621                 NaN            NaN
  1245.76        2500.00        97.5926                 NaN  0.458666                 NaN            NaN            NaN            NaN            NaN  0.282552        1.65786       0.836577E-002            NaN
  1244.60        2500.00        99.2504                 NaN  0.364697                 NaN            NaN            NaN            NaN            NaN  0.106485       0.270923       0.751447E-002            NaN
  1243.44        2500.00        94.5978                 NaN   1.16952                 NaN            NaN            NaN            NaN            NaN  0.761230        3.40883       0.625795E-001            NaN
  1242.27        2500.00        99.9999                 NaN  0.173115E-004            NaN            NaN            NaN            NaN            NaN  0.100699E-004  0.430105E-004  0.126045E-005            NaN
  1241.11        2500.00       100.0000                 NaN  0.134718E-005            NaN            NaN            NaN            NaN            NaN            NaN            NaN            NaN            NaN
  1239.94        2500.00       100.0000                 NaN  0.942194E-005            NaN            NaN            NaN            NaN            NaN  0.515394E-005  0.221513E-004  0.912363E-006            NaN
  1238.78        2500.00        99.9997                 NaN  0.790589E-004            NaN            NaN            NaN            NaN            NaN  0.320294E-004  0.159791E-003  0.472213E-005            NaN
  1237.61        2500.00        95.9961                 NaN   1.04241                 NaN            NaN            NaN            NaN            NaN  0.488094        2.39469       0.786789E-001            NaN
  1236.45        2500.00        97.3201                 NaN  0.306897                 NaN            NaN            NaN            NaN            NaN  0.215372        2.06862       0.890175E-001            NaN
  1235.28        2500.00        99.3682                 NaN  0.577643E-001            NaN            NaN            NaN            NaN            NaN  0.424063E-001  0.373309       0.948206E-002  0.148794     
  1234.12        2500.00        97.1349                 NaN  0.518600                 NaN            NaN            NaN            NaN            NaN  0.392598       0.842563       0.609383E-002   1.10525     
  1232.95        2500.00        82.8138                 NaN   1.96977                 NaN            NaN            NaN            NaN            NaN   1.39955        8.29663       0.122441        5.39785     
  1231.79        2500.00        44.2224                 NaN   5.85536                 NaN            NaN            NaN            NaN            NaN   4.46724        26.2915       0.400681        18.7629     
  1230.62        2500.00                 NaN            NaN  0.275890        6.25802        4.17245                 NaN            NaN            NaN   8.02240        46.9366       0.657444        33.6772     
  1229.46        2500.00                 NaN            NaN   10.8083                 NaN            NaN            NaN            NaN            NaN   8.08789        46.7607       0.640032        33.7031     
  1228.29        2500.00                 NaN            NaN  0.216080        6.48690        3.99540                 NaN            NaN            NaN   8.00812        46.9591       0.658541        33.6759     
  1227.13        2500.00                 NaN            NaN   3.00495        7.76140                 NaN            NaN            NaN            NaN   8.06714        46.8259       0.647365        33.6932     
  1225.96        2500.00                 NaN            NaN   3.01623        7.75121                 NaN            NaN            NaN            NaN   8.06951        46.8219       0.646999        33.6942     
  1224.80        2500.00                 NaN            NaN   3.02683        7.74174                 NaN            NaN            NaN            NaN   8.07189        46.8178       0.646633        33.6951     
  1223.63        2500.00                 NaN            NaN   3.03833        7.73133                 NaN            NaN            NaN            NaN   8.07427        46.8137       0.646261        33.6961     
  1222.47        2500.00                 NaN            NaN   10.8168                 NaN            NaN            NaN            NaN            NaN   8.10038        46.7388       0.636367        33.7076     
  1221.30        2500.00                 NaN            NaN   4.00531       0.721424        6.07658                 NaN            NaN            NaN   8.04539        46.8091       0.635491        33.7068     
  1220.14        2500.00                 NaN            NaN   10.8203                 NaN            NaN            NaN            NaN            NaN   8.10508        46.7288       0.635659        33.7102     
  1218.98        2500.00                 NaN            NaN   4.60988        6.14741                 NaN            NaN            NaN            NaN   8.07317        46.8266       0.647730        33.6952     
  1217.81        2500.00                 NaN            NaN   10.8288                 NaN            NaN            NaN            NaN            NaN   8.11476        46.7074       0.634005        33.7150     
  1216.65        2500.00                 NaN            NaN   10.8255                 NaN            NaN            NaN            NaN            NaN   8.11859        46.7077       0.633806        33.7144     
  1215.48        2500.00                 NaN            NaN   2.71840        8.06455                 NaN            NaN            NaN            NaN   8.09442        46.7761       0.642460        33.7041     
  1214.32        2500.00                 NaN            NaN   10.8389                 NaN            NaN            NaN            NaN            NaN   8.12742        46.6828       0.631438        33.7195     
  1213.15        2500.00                 NaN            NaN   10.8376                 NaN            NaN            NaN            NaN            NaN   8.12726        46.6835       0.631282        33.7204     
  1211.99        2500.00                 NaN            NaN  0.260255        6.47826        3.99159                 NaN            NaN            NaN   8.05780        46.8640       0.653079        33.6950     
  1210.82        2500.00                 NaN            NaN  0.308281        6.45578        3.97000                 NaN            NaN            NaN   8.05112        46.8667       0.652667        33.6955     
  1209.66        2500.00                 NaN            NaN  0.283722        6.50522        3.94860                 NaN            NaN            NaN   8.05363        46.8593       0.652230        33.6973     
  1208.49        2500.00                 NaN            NaN   10.8321                 NaN            NaN            NaN            NaN            NaN   8.13416        46.6801       0.632410        33.7212     
  1207.33        2500.00                 NaN            NaN   6.83551        3.89354                 NaN            NaN            NaN            NaN   8.07015        46.8516       0.650016        33.6992     
  1206.16        2500.00                 NaN            NaN   2.99077        7.81994                 NaN            NaN            NaN            NaN   8.10740        46.7304       0.634140        33.7174     
  1205.00        2500.00                 NaN            NaN  0.317892        6.49725        3.91332                 NaN            NaN            NaN   8.06667        46.8559       0.651601        33.6974     
  1203.83        2500.00                 NaN            NaN   2.83540        7.95998                 NaN            NaN            NaN            NaN   8.11832        46.7339       0.638452        33.7140     
  1202.67        2500.00                 NaN            NaN   2.85546        7.94146                 NaN            NaN            NaN            NaN   8.12113        46.7286       0.638192        33.7152     
  1201.50        2500.00                 NaN            NaN   10.8427                 NaN            NaN            NaN            NaN            NaN   8.15038        46.6498       0.629255        33.7279     
  1200.34        2500.00                 NaN            NaN   2.90673        7.89247                 NaN            NaN            NaN            NaN   8.12557        46.7207       0.637392        33.7171     
  1199.17        2500.00                 NaN            NaN  0.348085        6.43535        3.96293                 NaN            NaN            NaN   8.08383        46.8208       0.645342        33.7037     
  1198.01        2500.00                 NaN            NaN   3.78815       0.203072        6.84420                 NaN            NaN            NaN   8.10247        46.7078       0.626394        33.7280     
  1196.84        2500.00                 NaN            NaN   3.79363       0.175694        6.86801                 NaN            NaN            NaN   8.10516        46.7025       0.625788        33.7292     
  1195.68        2500.00                 NaN            NaN   6.76326        3.98095                 NaN            NaN            NaN            NaN   8.07875        46.8222       0.647416        33.7074     
  1194.52        2500.00                 NaN            NaN  0.271948        6.50032        3.97060                 NaN            NaN            NaN   8.08965        46.8153       0.646248        33.7059     
  1193.35        2500.00                 NaN            NaN   6.60945        4.14652                 NaN            NaN            NaN            NaN   8.08742        46.8019       0.643205        33.7115     
  1192.19        2500.00                 NaN            NaN   2.57797        8.23514                 NaN            NaN            NaN            NaN   8.14564        46.6828       0.633359        33.7251     
  1191.02        2500.00                 NaN            NaN   6.72269        4.01606                 NaN            NaN            NaN            NaN   8.09241        46.8141       0.645837        33.7089     
  1189.86        2500.00                 NaN            NaN   2.94375        7.86841                 NaN            NaN            NaN            NaN   8.14743        46.6808       0.633304        33.7263     
  1188.69        2500.00                 NaN            NaN   3.18067        7.64088                 NaN            NaN            NaN            NaN   8.13986        46.6784       0.630485        33.7297     
  1187.53        2500.00                 NaN            NaN   6.85620        3.88764                 NaN            NaN            NaN            NaN   8.10162        46.7988       0.644231        33.7115     
  1186.36        2500.00                 NaN            NaN   2.82838        7.98924                 NaN            NaN            NaN            NaN   8.15574        46.6653       0.631651        33.7297     
  1185.20        2500.00                 NaN            NaN   2.96181        7.85632                 NaN            NaN            NaN            NaN   8.15740        46.6623       0.631546        33.7306     
  1184.03        2500.00                 NaN            NaN   3.25456        7.56105                 NaN            NaN            NaN            NaN   8.15684        46.6648       0.631989        33.7308     
  1182.87        2500.00                 NaN            NaN   3.28190        7.53496                 NaN            NaN            NaN            NaN   8.15907        46.6607       0.631587        33.7318     
  1181.70        2500.00                 NaN            NaN   3.35156        7.46599                 NaN            NaN            NaN            NaN   8.16082        46.6577       0.631294        33.7326     
  1180.54        2500.00                 NaN            NaN   2.68617        8.14128                 NaN            NaN            NaN            NaN   8.16967        46.6385       0.628913        33.7355     
  1179.37        2500.00                 NaN            NaN   2.84451        7.97866                 NaN            NaN            NaN            NaN   8.17092        46.6453       0.628752        33.7318     
  1178.21        2500.00                 NaN            NaN   3.85793        6.97166                 NaN            NaN            NaN            NaN   8.17008        46.6344       0.628129        33.7378     
  1177.04        2500.00                 NaN            NaN   3.86505        6.96611                 NaN            NaN            NaN            NaN   8.17251        46.6298       0.627662        33.7389     
  1175.88        2500.00                 NaN            NaN   3.87264        6.96008                 NaN            NaN            NaN            NaN   8.17494        46.6252       0.627198        33.7399     
  1174.71        2500.00                 NaN            NaN   3.87997        6.95434                 NaN            NaN            NaN            NaN   8.17738        46.6206       0.626728        33.7410     
  1173.55        2500.00                 NaN            NaN   3.88721        6.94867                 NaN            NaN            NaN            NaN   8.17982        46.6159       0.626258        33.7421     
  1172.38        2500.00                 NaN            NaN   3.89386        6.94363                 NaN            NaN            NaN            NaN   8.18226        46.6113       0.625784        33.7432     
  1171.22        2500.00                 NaN            NaN   3.90134        6.93776                 NaN            NaN            NaN            NaN   8.18469        46.6067       0.625309        33.7442     
  1170.06        2500.00                 NaN            NaN   3.49297        7.34293                 NaN            NaN            NaN            NaN   8.18948        46.6050       0.625919        33.7437     
  1168.89        2500.00                 NaN            NaN   3.63709        7.19905                 NaN            NaN            NaN            NaN   8.19101        46.6028       0.625693        33.7444     
  1167.73        2500.00                 NaN            NaN   3.80557        7.03050                 NaN            NaN            NaN            NaN   8.19240        46.6010       0.625526        33.7450     
  1166.56        2500.00                 NaN            NaN   3.92817        6.91750                 NaN            NaN            NaN            NaN   8.19447        46.5879       0.623382        33.7486     
  1165.40        2500.00                 NaN            NaN   3.93442        6.91293                 NaN            NaN            NaN            NaN   8.19691        46.5832       0.622893        33.7497     
  1164.23        2500.00                 NaN            NaN   3.94074        6.90828                 NaN            NaN            NaN            NaN   8.19936        46.5784       0.622402        33.7508     
  1163.07        2500.00                 NaN            NaN   3.94736        6.90335                 NaN            NaN            NaN            NaN   8.20180        46.5737       0.621911        33.7519     
  1161.90        2500.00                 NaN            NaN   3.95304        6.89939                 NaN            NaN            NaN            NaN   8.20426        46.5689       0.621414        33.7530     
  1160.74        2500.00                 NaN            NaN   3.95897        6.89518                 NaN            NaN            NaN            NaN   8.20670        46.5641       0.620916        33.7541     
  1159.57        2500.00                 NaN            NaN   3.96468        6.89121                 NaN            NaN            NaN            NaN   8.20916        46.5593       0.620415        33.7552     
  1158.41        2500.00                 NaN            NaN   6.84473        3.94262       0.142879E-005            NaN            NaN            NaN   8.15826        46.6815       0.633785        33.7391     
  1157.24        2500.00                 NaN            NaN   3.97612        6.88326                 NaN            NaN            NaN            NaN   8.21407        46.5497       0.619406        33.7574     
  1156.08        2500.00                 NaN            NaN   3.98155        6.87961                 NaN            NaN            NaN            NaN   8.21652        46.5449       0.618898        33.7585     
  1154.91        2500.00                 NaN            NaN   3.98708        6.87585                 NaN            NaN            NaN            NaN   8.21898        46.5400       0.618388        33.7597     
  1153.75        2500.00                 NaN            NaN   6.85057        3.94344       0.137718E-005            NaN            NaN            NaN   8.16788        46.6627       0.631892        33.7435     
  1152.58        2500.00                 NaN            NaN   6.85190        3.94381       0.136482E-005            NaN            NaN            NaN   8.17029        46.6579       0.631416        33.7447     
  1151.42        2500.00                 NaN            NaN   6.85283        3.94459       0.135225E-005            NaN            NaN            NaN   8.17266        46.6532       0.630938        33.7458     
  1150.25        2500.00                 NaN            NaN   6.85416        3.94493       0.133977E-005            NaN            NaN            NaN   8.17509        46.6485       0.630457        33.7469     
  1149.09        2500.00                 NaN            NaN   6.85516        3.94568       0.132758E-005            NaN            NaN            NaN   8.17748        46.6437       0.629976        33.7480     
  1147.92        2500.00                 NaN            NaN   6.85608        3.94650       0.131524E-005            NaN            NaN            NaN   8.17986        46.6389       0.629493        33.7491     
  1146.76        2500.00                 NaN            NaN   6.90597        3.89531       0.147864E-005            NaN            NaN            NaN   8.18874        46.6314       0.629489        33.7491     
  1145.60        2500.00                 NaN            NaN   6.85774        3.94831       0.129097E-005            NaN            NaN            NaN   8.18465        46.6294       0.628523        33.7514     
  1144.43        2500.00                 NaN            NaN   2.40421        8.48447                 NaN            NaN            NaN            NaN   8.25274        46.4748       0.611970        33.7718     
  1143.27        2500.00                 NaN            NaN   6.85918        3.95039       0.126690E-005            NaN            NaN            NaN   8.18943        46.6198       0.627545        33.7536     
  1142.10        2500.00                 NaN            NaN   6.85981        3.95153       0.125495E-005            NaN            NaN            NaN   8.19182        46.6150       0.627054        33.7548     
  1140.94        2500.00                 NaN            NaN   6.86028        3.95283       0.124275E-005            NaN            NaN            NaN   8.19422        46.6102       0.626566        33.7559     
  1139.77        2500.00                 NaN            NaN   7.04997        3.76484       0.125922E-005            NaN            NaN            NaN   8.19804        46.6044       0.625951        33.7568     
  1138.61        2500.00                 NaN            NaN   6.99336        3.82329       0.123914E-005            NaN            NaN            NaN   8.19999        46.5999       0.625487        33.7580     
  1137.44        2500.00                 NaN            NaN   6.87760        3.94090       0.121027E-005            NaN            NaN            NaN   8.20148        46.5957       0.625064        33.7593     
  1136.28        2500.00                 NaN            NaN   6.86177        3.95855       0.119625E-005            NaN            NaN            NaN   8.20374        46.5909       0.624576        33.7604     
  1135.11        2500.00                 NaN            NaN   6.86194        3.96020       0.118471E-005            NaN            NaN            NaN   8.20611        46.5861       0.624076        33.7616     
  1133.95        2500.00                 NaN            NaN   6.86196        3.96200       0.117317E-005            NaN            NaN            NaN   8.20849        46.5813       0.623575        33.7627     
  1132.78        2500.00                 NaN            NaN   6.86212        3.96369       0.116180E-005            NaN            NaN            NaN   8.21087        46.5764       0.623071        33.7639     
  1131.62        2500.00                 NaN            NaN   6.86208        3.96556       0.115046E-005            NaN            NaN            NaN   8.21324        46.5715       0.622566        33.7650     
  1130.45        2500.00                 NaN            NaN   6.86210        3.96739                 NaN            NaN            NaN            NaN   8.21563        46.5667       0.622061        33.7662     
  1129.29        2500.00                 NaN            NaN   10.9606                 NaN            NaN            NaN            NaN            NaN   8.31631        46.3297       0.594880        33.7985     
  1128.12        2500.00                 NaN            NaN   7.19741        3.63597       0.116789E-005            NaN            NaN            NaN   8.22317        46.5546       0.620744        33.7681     
  1126.96        2500.00                 NaN            NaN   10.9598                 NaN            NaN            NaN            NaN            NaN   8.31812        46.3278       0.594804        33.7996     
  1125.79        2500.00                 NaN            NaN   2.56818        8.40624                 NaN            NaN            NaN            NaN   8.33058        46.3036       0.589325        33.8020     
  1124.63        2500.00                 NaN            NaN   10.9650                 NaN            NaN            NaN            NaN            NaN   8.32415        46.3150       0.593439        33.8023     
  1123.46        2500.00                 NaN            NaN   10.9582                 NaN            NaN            NaN            NaN            NaN   8.32035        46.3250       0.594948        33.8015     
  1122.30        2500.00                 NaN            NaN   6.81059        4.15492                 NaN            NaN            NaN            NaN   8.32205        46.3154       0.593321        33.8037     
  1121.14        2500.00                 NaN            NaN   10.9703                 NaN            NaN            NaN            NaN            NaN   8.33178        46.3008       0.591720        33.8054     
  1119.97        2500.00                 NaN            NaN   10.9787                 NaN            NaN            NaN            NaN            NaN   8.33731        46.2859       0.589854        33.8083     
  1118.81        2500.00                 NaN            NaN   6.76947        4.10651                 NaN            NaN            NaN            NaN   8.21989        46.5057       0.615644        33.7828     
  1117.64        2500.00                 NaN            NaN   6.76945        4.10857                 NaN            NaN            NaN            NaN   8.22214        46.5008       0.615114        33.7839     
  1116.48        2500.00                 NaN            NaN   3.41310        7.52740                 NaN            NaN            NaN            NaN   8.31408        46.3478       0.597097        33.8005     
  1115.31        2500.00                 NaN            NaN   6.78056        4.10131                 NaN            NaN            NaN            NaN   8.22878        46.4892       0.614041        33.7861     
  1114.15        2500.00                 NaN            NaN   6.78028        4.10370                 NaN            NaN            NaN            NaN   8.23028        46.4848       0.613562        33.7873     
  1112.98        2500.00                 NaN            NaN   6.77866        4.10735                 NaN            NaN            NaN            NaN   8.23254        46.4799       0.613025        33.7885     
  1111.82        2500.00                 NaN            NaN   6.76880        4.11948                 NaN            NaN            NaN            NaN   8.23335        46.4760       0.612441        33.7899     
  1110.65        2500.00                 NaN            NaN   3.97796        6.94926                 NaN            NaN            NaN            NaN   8.30735        46.3642       0.599944        33.8013     
  1109.49        2500.00                 NaN            NaN   3.97896        6.95109                 NaN            NaN            NaN            NaN   8.30876        46.3590       0.599391        33.8028     
  1108.32        2500.00                 NaN            NaN   3.84157        7.15705                 NaN            NaN            NaN            NaN   8.35951        46.2376       0.584163        33.8201     
  1107.16        2500.00                 NaN            NaN   4.68073        6.30643                 NaN            NaN            NaN            NaN   8.34704        46.2608       0.586792        33.8182     
  1105.99        2500.00                 NaN            NaN   6.84822        4.02189                 NaN            NaN            NaN            NaN   8.26519        46.4628       0.611107        33.7907     
  1104.83        2500.00                 NaN            NaN   11.0170                 NaN            NaN            NaN            NaN            NaN   8.37554        46.2009       0.579822        33.8268     
  1103.66        2500.00                 NaN            NaN   4.25236        6.69902                 NaN            NaN            NaN            NaN   8.32787        46.3156       0.593830        33.8113     
  1102.50        2500.00                 NaN            NaN   4.23270        6.72023                 NaN            NaN            NaN            NaN   8.32676        46.3135       0.594268        33.8126     
  1101.33        2500.00                 NaN            NaN   4.26025        6.69524                 NaN            NaN            NaN            NaN   8.32976        46.3075       0.593258        33.8140     
  1100.17        2500.00                 NaN            NaN   4.12820        6.80733                 NaN            NaN            NaN            NaN   8.32270        46.3348       0.597311        33.8096     
  1099.00        2500.00                 NaN            NaN   4.15949        6.78614                 NaN            NaN            NaN            NaN   8.32848        46.3128       0.596497        33.8166     
  1097.84        2500.00                 NaN            NaN   4.35129        6.60535                 NaN            NaN            NaN            NaN   8.33391        46.3002       0.592465        33.8168     
  1096.68        2500.00                 NaN            NaN   4.34771        6.61399                 NaN            NaN            NaN            NaN   8.33909        46.2904       0.590795        33.8180     
  1095.51        2500.00                 NaN            NaN   4.95744        6.01950                 NaN            NaN            NaN            NaN   8.29901        46.3147       0.585980        33.8234     
  1094.35        2500.00                 NaN            NaN   4.40298        6.56509                 NaN            NaN            NaN            NaN   8.34622        46.2754       0.589467        33.8208     
  1093.18        2500.00                 NaN            NaN   4.42886        6.53916                 NaN            NaN            NaN            NaN   8.34665        46.2749       0.589059        33.8214     
  1092.02        2500.00                 NaN            NaN   4.97649        6.01634                 NaN            NaN            NaN            NaN   8.30625        46.2860       0.583068        33.8318     
  1090.85        2500.00                 NaN            NaN   11.0375                 NaN            NaN            NaN            NaN            NaN   8.40438        46.1454       0.573564        33.8392     
  1089.69        2500.00                 NaN            NaN   5.05728        5.92110                 NaN            NaN            NaN            NaN   8.31899        46.2927       0.583578        33.8264     
  1088.52        2500.00                 NaN            NaN   5.23591        5.75907                 NaN            NaN            NaN            NaN   8.32044        46.2728       0.580339        33.8314     
  1087.36        2500.00                 NaN            NaN   5.32677        5.63691                 NaN            NaN            NaN            NaN   8.32355        46.3002       0.588301        33.8243     
  1086.19        2500.00                 NaN            NaN   5.52248        5.42956                 NaN            NaN            NaN            NaN   8.32940        46.3043       0.591672        33.8226     
  1085.03        2500.00                 NaN            NaN   6.22508        4.70391                 NaN            NaN            NaN            NaN   8.32141        46.3338       0.597773        33.8180     
  1083.86        2500.00                 NaN            NaN   6.29624        4.63854                 NaN            NaN            NaN            NaN   8.32524        46.3243       0.595802        33.8199     
  1082.70        2500.00                 NaN            NaN   6.30544        4.62711                 NaN            NaN            NaN            NaN   8.32833        46.3225       0.596087        33.8206     
  1081.53        2500.00                 NaN            NaN   6.34814        4.58530                 NaN            NaN            NaN            NaN   8.33028        46.3188       0.595746        33.8217     
  1080.37        2500.00                 NaN            NaN   6.20212        4.73498                 NaN            NaN            NaN            NaN   8.32669        46.3185       0.595149        33.8226     
  1079.20        2500.00                 NaN            NaN   6.25763        4.68122                 NaN            NaN            NaN            NaN   8.33489        46.3097       0.593466        33.8231     
  1078.04        2500.00                 NaN            NaN   6.24941        4.68849                 NaN            NaN            NaN            NaN   8.33505        46.3093       0.594043        33.8237     
  1076.87        2500.00                 NaN            NaN   6.22522        4.71560                 NaN            NaN            NaN            NaN   8.33574        46.3039       0.593605        33.8259     
  1075.71        2500.00                 NaN            NaN   6.17540        4.77252                 NaN            NaN            NaN            NaN   8.34030        46.2900       0.592658        33.8292     
  1074.54        2500.00                 NaN            NaN   6.21229        4.73599                 NaN            NaN            NaN            NaN   8.34362        46.2865       0.591852        33.8298     
  1073.38        2500.00                 NaN            NaN   4.10169        6.91519                 NaN            NaN            NaN            NaN   8.39610        46.1660       0.576335        33.8447     
  1072.22        2500.00                 NaN            NaN   4.04456        6.96256                 NaN            NaN            NaN            NaN   8.38988        46.1809       0.578832        33.8432     
  1071.05        2500.00                 NaN            NaN   4.00777        7.00273                 NaN            NaN            NaN            NaN   8.39295        46.1739       0.577968        33.8447     
  1069.89        2500.00                 NaN            NaN   4.03819        6.97439                 NaN            NaN            NaN            NaN   8.39526        46.1688       0.577421        33.8459     
  1068.72        2500.00                 NaN            NaN   4.02354        6.99198                 NaN            NaN            NaN            NaN   8.39834        46.1622       0.576675        33.8473     
  1067.56        2500.00                 NaN            NaN   3.96664        7.05257                 NaN            NaN            NaN            NaN   8.40195        46.1543       0.575723        33.8488     
  1066.39        2500.00                 NaN            NaN   4.14881        6.88337                 NaN            NaN            NaN            NaN   8.41153        46.1314       0.572399        33.8525     
  1065.23        2500.00                 NaN            NaN   4.12713        6.90844                 NaN            NaN            NaN            NaN   8.41447        46.1244       0.571550        33.8540     
  1064.06        2500.00                 NaN            NaN   4.13164        6.90662                 NaN            NaN            NaN            NaN   8.41690        46.1186       0.570863        33.8554     
  1062.90        2500.00                 NaN            NaN   4.15217        6.87441                 NaN            NaN            NaN            NaN   8.40895        46.1372       0.573825        33.8535     
  1061.73        2500.00                 NaN            NaN   4.14430        6.89880                 NaN            NaN            NaN            NaN   8.42322        46.1063       0.569555        33.8578     
  1060.57        2500.00                 NaN            NaN   4.16601        6.87966                 NaN            NaN            NaN            NaN   8.42421        46.1020       0.568933        33.8592     
  1059.40        2500.00                 NaN            NaN   4.24360        6.80331                 NaN            NaN            NaN            NaN   8.42550        46.0987       0.568610        33.8602     
  1058.24        2500.00                 NaN            NaN   5.19586        5.84424                 NaN            NaN            NaN            NaN   8.37966        46.1501       0.569113        33.8611     
  1057.07        2500.00                 NaN            NaN   4.29380        6.75774                 NaN            NaN            NaN            NaN   8.42996        46.0883       0.567428        33.8628     
  1055.91        2500.00                 NaN            NaN   5.21782        5.82660       0.368114E-005            NaN            NaN            NaN   8.38440        46.1398       0.567952        33.8635     
  1054.74        2500.00                 NaN            NaN   4.46026        6.57896                 NaN            NaN            NaN            NaN   8.42140        46.1072       0.570597        33.8616     
  1053.58        2500.00                 NaN            NaN   5.20984        5.84096                 NaN            NaN            NaN            NaN   8.38864        46.1281       0.566277        33.8662     
  1052.41        2500.00                 NaN            NaN   6.32656        4.66319                 NaN            NaN            NaN            NaN   8.38392        46.1934       0.581370        33.8516     
  1051.25        2500.00                 NaN            NaN   5.25275        5.80158                 NaN            NaN            NaN            NaN   8.39367        46.1180       0.565429        33.8686     
  1050.08        2500.00                 NaN            NaN   5.24475        5.81304                 NaN            NaN            NaN            NaN   8.39550        46.1122       0.564518        33.8699     
  1048.92        2500.00                 NaN            NaN   5.25590        5.80429                 NaN            NaN            NaN            NaN   8.39776        46.1069       0.563913        33.8712     
  1047.76        2500.00                 NaN            NaN   5.26906        5.79345                 NaN            NaN            NaN            NaN   8.40000        46.1017       0.563332        33.8725     
  1046.59        2500.00                 NaN            NaN   5.28256        5.78225                 NaN            NaN            NaN            NaN   8.40223        46.0964       0.562759        33.8738     
  1045.43        2500.00                 NaN            NaN   5.32530        5.74246                 NaN            NaN            NaN            NaN   8.40662        46.0888       0.561829        33.8750     
  1044.26        2500.00                 NaN            NaN   4.75152        3.39104        2.93551                 NaN            NaN            NaN   8.46002        46.0252       0.560166        33.8765     
  1043.10        2500.00                 NaN            NaN   5.32465        5.74713                 NaN            NaN            NaN            NaN   8.40884        46.0808       0.561014        33.8776     
  1041.93        2500.00                 NaN            NaN   5.33948        5.73463                 NaN            NaN            NaN            NaN   8.41101        46.0756       0.560435        33.8788     
  1040.77        2500.00                 NaN            NaN   1.55807        9.59344                 NaN            NaN            NaN            NaN   8.52087        45.8910       0.541969        33.8946     
  1039.60        2500.00                 NaN            NaN   5.36949        5.70918                 NaN            NaN            NaN            NaN   8.41532        46.0654       0.559273        33.8814     
  1038.44        2500.00                 NaN            NaN   7.46620        3.69933                 NaN            NaN            NaN            NaN   8.52788        45.8670       0.539579        33.9000     
  1037.27        2500.00                 NaN            NaN   2.10049        9.05653                 NaN            NaN            NaN            NaN   8.52592        45.8782       0.540634        33.8982     
  1036.11        2500.00                 NaN            NaN   2.21838        8.94022                 NaN            NaN            NaN            NaN   8.52739        45.8744       0.540252        33.8993     
  1034.94        2500.00                 NaN            NaN   2.24302        8.91847                 NaN            NaN            NaN            NaN   8.53006        45.8683       0.539504        33.9007     
  1033.78        2500.00                 NaN            NaN   2.26630        8.89808                 NaN            NaN            NaN            NaN   8.53273        45.8621       0.538755        33.9021     
  1032.61        2500.00                 NaN            NaN   2.29783        8.86952                 NaN            NaN            NaN            NaN   8.53540        45.8558       0.538003        33.9035     
  1031.45        2500.00                 NaN            NaN   6.82963        4.18494                 NaN            NaN            NaN            NaN   8.37087        46.1725       0.569993        33.8721     
  1030.28        2500.00                 NaN            NaN   6.82181        4.19375                 NaN            NaN            NaN            NaN   8.37273        46.1691       0.569678        33.8730     
  1029.12        2500.00                 NaN            NaN   6.81396        4.20258                 NaN            NaN            NaN            NaN   8.37458        46.1656       0.569363        33.8739     
  1027.95        2500.00                 NaN            NaN   6.80614        4.21139                 NaN            NaN            NaN            NaN   8.37646        46.1622       0.569042        33.8748     
  1026.79        2500.00                 NaN            NaN   6.79840        4.22012                 NaN            NaN            NaN            NaN   8.37832        46.1587       0.568723        33.8757     
  1025.62        2500.00                 NaN            NaN   6.79061        4.22891                 NaN            NaN            NaN            NaN   8.38018        46.1553       0.568405        33.8766     
  1024.46        2500.00                 NaN            NaN   6.78283        4.23768                 NaN            NaN            NaN            NaN   8.38204        46.1518       0.568086        33.8776     
  1023.30        2500.00                 NaN            NaN   6.77502        4.24646                 NaN            NaN            NaN            NaN   8.38388        46.1484       0.567772        33.8785     
  1022.13        2500.00                 NaN            NaN   6.76731        4.25516                 NaN            NaN            NaN            NaN   8.38573        46.1450       0.567452        33.8794     
  1020.97        2500.00                 NaN            NaN   6.75960        4.26386                 NaN            NaN            NaN            NaN   8.38757        46.1415       0.567134        33.8803     
  1019.80        2500.00                 NaN            NaN   6.75189        4.27256                 NaN            NaN            NaN            NaN   8.38941        46.1381       0.566817        33.8812     
  1018.64        2500.00                 NaN            NaN   6.74413        4.28131                 NaN            NaN            NaN            NaN   8.39125        46.1347       0.566499        33.8821     
  1017.47        2500.00                 NaN            NaN   6.73646        4.28996                 NaN            NaN            NaN            NaN   8.39307        46.1313       0.566179        33.8830     
  1016.31        2500.00                 NaN            NaN   6.72878        4.29862                 NaN            NaN            NaN            NaN   8.39490        46.1279       0.565864        33.8840     
  1015.14        2500.00                 NaN            NaN   6.72114        4.30726                 NaN            NaN            NaN            NaN   8.39673        46.1244       0.565544        33.8849     
  1013.98        2500.00                 NaN            NaN   6.71353        4.31586                 NaN            NaN            NaN            NaN   8.39855        46.1210       0.565226        33.8858     
  1012.81        2500.00                 NaN            NaN   6.70592        4.32445                 NaN            NaN            NaN            NaN   8.40037        46.1177       0.564907        33.8867     
  1011.65        2500.00                 NaN            NaN   6.69830        4.33306                 NaN            NaN            NaN            NaN   8.40219        46.1143       0.564588        33.8876     
  1010.48        2500.00                 NaN            NaN   6.69077        4.34159                 NaN            NaN            NaN            NaN   8.40400        46.1109       0.564269        33.8885     
  1009.32        2500.00                 NaN            NaN   6.68332        4.35002                 NaN            NaN            NaN            NaN   8.40580        46.1075       0.563949        33.8894     
  1008.15        2500.00                 NaN            NaN   6.67574        4.35859                 NaN            NaN            NaN            NaN   8.40761        46.1041       0.563630        33.8904     
  1006.99        2500.00                 NaN            NaN   6.66824        4.36708                 NaN            NaN            NaN            NaN   8.40941        46.1007       0.563311        33.8913     
  1005.82        2500.00                 NaN            NaN   6.66081        4.37551                 NaN            NaN            NaN            NaN   8.41121        46.0973       0.562991        33.8922     
  1004.66        2500.00                 NaN            NaN   6.65344        4.38388                 NaN            NaN            NaN            NaN   8.41301        46.0939       0.562670        33.8931     
  1003.49        2500.00                 NaN            NaN   6.64592        4.39237                 NaN            NaN            NaN            NaN   8.41478        46.0906       0.562354        33.8940     
  1002.33        2500.00                 NaN            NaN   6.63859        4.40071                 NaN            NaN            NaN            NaN   8.41658        46.0872       0.562030        33.8949     
  1001.16        2500.00                 NaN            NaN   6.63117        4.40911                 NaN            NaN            NaN            NaN   8.41836        46.0838       0.561713        33.8958     
