|6.6.6
Archiving\03_Data\Dfrac/QFM_m0.75/YM20/YM20_5.tab                       
           1
T(K)    
  0.000000000000000E+000
  0.000000000000000E+000
           0
          10
T(K)           P(bar)         pcr     usp     imt     ispTH     iherc     nmt     nsp     nherc    
  2000.00        2500.00                 NaN            NaN            NaN            NaN            NaN            NaN            NaN            NaN
  1997.49        2500.00                 NaN            NaN            NaN            NaN            NaN            NaN            NaN            NaN
  1994.99        2500.00                 NaN            NaN            NaN            NaN            NaN            NaN            NaN            NaN
  1992.48        2500.00                 NaN            NaN            NaN            NaN            NaN            NaN            NaN            NaN
  1989.97        2500.00                 NaN            NaN            NaN            NaN            NaN            NaN            NaN            NaN
  1987.47        2500.00                 NaN            NaN            NaN            NaN            NaN            NaN            NaN            NaN
  1984.96        2500.00                 NaN            NaN            NaN            NaN            NaN            NaN            NaN            NaN
  1982.46        2500.00                 NaN            NaN            NaN            NaN            NaN            NaN            NaN            NaN
  1979.95        2500.00                 NaN            NaN            NaN            NaN            NaN            NaN            NaN            NaN
  1977.44        2500.00                 NaN            NaN            NaN            NaN            NaN            NaN            NaN            NaN
  1974.94        2500.00                 NaN            NaN            NaN            NaN            NaN            NaN            NaN            NaN
  1972.43        2500.00                 NaN            NaN            NaN            NaN            NaN            NaN            NaN            NaN
  1969.92        2500.00                 NaN            NaN            NaN            NaN            NaN            NaN            NaN            NaN
  1967.42        2500.00                 NaN            NaN            NaN            NaN            NaN            NaN            NaN            NaN
  1964.91        2500.00                 NaN            NaN            NaN            NaN            NaN            NaN            NaN            NaN
  1962.41        2500.00                 NaN            NaN            NaN            NaN            NaN            NaN            NaN            NaN
  1959.90        2500.00                 NaN            NaN            NaN            NaN            NaN            NaN            NaN            NaN
  1957.39        2500.00                 NaN            NaN            NaN            NaN            NaN            NaN            NaN            NaN
  1954.89        2500.00                 NaN            NaN            NaN            NaN            NaN            NaN            NaN            NaN
  1952.38        2500.00                 NaN            NaN            NaN            NaN            NaN            NaN            NaN            NaN
  1949.87        2500.00                 NaN            NaN            NaN            NaN            NaN            NaN            NaN            NaN
  1947.37        2500.00                 NaN            NaN            NaN            NaN            NaN            NaN            NaN            NaN
  1944.86        2500.00                 NaN            NaN            NaN            NaN            NaN            NaN            NaN            NaN
  1942.36        2500.00                 NaN            NaN            NaN            NaN            NaN            NaN            NaN            NaN
  1939.85        2500.00                 NaN            NaN            NaN            NaN            NaN            NaN            NaN            NaN
  1937.34        2500.00                 NaN            NaN            NaN            NaN            NaN            NaN            NaN            NaN
  1934.84        2500.00                 NaN            NaN            NaN            NaN            NaN            NaN            NaN            NaN
  1932.33        2500.00                 NaN            NaN            NaN            NaN            NaN            NaN            NaN            NaN
  1929.82        2500.00                 NaN            NaN            NaN            NaN            NaN            NaN            NaN            NaN
  1927.32        2500.00                 NaN            NaN            NaN            NaN            NaN            NaN            NaN            NaN
  1924.81        2500.00                 NaN            NaN            NaN            NaN            NaN            NaN            NaN            NaN
  1922.31        2500.00                 NaN            NaN            NaN            NaN            NaN            NaN            NaN            NaN
  1919.80        2500.00                 NaN            NaN            NaN            NaN            NaN            NaN            NaN            NaN
  1917.29        2500.00       0.782125       0.762986E-004  0.226374       0.217839      -0.163323      -0.109488      -0.264986       0.311383     
  1914.79        2500.00       0.780801       0.829992E-004  0.226991       0.217893      -0.163212      -0.109745      -0.264928       0.312116     
  1912.28        2500.00       0.780279       0.789589E-004  0.226805       0.216993      -0.162252      -0.109634      -0.265531       0.313260     
  1909.77        2500.00       0.781251       0.819062E-004  0.226486       0.215383      -0.161052      -0.109479      -0.267698       0.315027     
  1907.27        2500.00       0.781260       0.776694E-004  0.225507       0.213615      -0.159248      -0.109000      -0.268745       0.316533     
  1904.76        2500.00       0.781030       0.756122E-004  0.225294       0.212128      -0.157819      -0.108865      -0.270313       0.318470     
  1902.26        2500.00       0.780998       0.724174E-004  0.224202       0.210147      -0.155776      -0.108328      -0.271512       0.320197     
  1899.75        2500.00       0.780921       0.819879E-004  0.224028       0.208840      -0.154577      -0.108221      -0.272941       0.321868     
  1897.24        2500.00       0.781774       0.796387E-004  0.223643       0.207015      -0.153113      -0.108028      -0.275303       0.323933     
  1894.74        2500.00       0.781727       0.834445E-004  0.223873       0.206494      -0.152756      -0.108127      -0.276123       0.324828     
  1892.23        2500.00       0.781995       0.752608E-004  0.222702       0.203618      -0.149937      -0.107534      -0.278701       0.327782     
  1889.72        2500.00       0.781868       0.745073E-004  0.221743       0.201978      -0.148221      -0.107065      -0.279553       0.329176     
  1887.22        2500.00       0.781803       0.606036E-004  0.221162       0.200066      -0.146349      -0.106758      -0.281335       0.331349     
  1884.71        2500.00       0.782883       0.592870E-004  0.219939       0.197827      -0.144367      -0.106183      -0.283361       0.333202     
  1882.21        2500.00       0.781869       0.844893E-004  0.219942       0.197165      -0.143541      -0.106151      -0.283596       0.334227     
  1879.70        2500.00       0.781456       0.711027E-004  0.219809       0.195266      -0.141678      -0.106036      -0.285765       0.336875     
  1877.19        2500.00       0.782050       0.674760E-004  0.218308       0.193418      -0.139858      -0.105336      -0.286632       0.337984     
  1874.69        2500.00       0.781840       0.772689E-004  0.218164       0.191744      -0.138274      -0.105228      -0.288577       0.340254     
  1872.18        2500.00       0.782467       0.783831E-004  0.217940       0.190094      -0.136938      -0.105106      -0.290829       0.342294     
  1869.67        2500.00       0.782249       0.764501E-004  0.217835       0.188446      -0.135379      -0.105016      -0.292773       0.344561     
  1867.17        2500.00       0.783209       0.757041E-004  0.217463       0.186508      -0.133832      -0.104827      -0.295451       0.346854     
  1864.66        2500.00       0.782798       0.713892E-004  0.216040       0.184660      -0.131735      -0.104138      -0.295937       0.348240     
  1862.16        2500.00       0.783674       0.706896E-004  0.214900       0.182949      -0.130211      -0.103612      -0.297300       0.349529     
  1859.65        2500.00       0.782384       0.633040E-004  0.214920       0.181572      -0.128620      -0.103559      -0.298412       0.351653     
  1857.14        2500.00       0.782696       0.714972E-004  0.214553       0.179771      -0.127015      -0.103360      -0.300574       0.353858     
  1854.64        2500.00       0.783655       0.658253E-004  0.214453       0.177882      -0.125566      -0.103294      -0.303563       0.356367     
  1852.13        2500.00       0.781933       0.607422E-004  0.212727       0.176484      -0.123459      -0.102451      -0.302309       0.357015     
  1849.62        2500.00       0.783607       0.724573E-004  0.213096       0.174560      -0.122287      -0.102611      -0.306359       0.359923     
  1847.12        2500.00       0.782819       0.667234E-004  0.212384       0.172954      -0.120471      -0.102237      -0.307199       0.361683     
  1844.61        2500.00       0.784949       0.795429E-004  0.214882       0.169566      -0.118469      -0.103308      -0.316225       0.368525     
  1842.11        2500.00       0.782520       0.500130E-004  0.211342       0.169013      -0.116587      -0.101668      -0.311184       0.366514     
  1839.60        2500.00       0.782341       0.718778E-004  0.209098       0.167664      -0.114885      -0.100635      -0.310202       0.366548     
  1837.09        2500.00       0.781967       0.642927E-004  0.210051       0.166296      -0.113765      -0.101021      -0.312932       0.369339     
  1834.59        2500.00       0.783638       0.695675E-004  0.209474       0.164225      -0.112240      -0.100754      -0.316139       0.371727     
  1832.08        2500.00       0.782828       0.651170E-004  0.208678       0.162900      -0.110675      -0.100351      -0.316483       0.373037     
  1829.57        2500.00       0.782308       0.651307E-004  0.208133       0.160831      -0.108531      -0.100043      -0.318424       0.375661     
  1827.07        2500.00       0.782838       0.677164E-004  0.207980       0.159116      -0.107107      -0.999468E-001 -0.320936       0.377988     
  1824.56        2500.00       0.782318       0.674813E-004  0.207472       0.157528      -0.105434      -0.996707E-001 -0.322207       0.379926     
  1822.06        2500.00       0.783153       0.665700E-004  0.206634       0.155953      -0.104089      -0.992825E-001 -0.323929       0.381494     
  1819.55        2500.00       0.782928       0.729450E-004  0.206933       0.154297      -0.102598      -0.993698E-001 -0.326428       0.384165     
  1817.04        2500.00       0.782638       0.666882E-004  0.205388       0.152515      -0.100594      -0.986325E-001 -0.326984       0.385602     
  1814.54        2500.00       0.782460       0.635560E-004  0.204905       0.151033      -0.991252E-001 -0.983790E-001 -0.328368       0.387410     
  1812.03        2500.00       0.782914       0.669373E-004  0.204735       0.149346      -0.976985E-001 -0.982739E-001 -0.330836       0.389746     
  1809.52        2500.00       0.780946       0.604600E-004  0.203967       0.147202      -0.950356E-001 -0.978270E-001 -0.331792       0.392478     
  1807.02        2500.00       0.782740       0.726884E-004  0.203502       0.146112      -0.945016E-001 -0.976445E-001 -0.333894       0.393613     
  1804.51        2500.00       0.782958       0.705856E-004  0.201473       0.144106      -0.923344E-001 -0.966976E-001 -0.334674       0.395099     
  1802.01        2500.00       0.783864       0.607653E-004  0.202949       0.142546      -0.914719E-001 -0.973377E-001 -0.339105       0.398495     
  1799.50        2500.00       0.782699       0.683616E-004  0.201765       0.140981      -0.895162E-001 -0.967456E-001 -0.339275       0.400023     
  1796.99        2500.00       0.776482       0.145087E-004  0.198016       0.141451      -0.876395E-001 -0.949574E-001 -0.330068       0.396701     
  1794.49        2500.00       0.782560       0.659258E-004  0.200207       0.137728      -0.862482E-001 -0.959714E-001 -0.342159       0.403817     
  1791.98        2500.00       0.781683       0.642109E-004  0.199720       0.136217      -0.845604E-001 -0.956969E-001 -0.343223       0.405796     
  1789.47        2500.00       0.782279       0.649172E-004  0.199184       0.134609      -0.831746E-001 -0.954345E-001 -0.345377       0.407849     
  1786.97        2500.00       0.782787       0.694693E-004  0.198637       0.132980      -0.817434E-001 -0.951641E-001 -0.347512       0.409946     
  1784.46        2500.00       0.782736       0.673336E-004  0.197935       0.131113      -0.798960E-001 -0.948032E-001 -0.349508       0.412357     
  1781.95        2500.00       0.782203       0.625827E-004  0.197352       0.129905      -0.785801E-001 -0.945049E-001 -0.350254       0.413816     
  1779.45        2500.00       0.782031       0.748914E-004  0.196622       0.128338      -0.769913E-001 -0.941381E-001 -0.351688       0.415752     
  1776.94        2500.00       0.781744       0.714845E-004  0.196230       0.126669      -0.753323E-001 -0.939146E-001 -0.353576       0.418108     
  1774.44        2500.00       0.781001       0.698125E-004  0.195333       0.125274      -0.737227E-001 -0.934654E-001 -0.354187       0.419698     
  1771.93        2500.00       0.782369       0.662375E-004  0.194921       0.123250      -0.721601E-001 -0.932623E-001 -0.357809       0.422625     
  1769.42        2500.00       0.781170       0.616247E-004  0.194328       0.122105      -0.707280E-001 -0.929445E-001 -0.358038       0.424046     
  1766.92        2500.00       0.781239       0.668338E-004  0.194216       0.120419      -0.692025E-001 -0.928520E-001 -0.360553       0.426667     
  1764.41        2500.00       0.780975       0.677682E-004  0.193440       0.119160      -0.678792E-001 -0.924728E-001 -0.361454       0.428164     
  1761.90        2500.00       0.782056       0.602381E-004  0.192855       0.117536      -0.665931E-001 -0.921991E-001 -0.364114       0.430399     
  1759.40        2500.00       0.780387       0.677713E-004  0.192063       0.116509      -0.651231E-001 -0.917851E-001 -0.363652       0.431533     
  1756.89        2500.00       0.780817       0.677659E-004  0.192347       0.114841      -0.637478E-001 -0.918728E-001 -0.366915       0.434463     
  1754.39        2500.00       0.780949       0.729944E-004  0.191515       0.113299      -0.622800E-001 -0.914722E-001 -0.368518       0.436433     
  1751.88        2500.00       0.780074       0.824251E-004  0.189637       0.111828      -0.603968E-001 -0.905837E-001 -0.368315       0.437674     
  1749.37        2500.00       0.780053       0.667934E-004  0.190138       0.110352      -0.591552E-001 -0.907652E-001 -0.371131       0.440441     
  1746.87        2500.00       0.782286       0.692589E-004  0.190651       0.106651      -0.563365E-001 -0.909295E-001 -0.379483       0.447093     
  1744.36        2500.00       0.779829       0.628371E-004  0.188524       0.107534      -0.562943E-001 -0.899750E-001 -0.373836       0.444155     
  1741.85        2500.00       0.780009       0.646620E-004  0.188295       0.106059      -0.549790E-001 -0.898392E-001 -0.376120       0.446511     
  1739.35        2500.00       0.777028       0.626531E-004  0.186390       0.105112      -0.530646E-001 -0.889047E-001 -0.373534       0.446911     
  1736.84        2500.00       0.779283       0.733818E-004  0.187530       0.103706      -0.525973E-001 -0.894257E-001 -0.378584       0.450015     
  1734.34        2500.00       0.777989       0.716823E-004  0.186432       0.102195      -0.507134E-001 -0.888684E-001 -0.379053       0.451947     
  1731.83        2500.00       0.777680       0.713821E-004  0.186058       0.100993      -0.495144E-001 -0.886655E-001 -0.380410       0.453787     
  1729.32        2500.00       0.778402       0.643707E-004  0.184689       0.996284E-001 -0.482464E-001 -0.880454E-001 -0.381865       0.455373     
  1726.82        2500.00       0.779688       0.646502E-005  0.189834       0.983798E-001 -0.483475E-001 -0.903014E-001 -0.389781       0.460522     
  1724.31        2500.00       0.776911       0.836872E-004  0.189526       0.965146E-001 -0.458924E-001 -0.900326E-001 -0.390625       0.463515     
  1721.80        2500.00                 NaN            NaN            NaN            NaN            NaN            NaN            NaN            NaN
  1719.30        2500.00       0.776861       0.707769E-004  0.182076       0.936698E-001 -0.420593E-001 -0.866912E-001 -0.388384       0.464458     
  1716.79        2500.00       0.772384       0.227628E-004  0.180815       0.902430E-001 -0.374610E-001 -0.859092E-001 -0.390109       0.470014     
  1714.29        2500.00                 NaN            NaN            NaN            NaN            NaN            NaN            NaN            NaN
  1711.78        2500.00                 NaN            NaN            NaN            NaN            NaN            NaN            NaN            NaN
  1709.27        2500.00                 NaN            NaN            NaN            NaN            NaN            NaN            NaN            NaN
  1706.77        2500.00       0.772883       0.703871E-004  0.179096       0.887043E-001 -0.363107E-001 -0.851604E-001 -0.390959       0.471677     
  1704.26        2500.00       0.772190       0.876806E-004  0.178740       0.873776E-001 -0.349076E-001 -0.849490E-001 -0.392467       0.473928     
  1701.75        2500.00       0.772190       0.744301E-004  0.178281       0.867875E-001 -0.343769E-001 -0.847378E-001 -0.392964       0.474746     
  1699.25        2500.00       0.774730       0.103926E-003  0.177881       0.852107E-001 -0.335289E-001 -0.845793E-001 -0.397424       0.477606     
  1696.74        2500.00       0.771820       0.752214E-004  0.177229       0.841422E-001 -0.317680E-001 -0.841914E-001 -0.396494       0.479187     
  1694.24        2500.00       0.771410       0.806378E-004  0.176514       0.832392E-001 -0.307919E-001 -0.838456E-001 -0.397106       0.480499     
  1691.73        2500.00       0.769605       0.730050E-004  0.175353       0.819776E-001 -0.290433E-001 -0.832559E-001 -0.396971       0.482261     
  1689.22        2500.00       0.769709       0.767717E-004  0.175394       0.810702E-001 -0.283148E-001 -0.832526E-001 -0.398707       0.484025     
  1686.72        2500.00       0.769250       0.694508E-004  0.174513       0.799255E-001 -0.270614E-001 -0.828238E-001 -0.399664       0.485791     
  1684.21        2500.00       0.768568       0.785747E-004  0.173799       0.789548E-001 -0.259570E-001 -0.824684E-001 -0.400266       0.487292     
  1681.70        2500.00       0.768885       0.810218E-004  0.173542       0.778856E-001 -0.250730E-001 -0.823341E-001 -0.402277       0.489289     
  1679.20        2500.00       0.767076       0.786879E-004  0.171522       0.768990E-001 -0.234666E-001 -0.813797E-001 -0.400882       0.490153     
  1676.69        2500.00       0.766111       0.849702E-004  0.171278       0.761644E-001 -0.226066E-001 -0.812316E-001 -0.401237       0.491436     
  1674.19        2500.00       0.766750       0.807846E-004  0.171527       0.749133E-001 -0.217007E-001 -0.813177E-001 -0.404390       0.494138     
  1671.68        2500.00       0.764926       0.831573E-004  0.170164       0.741000E-001 -0.203764E-001 -0.806566E-001 -0.403257       0.495017     
  1669.17        2500.00       0.764551       0.820908E-004  0.169621       0.730917E-001 -0.193408E-001 -0.803815E-001 -0.404426       0.496803     
  1666.67        2500.00       0.764613       0.823602E-004  0.169023       0.723102E-001 -0.186270E-001 -0.801028E-001 -0.405413       0.498114     
  1664.16        2500.00       0.763375       0.886872E-004  0.168330       0.717125E-001 -0.177707E-001 -0.797570E-001 -0.404903       0.498924     
  1661.65        2500.00       0.759886       0.126209E-003  0.167520       0.712364E-001 -0.164899E-001 -0.793076E-001 -0.402260       0.499289     
  1659.15        2500.00       0.760517       0.894751E-004  0.166609       0.699682E-001 -0.153735E-001 -0.788874E-001 -0.404515       0.501592     
  1656.64        2500.00       0.760877       0.869776E-004  0.166690       0.681208E-001 -0.137822E-001 -0.788668E-001 -0.408787       0.505661     
  1654.14        2500.00       0.759412       0.673438E-004  0.165179       0.679483E-001 -0.131665E-001 -0.781778E-001 -0.406448       0.505185     
  1651.63        2500.00       0.758625       0.827293E-004  0.164756       0.671682E-001 -0.122891E-001 -0.779524E-001 -0.406999       0.506609     
  1649.12        2500.00                 NaN            NaN            NaN            NaN            NaN            NaN            NaN            NaN
  1646.62        2500.00                 NaN            NaN            NaN            NaN            NaN            NaN            NaN            NaN
  1644.11        2500.00                 NaN            NaN            NaN            NaN            NaN            NaN            NaN            NaN
  1641.60        2500.00                 NaN            NaN            NaN            NaN            NaN            NaN            NaN            NaN
  1639.10        2500.00                 NaN            NaN            NaN            NaN            NaN            NaN            NaN            NaN
  1636.59        2500.00                 NaN            NaN            NaN            NaN            NaN            NaN            NaN            NaN
  1634.09        2500.00                 NaN            NaN            NaN            NaN            NaN            NaN            NaN            NaN
  1631.58        2500.00                 NaN            NaN            NaN            NaN            NaN            NaN            NaN            NaN
  1629.07        2500.00                 NaN            NaN            NaN            NaN            NaN            NaN            NaN            NaN
  1626.57        2500.00                 NaN            NaN            NaN            NaN            NaN            NaN            NaN            NaN
  1624.06        2500.00                 NaN            NaN            NaN            NaN            NaN            NaN            NaN            NaN
  1621.55        2500.00                 NaN            NaN            NaN            NaN            NaN            NaN            NaN            NaN
  1619.05        2500.00                 NaN            NaN            NaN            NaN            NaN            NaN            NaN            NaN
  1616.54        2500.00                 NaN            NaN            NaN            NaN            NaN            NaN            NaN            NaN
  1614.04        2500.00                 NaN            NaN            NaN            NaN            NaN            NaN            NaN            NaN
  1611.53        2500.00                 NaN            NaN            NaN            NaN            NaN            NaN            NaN            NaN
  1609.02        2500.00                 NaN            NaN            NaN            NaN            NaN            NaN            NaN            NaN
  1606.52        2500.00                 NaN            NaN            NaN            NaN            NaN            NaN            NaN            NaN
  1604.01        2500.00                 NaN            NaN            NaN            NaN            NaN            NaN            NaN            NaN
  1601.50        2500.00                 NaN            NaN            NaN            NaN            NaN            NaN            NaN            NaN
  1599.00        2500.00                 NaN            NaN            NaN            NaN            NaN            NaN            NaN            NaN
  1596.49        2500.00                 NaN            NaN            NaN            NaN            NaN            NaN            NaN            NaN
  1593.98        2500.00                 NaN            NaN            NaN            NaN            NaN            NaN            NaN            NaN
  1591.48        2500.00                 NaN            NaN            NaN            NaN            NaN            NaN            NaN            NaN
  1588.97        2500.00                 NaN            NaN            NaN            NaN            NaN            NaN            NaN            NaN
  1586.47        2500.00                 NaN            NaN            NaN            NaN            NaN            NaN            NaN            NaN
  1583.96        2500.00                 NaN            NaN            NaN            NaN            NaN            NaN            NaN            NaN
  1581.45        2500.00                 NaN            NaN            NaN            NaN            NaN            NaN            NaN            NaN
  1578.95        2500.00                 NaN            NaN            NaN            NaN            NaN            NaN            NaN            NaN
  1576.44        2500.00                 NaN            NaN            NaN            NaN            NaN            NaN            NaN            NaN
  1573.93        2500.00                 NaN            NaN            NaN            NaN            NaN            NaN            NaN            NaN
  1571.43        2500.00                 NaN            NaN            NaN            NaN            NaN            NaN            NaN            NaN
  1568.92        2500.00                 NaN            NaN            NaN            NaN            NaN            NaN            NaN            NaN
  1566.42        2500.00                 NaN            NaN            NaN            NaN            NaN            NaN            NaN            NaN
  1563.91        2500.00                 NaN            NaN            NaN            NaN            NaN            NaN            NaN            NaN
  1561.40        2500.00                 NaN            NaN            NaN            NaN            NaN            NaN            NaN            NaN
  1558.90        2500.00                 NaN            NaN            NaN            NaN            NaN            NaN            NaN            NaN
  1556.39        2500.00                 NaN            NaN            NaN            NaN            NaN            NaN            NaN            NaN
  1553.88        2500.00                 NaN            NaN            NaN            NaN            NaN            NaN            NaN            NaN
  1551.38        2500.00                 NaN            NaN            NaN            NaN            NaN            NaN            NaN            NaN
  1548.87        2500.00                 NaN            NaN            NaN            NaN            NaN            NaN            NaN            NaN
  1546.37        2500.00                 NaN            NaN            NaN            NaN            NaN            NaN            NaN            NaN
  1543.86        2500.00                 NaN            NaN            NaN            NaN            NaN            NaN            NaN            NaN
  1541.35        2500.00                 NaN            NaN            NaN            NaN            NaN            NaN            NaN            NaN
  1538.85        2500.00                 NaN            NaN            NaN            NaN            NaN            NaN            NaN            NaN
  1536.34        2500.00                 NaN            NaN            NaN            NaN            NaN            NaN            NaN            NaN
  1533.83        2500.00                 NaN            NaN            NaN            NaN            NaN            NaN            NaN            NaN
  1531.33        2500.00                 NaN            NaN            NaN            NaN            NaN            NaN            NaN            NaN
  1528.82        2500.00                 NaN            NaN            NaN            NaN            NaN            NaN            NaN            NaN
  1526.32        2500.00                 NaN            NaN            NaN            NaN            NaN            NaN            NaN            NaN
  1523.81        2500.00                 NaN            NaN            NaN            NaN            NaN            NaN            NaN            NaN
  1521.30        2500.00                 NaN            NaN            NaN            NaN            NaN            NaN            NaN            NaN
  1518.80        2500.00                 NaN            NaN            NaN            NaN            NaN            NaN            NaN            NaN
  1516.29        2500.00                 NaN            NaN            NaN            NaN            NaN            NaN            NaN            NaN
  1513.78        2500.00                 NaN            NaN            NaN            NaN            NaN            NaN            NaN            NaN
  1511.28        2500.00                 NaN            NaN            NaN            NaN            NaN            NaN            NaN            NaN
  1508.77        2500.00                 NaN            NaN            NaN            NaN            NaN            NaN            NaN            NaN
  1506.27        2500.00                 NaN            NaN            NaN            NaN            NaN            NaN            NaN            NaN
  1503.76        2500.00                 NaN            NaN            NaN            NaN            NaN            NaN            NaN            NaN
  1501.25        2500.00                 NaN            NaN            NaN            NaN            NaN            NaN            NaN            NaN
  1498.75        2500.00                 NaN            NaN            NaN            NaN            NaN            NaN            NaN            NaN
  1496.24        2500.00                 NaN            NaN            NaN            NaN            NaN            NaN            NaN            NaN
  1493.73        2500.00                 NaN            NaN            NaN            NaN            NaN            NaN            NaN            NaN
  1491.23        2500.00                 NaN            NaN            NaN            NaN            NaN            NaN            NaN            NaN
  1488.72        2500.00                 NaN            NaN            NaN            NaN            NaN            NaN            NaN            NaN
  1486.22        2500.00                 NaN            NaN            NaN            NaN            NaN            NaN            NaN            NaN
  1483.71        2500.00                 NaN            NaN            NaN            NaN            NaN            NaN            NaN            NaN
  1481.20        2500.00                 NaN            NaN            NaN            NaN            NaN            NaN            NaN            NaN
  1478.70        2500.00                 NaN            NaN            NaN            NaN            NaN            NaN            NaN            NaN
  1476.19        2500.00                 NaN            NaN            NaN            NaN            NaN            NaN            NaN            NaN
  1473.68        2500.00                 NaN            NaN            NaN            NaN            NaN            NaN            NaN            NaN
  1471.18        2500.00                 NaN            NaN            NaN            NaN            NaN            NaN            NaN            NaN
  1468.67        2500.00                 NaN            NaN            NaN            NaN            NaN            NaN            NaN            NaN
  1466.17        2500.00                 NaN            NaN            NaN            NaN            NaN            NaN            NaN            NaN
  1463.66        2500.00                 NaN            NaN            NaN            NaN            NaN            NaN            NaN            NaN
  1461.15        2500.00                 NaN            NaN            NaN            NaN            NaN            NaN            NaN            NaN
  1458.65        2500.00                 NaN            NaN            NaN            NaN            NaN            NaN            NaN            NaN
  1456.14        2500.00                 NaN            NaN            NaN            NaN            NaN            NaN            NaN            NaN
  1453.63        2500.00                 NaN            NaN            NaN            NaN            NaN            NaN            NaN            NaN
  1451.13        2500.00                 NaN            NaN            NaN            NaN            NaN            NaN            NaN            NaN
  1448.62        2500.00                 NaN            NaN            NaN            NaN            NaN            NaN            NaN            NaN
  1446.12        2500.00                 NaN            NaN            NaN            NaN            NaN            NaN            NaN            NaN
  1443.61        2500.00                 NaN            NaN            NaN            NaN            NaN            NaN            NaN            NaN
  1441.10        2500.00                 NaN            NaN            NaN            NaN            NaN            NaN            NaN            NaN
  1438.60        2500.00                 NaN            NaN            NaN            NaN            NaN            NaN            NaN            NaN
  1436.09        2500.00                 NaN            NaN            NaN            NaN            NaN            NaN            NaN            NaN
  1433.58        2500.00                 NaN            NaN            NaN            NaN            NaN            NaN            NaN            NaN
  1431.08        2500.00                 NaN            NaN            NaN            NaN            NaN            NaN            NaN            NaN
  1428.57        2500.00                 NaN            NaN            NaN            NaN            NaN            NaN            NaN            NaN
  1426.07        2500.00                 NaN            NaN            NaN            NaN            NaN            NaN            NaN            NaN
  1423.56        2500.00                 NaN            NaN            NaN            NaN            NaN            NaN            NaN            NaN
  1421.05        2500.00                 NaN            NaN            NaN            NaN            NaN            NaN            NaN            NaN
  1418.55        2500.00                 NaN            NaN            NaN            NaN            NaN            NaN            NaN            NaN
  1416.04        2500.00                 NaN            NaN            NaN            NaN            NaN            NaN            NaN            NaN
  1413.53        2500.00                 NaN            NaN            NaN            NaN            NaN            NaN            NaN            NaN
  1411.03        2500.00                 NaN            NaN            NaN            NaN            NaN            NaN            NaN            NaN
  1408.52        2500.00                 NaN            NaN            NaN            NaN            NaN            NaN            NaN            NaN
  1406.02        2500.00                 NaN            NaN            NaN            NaN            NaN            NaN            NaN            NaN
  1403.51        2500.00                 NaN            NaN            NaN            NaN            NaN            NaN            NaN            NaN
  1401.00        2500.00                 NaN            NaN            NaN            NaN            NaN            NaN            NaN            NaN
  1398.50        2500.00                 NaN            NaN            NaN            NaN            NaN            NaN            NaN            NaN
  1395.99        2500.00                 NaN            NaN            NaN            NaN            NaN            NaN            NaN            NaN
  1393.48        2500.00                 NaN            NaN            NaN            NaN            NaN            NaN            NaN            NaN
  1390.98        2500.00                 NaN            NaN            NaN            NaN            NaN            NaN            NaN            NaN
  1388.47        2500.00                 NaN            NaN            NaN            NaN            NaN            NaN            NaN            NaN
  1385.96        2500.00                 NaN            NaN            NaN            NaN            NaN            NaN            NaN            NaN
  1383.46        2500.00                 NaN            NaN            NaN            NaN            NaN            NaN            NaN            NaN
  1380.95        2500.00                 NaN            NaN            NaN            NaN            NaN            NaN            NaN            NaN
  1378.45        2500.00                 NaN            NaN            NaN            NaN            NaN            NaN            NaN            NaN
  1375.94        2500.00                 NaN            NaN            NaN            NaN            NaN            NaN            NaN            NaN
  1373.43        2500.00                 NaN            NaN            NaN            NaN            NaN            NaN            NaN            NaN
  1370.93        2500.00                 NaN            NaN            NaN            NaN            NaN            NaN            NaN            NaN
  1368.42        2500.00                 NaN            NaN            NaN            NaN            NaN            NaN            NaN            NaN
  1365.91        2500.00                 NaN            NaN            NaN            NaN            NaN            NaN            NaN            NaN
  1363.41        2500.00                 NaN            NaN            NaN            NaN            NaN            NaN            NaN            NaN
  1360.90        2500.00                 NaN            NaN            NaN            NaN            NaN            NaN            NaN            NaN
  1358.40        2500.00                 NaN            NaN            NaN            NaN            NaN            NaN            NaN            NaN
  1355.89        2500.00                 NaN            NaN            NaN            NaN            NaN            NaN            NaN            NaN
  1353.38        2500.00                 NaN            NaN            NaN            NaN            NaN            NaN            NaN            NaN
  1350.88        2500.00                 NaN            NaN            NaN            NaN            NaN            NaN            NaN            NaN
  1348.37        2500.00                 NaN            NaN            NaN            NaN            NaN            NaN            NaN            NaN
  1345.86        2500.00                 NaN            NaN            NaN            NaN            NaN            NaN            NaN            NaN
  1343.36        2500.00                 NaN            NaN            NaN            NaN            NaN            NaN            NaN            NaN
  1340.85        2500.00                 NaN            NaN            NaN            NaN            NaN            NaN            NaN            NaN
  1338.35        2500.00                 NaN            NaN            NaN            NaN            NaN            NaN            NaN            NaN
  1335.84        2500.00                 NaN            NaN            NaN            NaN            NaN            NaN            NaN            NaN
  1333.33        2500.00                 NaN            NaN            NaN            NaN            NaN            NaN            NaN            NaN
  1330.83        2500.00                 NaN            NaN            NaN            NaN            NaN            NaN            NaN            NaN
  1328.32        2500.00                 NaN            NaN            NaN            NaN            NaN            NaN            NaN            NaN
  1325.81        2500.00                 NaN            NaN            NaN            NaN            NaN            NaN            NaN            NaN
  1323.31        2500.00                 NaN            NaN            NaN            NaN            NaN            NaN            NaN            NaN
  1320.80        2500.00       0.308499E-003  0.563194       0.257282       0.239519E-002  0.806274E-001  0.105310       0.575030E-001 -0.666209E-001
  1318.30        2500.00       0.225019E-003  0.558748       0.259241       0.226769E-002  0.812925E-001  0.107614       0.562579E-001 -0.656468E-001
  1315.79        2500.00       0.150821E-003  0.555141       0.260784       0.212114E-002  0.817722E-001  0.109725       0.547419E-001 -0.644363E-001
  1313.28        2500.00       0.152175E-003  0.549856       0.263122       0.200996E-002  0.825808E-001  0.112236       0.534871E-001 -0.634439E-001
  1310.78        2500.00       0.967510E-004  0.546294       0.264596       0.190013E-002  0.830930E-001  0.114217       0.522759E-001 -0.624717E-001
  1308.27        2500.00       0.105580E-003  0.543048       0.265860       0.179817E-002  0.835573E-001  0.116029       0.510542E-001 -0.614524E-001
  1305.76        2500.00       0.890129E-004  0.539014       0.267543       0.170010E-002  0.841549E-001  0.118132       0.498574E-001 -0.604898E-001
  1303.26        2500.00       0.622300E-004  0.534049       0.269727       0.159619E-002  0.848869E-001  0.120608       0.485371E-001 -0.594657E-001
  1300.75        2500.00       0.589457E-004  0.529018       0.271920       0.150048E-002  0.856399E-001  0.123073       0.472528E-001 -0.584638E-001
  1298.25        2500.00       0.489766E-004  0.524089       0.274045       0.141664E-002  0.863978E-001  0.125472       0.460984E-001 -0.575681E-001
  1295.74        2500.00       0.411640E-004  0.519062       0.276213       0.133622E-002  0.871753E-001  0.127906       0.449485E-001 -0.566809E-001
  1293.23        2500.00       0.460322E-004  0.513802       0.278502       0.125272E-002  0.879749E-001  0.130446       0.436900E-001 -0.557134E-001
  1290.73        2500.00       0.175693E-004  0.507019       0.281846       0.109291E-002  0.887381E-001  0.133976       0.411116E-001 -0.538009E-001
  1288.22        2500.00       0.654271E-005  0.504818       0.283463       0.802605E-003  0.879421E-001  0.136813       0.357381E-001 -0.495837E-001
  1285.71        2500.00       0.378473E-005  0.504684       0.283866       0.595795E-003  0.868828E-001  0.138671       0.311871E-001 -0.458901E-001
  1283.21        2500.00       0.120514E-005  0.509190       0.281648       0.450099E-003  0.851502E-001  0.138743       0.274331E-001 -0.426166E-001
  1280.70        2500.00       0.206507E-009  0.513226       0.279552       0.338079E-003  0.835612E-001  0.138891       0.240397E-001 -0.396080E-001
  1278.20        2500.00       0.203676E-009  0.515524       0.279132       0.276198E-003  0.819794E-001  0.139096       0.219011E-001 -0.379091E-001
  1275.69        2500.00        0.00000       0.536071       0.266901       0.195815E-003  0.781735E-001  0.134039       0.186849E-001 -0.340648E-001
  1273.18        2500.00       0.346086E-009  0.547524       0.260300       0.151935E-003  0.756832E-001  0.131473       0.166039E-001 -0.317360E-001
  1270.68        2500.00        0.00000       0.546449       0.260568       0.110498E-003  0.752459E-001  0.133054       0.142698E-001 -0.296969E-001
  1268.17        2500.00        0.00000       0.523821       0.272711       0.131603E-003  0.793122E-001  0.140238       0.155155E-001 -0.317292E-001
  1265.66        2500.00       0.113795E-007  0.578624       0.242187       0.662074E-004  0.688815E-001  0.124603       0.112106E-001 -0.255719E-001
  1263.16        2500.00        0.00000       0.582165       0.239867       0.472061E-004  0.677791E-001  0.124497       0.952790E-002 -0.238829E-001
  1260.65        2500.00        0.00000       0.595594       0.231889       0.379744E-004  0.653997E-001  0.120885       0.858673E-002 -0.223925E-001
  1258.15        2500.00        0.00000       0.600281       0.227776       0.307114E-004  0.652376E-001  0.120074       0.774898E-002 -0.211474E-001
  1255.64        2500.00        0.00000       0.634157       0.210018       0.326202E-004  0.589382E-001  0.109055       0.799612E-002 -0.201974E-001
  1253.13        2500.00        0.00000       0.631028       0.211433       0.260692E-004  0.590369E-001  0.110860       0.718050E-002 -0.195644E-001
  1250.63        2500.00        0.00000       0.627247       0.212738       0.103214E-004  0.591061E-001  0.113564       0.455596E-002 -0.172216E-001
  1248.12        2500.00                 NaN            NaN            NaN            NaN            NaN            NaN            NaN            NaN
  1245.61        2500.00                 NaN            NaN            NaN            NaN            NaN            NaN            NaN            NaN
  1243.11        2500.00                 NaN            NaN            NaN            NaN            NaN            NaN            NaN            NaN
  1240.60        2500.00                 NaN            NaN            NaN            NaN            NaN            NaN            NaN            NaN
  1238.10        2500.00                 NaN            NaN            NaN            NaN            NaN            NaN            NaN            NaN
  1235.59        2500.00                 NaN            NaN            NaN            NaN            NaN            NaN            NaN            NaN
  1233.08        2500.00                 NaN            NaN            NaN            NaN            NaN            NaN            NaN            NaN
  1230.58        2500.00                 NaN            NaN            NaN            NaN            NaN            NaN            NaN            NaN
  1228.07        2500.00                 NaN            NaN            NaN            NaN            NaN            NaN            NaN            NaN
  1225.56        2500.00                 NaN            NaN            NaN            NaN            NaN            NaN            NaN            NaN
  1223.06        2500.00                 NaN            NaN            NaN            NaN            NaN            NaN            NaN            NaN
  1220.55        2500.00                 NaN            NaN            NaN            NaN            NaN            NaN            NaN            NaN
  1218.05        2500.00                 NaN            NaN            NaN            NaN            NaN            NaN            NaN            NaN
  1215.54        2500.00                 NaN            NaN            NaN            NaN            NaN            NaN            NaN            NaN
  1213.03        2500.00                 NaN            NaN            NaN            NaN            NaN            NaN            NaN            NaN
  1210.53        2500.00                 NaN            NaN            NaN            NaN            NaN            NaN            NaN            NaN
  1208.02        2500.00                 NaN            NaN            NaN            NaN            NaN            NaN            NaN            NaN
  1205.51        2500.00                 NaN            NaN            NaN            NaN            NaN            NaN            NaN            NaN
  1203.01        2500.00                 NaN            NaN            NaN            NaN            NaN            NaN            NaN            NaN
  1200.50        2500.00                 NaN            NaN            NaN            NaN            NaN            NaN            NaN            NaN
  1197.99        2500.00                 NaN            NaN            NaN            NaN            NaN            NaN            NaN            NaN
  1195.49        2500.00                 NaN            NaN            NaN            NaN            NaN            NaN            NaN            NaN
  1192.98        2500.00                 NaN            NaN            NaN            NaN            NaN            NaN            NaN            NaN
  1190.48        2500.00                 NaN            NaN            NaN            NaN            NaN            NaN            NaN            NaN
  1187.97        2500.00                 NaN            NaN            NaN            NaN            NaN            NaN            NaN            NaN
  1185.46        2500.00                 NaN            NaN            NaN            NaN            NaN            NaN            NaN            NaN
  1182.96        2500.00                 NaN            NaN            NaN            NaN            NaN            NaN            NaN            NaN
  1180.45        2500.00                 NaN            NaN            NaN            NaN            NaN            NaN            NaN            NaN
  1177.94        2500.00                 NaN            NaN            NaN            NaN            NaN            NaN            NaN            NaN
  1175.44        2500.00                 NaN            NaN            NaN            NaN            NaN            NaN            NaN            NaN
  1172.93        2500.00                 NaN            NaN            NaN            NaN            NaN            NaN            NaN            NaN
  1170.43        2500.00                 NaN            NaN            NaN            NaN            NaN            NaN            NaN            NaN
  1167.92        2500.00                 NaN            NaN            NaN            NaN            NaN            NaN            NaN            NaN
  1165.41        2500.00                 NaN            NaN            NaN            NaN            NaN            NaN            NaN            NaN
  1162.91        2500.00                 NaN            NaN            NaN            NaN            NaN            NaN            NaN            NaN
  1160.40        2500.00                 NaN            NaN            NaN            NaN            NaN            NaN            NaN            NaN
  1157.89        2500.00                 NaN            NaN            NaN            NaN            NaN            NaN            NaN            NaN
  1155.39        2500.00                 NaN            NaN            NaN            NaN            NaN            NaN            NaN            NaN
  1152.88        2500.00                 NaN            NaN            NaN            NaN            NaN            NaN            NaN            NaN
  1150.38        2500.00                 NaN            NaN            NaN            NaN            NaN            NaN            NaN            NaN
  1147.87        2500.00                 NaN            NaN            NaN            NaN            NaN            NaN            NaN            NaN
  1145.36        2500.00                 NaN            NaN            NaN            NaN            NaN            NaN            NaN            NaN
  1142.86        2500.00                 NaN            NaN            NaN            NaN            NaN            NaN            NaN            NaN
  1140.35        2500.00                 NaN            NaN            NaN            NaN            NaN            NaN            NaN            NaN
  1137.84        2500.00                 NaN            NaN            NaN            NaN            NaN            NaN            NaN            NaN
  1135.34        2500.00                 NaN            NaN            NaN            NaN            NaN            NaN            NaN            NaN
  1132.83        2500.00                 NaN            NaN            NaN            NaN            NaN            NaN            NaN            NaN
  1130.33        2500.00                 NaN            NaN            NaN            NaN            NaN            NaN            NaN            NaN
  1127.82        2500.00                 NaN            NaN            NaN            NaN            NaN            NaN            NaN            NaN
  1125.31        2500.00                 NaN            NaN            NaN            NaN            NaN            NaN            NaN            NaN
  1122.81        2500.00                 NaN            NaN            NaN            NaN            NaN            NaN            NaN            NaN
  1120.30        2500.00                 NaN            NaN            NaN            NaN            NaN            NaN            NaN            NaN
  1117.79        2500.00                 NaN            NaN            NaN            NaN            NaN            NaN            NaN            NaN
  1115.29        2500.00                 NaN            NaN            NaN            NaN            NaN            NaN            NaN            NaN
  1112.78        2500.00                 NaN            NaN            NaN            NaN            NaN            NaN            NaN            NaN
  1110.28        2500.00                 NaN            NaN            NaN            NaN            NaN            NaN            NaN            NaN
  1107.77        2500.00                 NaN            NaN            NaN            NaN            NaN            NaN            NaN            NaN
  1105.26        2500.00                 NaN            NaN            NaN            NaN            NaN            NaN            NaN            NaN
  1102.76        2500.00                 NaN            NaN            NaN            NaN            NaN            NaN            NaN            NaN
  1100.25        2500.00                 NaN            NaN            NaN            NaN            NaN            NaN            NaN            NaN
  1097.74        2500.00                 NaN            NaN            NaN            NaN            NaN            NaN            NaN            NaN
  1095.24        2500.00                 NaN            NaN            NaN            NaN            NaN            NaN            NaN            NaN
  1092.73        2500.00                 NaN            NaN            NaN            NaN            NaN            NaN            NaN            NaN
  1090.23        2500.00                 NaN            NaN            NaN            NaN            NaN            NaN            NaN            NaN
  1087.72        2500.00                 NaN            NaN            NaN            NaN            NaN            NaN            NaN            NaN
  1085.21        2500.00                 NaN            NaN            NaN            NaN            NaN            NaN            NaN            NaN
  1082.71        2500.00                 NaN            NaN            NaN            NaN            NaN            NaN            NaN            NaN
  1080.20        2500.00                 NaN            NaN            NaN            NaN            NaN            NaN            NaN            NaN
  1077.69        2500.00                 NaN            NaN            NaN            NaN            NaN            NaN            NaN            NaN
  1075.19        2500.00                 NaN            NaN            NaN            NaN            NaN            NaN            NaN            NaN
  1072.68        2500.00                 NaN            NaN            NaN            NaN            NaN            NaN            NaN            NaN
  1070.18        2500.00                 NaN            NaN            NaN            NaN            NaN            NaN            NaN            NaN
  1067.67        2500.00                 NaN            NaN            NaN            NaN            NaN            NaN            NaN            NaN
  1065.16        2500.00                 NaN            NaN            NaN            NaN            NaN            NaN            NaN            NaN
  1062.66        2500.00                 NaN            NaN            NaN            NaN            NaN            NaN            NaN            NaN
  1060.15        2500.00                 NaN            NaN            NaN            NaN            NaN            NaN            NaN            NaN
  1057.64        2500.00                 NaN            NaN            NaN            NaN            NaN            NaN            NaN            NaN
  1055.14        2500.00                 NaN            NaN            NaN            NaN            NaN            NaN            NaN            NaN
  1052.63        2500.00                 NaN            NaN            NaN            NaN            NaN            NaN            NaN            NaN
  1050.13        2500.00                 NaN            NaN            NaN            NaN            NaN            NaN            NaN            NaN
  1047.62        2500.00                 NaN            NaN            NaN            NaN            NaN            NaN            NaN            NaN
  1045.11        2500.00                 NaN            NaN            NaN            NaN            NaN            NaN            NaN            NaN
  1042.61        2500.00                 NaN            NaN            NaN            NaN            NaN            NaN            NaN            NaN
  1040.10        2500.00                 NaN            NaN            NaN            NaN            NaN            NaN            NaN            NaN
  1037.59        2500.00                 NaN            NaN            NaN            NaN            NaN            NaN            NaN            NaN
  1035.09        2500.00                 NaN            NaN            NaN            NaN            NaN            NaN            NaN            NaN
  1032.58        2500.00                 NaN            NaN            NaN            NaN            NaN            NaN            NaN            NaN
  1030.08        2500.00                 NaN            NaN            NaN            NaN            NaN            NaN            NaN            NaN
  1027.57        2500.00                 NaN            NaN            NaN            NaN            NaN            NaN            NaN            NaN
  1025.06        2500.00                 NaN            NaN            NaN            NaN            NaN            NaN            NaN            NaN
  1022.56        2500.00                 NaN            NaN            NaN            NaN            NaN            NaN            NaN            NaN
  1020.05        2500.00                 NaN            NaN            NaN            NaN            NaN            NaN            NaN            NaN
  1017.54        2500.00                 NaN            NaN            NaN            NaN            NaN            NaN            NaN            NaN
  1015.04        2500.00                 NaN            NaN            NaN            NaN            NaN            NaN            NaN            NaN
  1012.53        2500.00                 NaN            NaN            NaN            NaN            NaN            NaN            NaN            NaN
  1010.03        2500.00                 NaN            NaN            NaN            NaN            NaN            NaN            NaN            NaN
  1007.52        2500.00                 NaN            NaN            NaN            NaN            NaN            NaN            NaN            NaN
  1005.01        2500.00                 NaN            NaN            NaN            NaN            NaN            NaN            NaN            NaN
  1002.51        2500.00                 NaN            NaN            NaN            NaN            NaN            NaN            NaN            NaN
  1000.00        2500.00                 NaN            NaN            NaN            NaN            NaN            NaN            NaN            NaN
