T(K)	P(bar)	SiO2	TiO2	Al2O3	Cr2O3	FeO	MnO	MgO	CaO	Na2O	K2O	NiO
  1909.77      2500.00     0.753542     0.212857E-02 0.352095E-01 0.578985E-02 0.203826      0.00000     0.762639     0.513580E-01 0.951935E-02 0.424646E-03  0.00000    
  1907.27      2500.00     0.753542     0.212857E-02 0.352095E-01 0.578985E-02 0.203826      0.00000     0.762639     0.513580E-01 0.951935E-02 0.424646E-03  0.00000    
  1904.76      2500.00     0.753542     0.212857E-02 0.352095E-01 0.578985E-02 0.203826      0.00000     0.762639     0.513580E-01 0.951935E-02 0.424646E-03  0.00000    
  1902.26      2500.00     0.753542     0.212857E-02 0.352095E-01 0.578985E-02 0.203826      0.00000     0.762639     0.513580E-01 0.951935E-02 0.424646E-03  0.00000    
  1899.75      2500.00     0.753542     0.212857E-02 0.352095E-01 0.578985E-02 0.203826      0.00000     0.762639     0.513580E-01 0.951935E-02 0.424646E-03  0.00000    
  1897.24      2500.00     0.753542     0.212857E-02 0.352095E-01 0.578985E-02 0.203826      0.00000     0.762639     0.513580E-01 0.951935E-02 0.424646E-03  0.00000    
  1894.74      2500.00     0.751984     0.212857E-02 0.352095E-01 0.578985E-02 0.203493      0.00000     0.759857     0.513580E-01 0.951935E-02 0.424646E-03  0.00000    
  1892.23      2500.00     0.747961     0.212857E-02 0.352095E-01 0.578985E-02 0.202628      0.00000     0.752675     0.513580E-01 0.951935E-02 0.424646E-03  0.00000    
  1889.72      2500.00     0.744035     0.212857E-02 0.352095E-01 0.578985E-02 0.201774      0.00000     0.745677     0.513580E-01 0.951935E-02 0.424646E-03  0.00000    
  1887.22      2500.00     0.740387     0.212857E-02 0.352095E-01 0.578985E-02 0.200972      0.00000     0.739183     0.513580E-01 0.951935E-02 0.424646E-03  0.00000    
  1884.71      2500.00     0.736270     0.212857E-02 0.352095E-01 0.578985E-02 0.200058      0.00000     0.731865     0.513580E-01 0.951935E-02 0.424646E-03  0.00000    
  1882.21      2500.00     0.732457     0.212857E-02 0.352095E-01 0.578985E-02 0.199207      0.00000     0.725088     0.513580E-01 0.951935E-02 0.424646E-03  0.00000    
  1879.70      2500.00     0.728680     0.212857E-02 0.352091E-01 0.578704E-02 0.198353      0.00000     0.718385     0.513580E-01 0.951935E-02 0.424646E-03  0.00000    
  1877.19      2500.00     0.724954     0.212856E-02 0.351995E-01 0.572567E-02 0.197472      0.00000     0.711732     0.513580E-01 0.951935E-02 0.424646E-03  0.00000    
  1874.69      2500.00     0.721265     0.212855E-02 0.351899E-01 0.566477E-02 0.196593      0.00000     0.705149     0.513580E-01 0.951935E-02 0.424646E-03  0.00000    
  1872.18      2500.00     0.717614     0.212855E-02 0.351804E-01 0.560449E-02 0.195713      0.00000     0.698647     0.513580E-01 0.951935E-02 0.424646E-03  0.00000    
  1869.67      2500.00     0.714006     0.212854E-02 0.351709E-01 0.554487E-02 0.194836      0.00000     0.692227     0.513580E-01 0.951935E-02 0.424646E-03  0.00000    
  1867.17      2500.00     0.710434     0.212853E-02 0.351615E-01 0.548570E-02 0.193964      0.00000     0.685874     0.513580E-01 0.951935E-02 0.424646E-03  0.00000    
  1864.66      2500.00     0.706897     0.212853E-02 0.351522E-01 0.542712E-02 0.193092      0.00000     0.679595     0.513580E-01 0.951935E-02 0.424646E-03  0.00000    
  1862.16      2500.00     0.703388     0.212852E-02 0.351430E-01 0.536896E-02 0.192216      0.00000     0.673374     0.513580E-01 0.951935E-02 0.424646E-03  0.00000    
  1859.65      2500.00     0.699924     0.212852E-02 0.351339E-01 0.531160E-02 0.191345      0.00000     0.667240     0.513580E-01 0.951935E-02 0.424646E-03  0.00000    
  1857.14      2500.00     0.696489     0.212851E-02 0.351247E-01 0.525462E-02 0.190476      0.00000     0.661162     0.513580E-01 0.951935E-02 0.424646E-03  0.00000    
  1854.64      2500.00     0.693081     0.212850E-02 0.351155E-01 0.519810E-02 0.189604      0.00000     0.655141     0.513580E-01 0.951935E-02 0.424646E-03  0.00000    
  1852.13      2500.00     0.689707     0.212850E-02 0.351065E-01 0.514212E-02 0.188736      0.00000     0.649186     0.513580E-01 0.951935E-02 0.424646E-03  0.00000    
  1849.62      2500.00     0.686367     0.212849E-02 0.350975E-01 0.508667E-02 0.187873      0.00000     0.643293     0.513580E-01 0.951935E-02 0.424646E-03  0.00000    
  1847.12      2500.00     0.683058     0.212849E-02 0.350886E-01 0.503187E-02 0.187006      0.00000     0.637470     0.513580E-01 0.951935E-02 0.424646E-03  0.00000    
  1844.61      2500.00     0.679775     0.212848E-02 0.350798E-01 0.497748E-02 0.186138      0.00000     0.631698     0.513580E-01 0.951935E-02 0.424646E-03  0.00000    
  1842.11      2500.00     0.676510     0.212848E-02 0.350710E-01 0.492334E-02 0.185270      0.00000     0.625963     0.513580E-01 0.951935E-02 0.424646E-03  0.00000    
  1839.60      2500.00     0.673287     0.212847E-02 0.350622E-01 0.487006E-02 0.184406      0.00000     0.620311     0.513580E-01 0.951935E-02 0.424646E-03  0.00000    
  1837.09      2500.00     0.670765     0.212847E-02 0.350551E-01 0.482810E-02 0.183725      0.00000     0.615891     0.513580E-01 0.951935E-02 0.424646E-03  0.00000    
  1834.59      2500.00     0.666896     0.212846E-02 0.350446E-01 0.476441E-02 0.182669      0.00000     0.609122     0.513580E-01 0.951935E-02 0.424646E-03  0.00000    
  1832.08      2500.00     0.663741     0.212846E-02 0.350361E-01 0.471243E-02 0.181800      0.00000     0.603612     0.513580E-01 0.951935E-02 0.424646E-03  0.00000    
  1829.57      2500.00     0.659723     0.212845E-02 0.350251E-01 0.464614E-02 0.180684      0.00000     0.596601     0.513580E-01 0.951935E-02 0.424646E-03  0.00000    
  1827.07      2500.00     0.657498     0.212844E-02 0.350191E-01 0.460967E-02 0.180063      0.00000     0.592725     0.513580E-01 0.951935E-02 0.424646E-03  0.00000    
  1824.56      2500.00     0.654407     0.212844E-02 0.350106E-01 0.455884E-02 0.179193      0.00000     0.587342     0.513580E-01 0.951935E-02 0.424646E-03  0.00000    
  1822.06      2500.00     0.651344     0.212843E-02 0.350023E-01 0.450868E-02 0.178323      0.00000     0.582020     0.513580E-01 0.951935E-02 0.424646E-03  0.00000    
  1819.55      2500.00     0.648291     0.212843E-02 0.349940E-01 0.445873E-02 0.177449      0.00000     0.576721     0.513580E-01 0.951935E-02 0.424646E-03  0.00000    
  1817.04      2500.00     0.645271     0.212842E-02 0.349857E-01 0.440943E-02 0.176579      0.00000     0.571485     0.513580E-01 0.951935E-02 0.424646E-03  0.00000    
  1814.54      2500.00     0.642243     0.212842E-02 0.349776E-01 0.436014E-02 0.175693      0.00000     0.566249     0.513580E-01 0.951935E-02 0.424646E-03  0.00000    
  1812.03      2500.00     0.639273     0.212841E-02 0.349694E-01 0.431194E-02 0.174824      0.00000     0.561113     0.513580E-01 0.951935E-02 0.424646E-03  0.00000    
  1809.52      2500.00     0.636301     0.212841E-02 0.349613E-01 0.426382E-02 0.173945      0.00000     0.555983     0.513580E-01 0.951935E-02 0.424646E-03  0.00000    
  1807.02      2500.00     0.633351     0.212841E-02 0.349531E-01 0.421615E-02 0.173068      0.00000     0.550896     0.513580E-01 0.951935E-02 0.424646E-03  0.00000    
  1804.51      2500.00     0.625297     0.212839E-02 0.349320E-01 0.408443E-02 0.170632      0.00000     0.537048     0.513580E-01 0.951935E-02 0.424646E-03  0.00000    
  1802.01      2500.00     0.625297     0.212839E-02 0.349287E-01 0.406508E-02 0.170619      0.00000     0.537035     0.513580E-01 0.951935E-02 0.424646E-03  0.00000    
  1799.50      2500.00     0.624585     0.212839E-02 0.349287E-01 0.406508E-02 0.170410      0.00000     0.535820     0.513580E-01 0.951935E-02 0.424646E-03  0.00000    
  1796.99      2500.00     0.621695     0.212839E-02 0.349227E-01 0.402925E-02 0.169531      0.00000     0.530870     0.513580E-01 0.951935E-02 0.424646E-03  0.00000    
  1794.49      2500.00     0.618811     0.212838E-02 0.349145E-01 0.398331E-02 0.168641      0.00000     0.525930     0.513580E-01 0.951935E-02 0.424646E-03  0.00000    
  1791.98      2500.00     0.615969     0.212838E-02 0.349067E-01 0.393835E-02 0.167759      0.00000     0.521067     0.513580E-01 0.951935E-02 0.424646E-03  0.00000    
  1789.47      2500.00     0.613126     0.212837E-02 0.348988E-01 0.389346E-02 0.166870      0.00000     0.516210     0.513580E-01 0.951935E-02 0.424646E-03  0.00000    
  1786.97      2500.00     0.610293     0.212837E-02 0.348911E-01 0.384887E-02 0.165979      0.00000     0.511376     0.513580E-01 0.951935E-02 0.424646E-03  0.00000    
  1784.46      2500.00     0.607473     0.212836E-02 0.348833E-01 0.380472E-02 0.165082      0.00000     0.506573     0.513580E-01 0.951935E-02 0.424646E-03  0.00000    
  1781.95      2500.00     0.604645     0.212836E-02 0.348755E-01 0.376057E-02 0.164173      0.00000     0.501767     0.513580E-01 0.951935E-02 0.424646E-03  0.00000    
  1779.45      2500.00     0.601871     0.212836E-02 0.348679E-01 0.371758E-02 0.163279      0.00000     0.497054     0.513580E-01 0.951935E-02 0.424646E-03  0.00000    
  1776.94      2500.00     0.599085     0.212835E-02 0.348603E-01 0.367453E-02 0.162373      0.00000     0.492331     0.513580E-01 0.951935E-02 0.424646E-03  0.00000    
  1774.44      2500.00     0.596308     0.212835E-02 0.348526E-01 0.363175E-02 0.161466      0.00000     0.487625     0.513580E-01 0.951935E-02 0.424646E-03  0.00000    
  1771.93      2500.00     0.593553     0.212834E-02 0.348450E-01 0.358955E-02 0.160561      0.00000     0.482964     0.513580E-01 0.951935E-02 0.424646E-03  0.00000    
  1769.42      2500.00     0.590032     0.212834E-02 0.348352E-01 0.353591E-02 0.159387      0.00000     0.477024     0.513580E-01 0.951935E-02 0.424646E-03  0.00000    
  1766.92      2500.00     0.588388     0.212833E-02 0.348308E-01 0.351097E-02 0.158839      0.00000     0.474249     0.513580E-01 0.951935E-02 0.424646E-03  0.00000    
  1764.41      2500.00     0.585325     0.212833E-02 0.348223E-01 0.346478E-02 0.157809      0.00000     0.469092     0.513580E-01 0.951935E-02 0.424646E-03  0.00000    
  1761.90      2500.00     0.582605     0.212832E-02 0.348149E-01 0.342390E-02 0.156890      0.00000     0.464515     0.513580E-01 0.951935E-02 0.424646E-03  0.00000    
  1759.40      2500.00     0.579887     0.212832E-02 0.348074E-01 0.338328E-02 0.155964      0.00000     0.459950     0.513580E-01 0.951935E-02 0.424646E-03  0.00000    
  1756.89      2500.00     0.577780     0.212832E-02 0.348015E-01 0.335194E-02 0.155234      0.00000     0.456423     0.513580E-01 0.951935E-02 0.424646E-03  0.00000    
  1754.39      2500.00     0.574482     0.212831E-02 0.347924E-01 0.330318E-02 0.154099      0.00000     0.450896     0.513580E-01 0.951935E-02 0.424646E-03  0.00000    
  1751.88      2500.00     0.571798     0.212831E-02 0.347851E-01 0.326374E-02 0.153165      0.00000     0.446409     0.513580E-01 0.951935E-02 0.424646E-03  0.00000    
  1749.37      2500.00     0.569118     0.212830E-02 0.347777E-01 0.322455E-02 0.152227      0.00000     0.441935     0.513580E-01 0.951935E-02 0.424646E-03  0.00000    
  1746.87      2500.00     0.566448     0.212830E-02 0.347704E-01 0.318571E-02 0.151288      0.00000     0.437482     0.513580E-01 0.951935E-02 0.424646E-03  0.00000    
  1744.36      2500.00     0.563781     0.212829E-02 0.347632E-01 0.314714E-02 0.150342      0.00000     0.433042     0.513580E-01 0.951935E-02 0.424646E-03  0.00000    
  1741.85      2500.00     0.561127     0.212829E-02 0.347560E-01 0.310894E-02 0.149397      0.00000     0.428627     0.513580E-01 0.951935E-02 0.424646E-03  0.00000    
  1739.35      2500.00     0.558472     0.212829E-02 0.347488E-01 0.307095E-02 0.148443      0.00000     0.424218     0.513580E-01 0.951935E-02 0.424646E-03  0.00000    
  1736.84      2500.00     0.555836     0.212828E-02 0.347416E-01 0.303350E-02 0.147490      0.00000     0.419849     0.513580E-01 0.951935E-02 0.424646E-03  0.00000    
  1734.34      2500.00     0.553199     0.212828E-02 0.347343E-01 0.299619E-02 0.146533      0.00000     0.415482     0.513580E-01 0.951935E-02 0.424646E-03  0.00000    
  1731.83      2500.00     0.550577     0.212827E-02 0.347272E-01 0.295936E-02 0.145574      0.00000     0.411148     0.513580E-01 0.951935E-02 0.424646E-03  0.00000    
  1729.32      2500.00     0.547957     0.212827E-02 0.347200E-01 0.292274E-02 0.144610      0.00000     0.406822     0.513580E-01 0.951935E-02 0.424646E-03  0.00000    
  1726.82      2500.00     0.545346     0.212827E-02 0.347129E-01 0.288644E-02 0.143644      0.00000     0.402516     0.513580E-01 0.951935E-02 0.424646E-03  0.00000    
  1724.31      2500.00     0.542742     0.212826E-02 0.347058E-01 0.285045E-02 0.142677      0.00000     0.398226     0.513580E-01 0.951935E-02 0.424646E-03  0.00000    
  1721.80      2500.00     0.540135     0.212826E-02 0.346988E-01 0.281462E-02 0.141701      0.00000     0.393940     0.513580E-01 0.951935E-02 0.424646E-03  0.00000    
  1719.30      2500.00     0.536864     0.212825E-02 0.346900E-01 0.276999E-02 0.140468      0.00000     0.388571     0.513580E-01 0.951935E-02 0.424646E-03  0.00000    
  1716.79      2500.00     0.534986     0.212825E-02 0.346849E-01 0.274452E-02 0.139756      0.00000     0.385492     0.513580E-01 0.951935E-02 0.424646E-03  0.00000    
  1714.29      2500.00     0.532396     0.212824E-02 0.346778E-01 0.270958E-02 0.138767      0.00000     0.381253     0.513580E-01 0.951935E-02 0.424646E-03  0.00000    
  1711.78      2500.00     0.529826     0.212824E-02 0.346708E-01 0.267510E-02 0.137780      0.00000     0.377054     0.513580E-01 0.951935E-02 0.424646E-03  0.00000    
  1709.27      2500.00     0.527266     0.212824E-02 0.346638E-01 0.264095E-02 0.136793      0.00000     0.372875     0.513580E-01 0.951935E-02 0.424646E-03  0.00000    
  1706.77      2500.00     0.524716     0.212823E-02 0.346568E-01 0.260711E-02 0.135803      0.00000     0.368717     0.513580E-01 0.951935E-02 0.424646E-03  0.00000    
  1704.26      2500.00     0.522170     0.212823E-02 0.346499E-01 0.257353E-02 0.134810      0.00000     0.364573     0.513580E-01 0.951935E-02 0.424646E-03  0.00000    
  1701.75      2500.00     0.519634     0.212822E-02 0.346429E-01 0.254026E-02 0.133814      0.00000     0.360451     0.513580E-01 0.951935E-02 0.424646E-03  0.00000    
  1699.25      2500.00     0.517100     0.212822E-02 0.346359E-01 0.250720E-02 0.132813      0.00000     0.356339     0.513580E-01 0.951935E-02 0.424646E-03  0.00000    
  1696.74      2500.00     0.514645     0.212822E-02 0.346291E-01 0.247527E-02 0.131844      0.00000     0.352355     0.513580E-01 0.951935E-02 0.424646E-03  0.00000    
  1694.24      2500.00     0.512081     0.212821E-02 0.346220E-01 0.244223E-02 0.130822      0.00000     0.348204     0.513580E-01 0.951935E-02 0.424646E-03  0.00000    
  1691.73      2500.00     0.509562     0.212821E-02 0.346150E-01 0.240992E-02 0.129807      0.00000     0.344138     0.513580E-01 0.951935E-02 0.424646E-03  0.00000    
  1689.22      2500.00     0.507086     0.212821E-02 0.346081E-01 0.237833E-02 0.128807      0.00000     0.340142     0.513580E-01 0.951935E-02 0.424646E-03  0.00000    
  1686.72      2500.00     0.504604     0.212820E-02 0.346012E-01 0.234680E-02 0.127801      0.00000     0.336141     0.513580E-01 0.951935E-02 0.424646E-03  0.00000    
  1684.21      2500.00     0.502112     0.212820E-02 0.345944E-01 0.231523E-02 0.126793      0.00000     0.332122     0.513580E-01 0.951935E-02 0.424646E-03  0.00000    
  1681.70      2500.00     0.499675     0.212820E-02 0.345876E-01 0.228458E-02 0.125795      0.00000     0.328203     0.513580E-01 0.951935E-02 0.424646E-03  0.00000    
  1679.20      2500.00     0.497226     0.212819E-02 0.345808E-01 0.225392E-02 0.124788      0.00000     0.324270     0.513580E-01 0.951935E-02 0.424646E-03  0.00000    
  1676.69      2500.00     0.494795     0.212819E-02 0.345740E-01 0.222363E-02 0.123782      0.00000     0.320372     0.513580E-01 0.951935E-02 0.424646E-03  0.00000    
  1674.19      2500.00     0.492362     0.212818E-02 0.345672E-01 0.219347E-02 0.122769      0.00000     0.316478     0.513580E-01 0.951935E-02 0.424646E-03  0.00000    
  1671.68      2500.00     0.489942     0.212818E-02 0.345604E-01 0.216362E-02 0.121753      0.00000     0.312613     0.513580E-01 0.951935E-02 0.424646E-03  0.00000    
  1669.17      2500.00     0.487543     0.212818E-02 0.345537E-01 0.213414E-02 0.120744      0.00000     0.308783     0.513580E-01 0.951935E-02 0.424646E-03  0.00000    
  1666.67      2500.00     0.485147     0.212817E-02 0.345469E-01 0.210482E-02 0.119733      0.00000     0.304962     0.513580E-01 0.951935E-02 0.424646E-03  0.00000    
  1664.16      2500.00     0.482775     0.212817E-02 0.345401E-01 0.207592E-02 0.118726      0.00000     0.301186     0.513580E-01 0.951935E-02 0.424646E-03  0.00000    
  1661.65      2500.00     0.480414     0.212816E-02 0.345334E-01 0.204725E-02 0.117720      0.00000     0.297430     0.513580E-01 0.951935E-02 0.424646E-03  0.00000    
  1659.15      2500.00     0.478057     0.212816E-02 0.345267E-01 0.201873E-02 0.116713      0.00000     0.293684     0.513580E-01 0.951935E-02 0.424646E-03  0.00000    
  1656.64      2500.00     0.475730     0.212816E-02 0.345200E-01 0.199069E-02 0.115711      0.00000     0.289992     0.513580E-01 0.951935E-02 0.424646E-03  0.00000    
  1654.14      2500.00     0.473390     0.212815E-02 0.345132E-01 0.196259E-02 0.114701      0.00000     0.286283     0.513580E-01 0.951935E-02 0.424646E-03  0.00000    
  1651.63      2500.00     0.471104     0.212815E-02 0.345065E-01 0.193526E-02 0.113708      0.00000     0.282666     0.513580E-01 0.951935E-02 0.424646E-03  0.00000    
  1649.12      2500.00     0.468811     0.212815E-02 0.344998E-01 0.190793E-02 0.112705      0.00000     0.279045     0.513580E-01 0.951935E-02 0.424646E-03  0.00000    
  1646.62      2500.00     0.466538     0.212814E-02 0.344931E-01 0.188089E-02 0.111712      0.00000     0.275454     0.513580E-01 0.951935E-02 0.424646E-03  0.00000    
  1644.11      2500.00     0.464273     0.212814E-02 0.344863E-01 0.185405E-02 0.110718      0.00000     0.271882     0.513580E-01 0.951935E-02 0.424646E-03  0.00000    
  1641.60      2500.00     0.462033     0.212814E-02 0.344797E-01 0.182759E-02 0.109726      0.00000     0.268358     0.513580E-01 0.951935E-02 0.424646E-03  0.00000    
  1639.10      2500.00     0.459814     0.212813E-02 0.344731E-01 0.180145E-02 0.108741      0.00000     0.264868     0.513580E-01 0.951935E-02 0.424646E-03  0.00000    
  1636.59      2500.00     0.457607     0.212813E-02 0.344664E-01 0.177551E-02 0.107757      0.00000     0.261400     0.513580E-01 0.951935E-02 0.424646E-03  0.00000    
  1634.09      2500.00     0.451576     0.212776E-02 0.343705E-01 0.172386E-02 0.106297      0.00000     0.255694     0.513029E-01 0.951786E-02 0.424646E-03  0.00000    
  1631.58      2500.00     0.444043     0.212718E-02 0.342347E-01 0.165090E-02 0.104648      0.00000     0.249154     0.512230E-01 0.951574E-02 0.424646E-03  0.00000    
  1629.07      2500.00     0.436891     0.212664E-02 0.341044E-01 0.158201E-02 0.103071      0.00000     0.242950     0.511453E-01 0.951374E-02 0.424646E-03  0.00000    
  1626.57      2500.00     0.429430     0.212604E-02 0.339679E-01 0.151183E-02 0.101419      0.00000     0.236502     0.510624E-01 0.951169E-02 0.424646E-03  0.00000    
  1624.06      2500.00     0.423147     0.212551E-02 0.338537E-01 0.145298E-02 0.100029      0.00000     0.231076     0.509900E-01 0.950989E-02 0.424646E-03  0.00000    
  1621.55      2500.00     0.416632     0.212495E-02 0.337332E-01 0.139186E-02 0.985746E-01  0.00000     0.225461     0.509133E-01 0.950805E-02 0.424646E-03  0.00000    
  1619.05      2500.00     0.410314     0.212438E-02 0.336168E-01 0.133370E-02 0.971621E-01  0.00000     0.220027     0.508368E-01 0.950624E-02 0.424646E-03  0.00000    
  1616.54      2500.00     0.404196     0.212382E-02 0.335035E-01 0.127767E-02 0.957849E-01  0.00000     0.214778     0.507605E-01 0.950449E-02 0.424646E-03  0.00000    
  1614.04      2500.00     0.398288     0.212324E-02 0.333928E-01 0.122313E-02 0.944495E-01  0.00000     0.209711     0.506851E-01 0.950276E-02 0.424646E-03  0.00000    
  1611.53      2500.00     0.392514     0.212267E-02 0.332851E-01 0.117130E-02 0.931431E-01  0.00000     0.204777     0.506088E-01 0.950108E-02 0.424646E-03  0.00000    
  1609.02      2500.00     0.386992     0.212211E-02 0.331807E-01 0.112141E-02 0.918827E-01  0.00000     0.200060     0.505347E-01 0.949946E-02 0.424646E-03  0.00000    
  1606.52      2500.00     0.381593     0.212153E-02 0.330790E-01 0.107393E-02 0.906484E-01  0.00000     0.195465     0.504603E-01 0.949787E-02 0.424646E-03  0.00000    
  1604.01      2500.00     0.376356     0.212096E-02 0.329796E-01 0.102815E-02 0.894450E-01  0.00000     0.191016     0.503864E-01 0.949633E-02 0.424646E-03  0.00000    
  1601.50      2500.00     0.371273     0.212038E-02 0.328827E-01 0.984130E-03 0.882738E-01  0.00000     0.186707     0.503130E-01 0.949481E-02 0.424646E-03  0.00000    
  1599.00      2500.00     0.366342     0.211979E-02 0.327879E-01 0.941422E-03 0.871283E-01  0.00000     0.182535     0.502397E-01 0.949334E-02 0.424646E-03  0.00000    
  1596.49      2500.00     0.361538     0.211920E-02 0.326953E-01 0.900779E-03 0.860116E-01  0.00000     0.178481     0.501665E-01 0.949192E-02 0.424646E-03  0.00000    
  1593.98      2500.00     0.356874     0.211863E-02 0.326055E-01 0.861860E-03 0.849206E-01  0.00000     0.174557     0.500937E-01 0.949051E-02 0.424646E-03  0.00000    
  1591.48      2500.00     0.352351     0.211802E-02 0.325170E-01 0.823956E-03 0.838543E-01  0.00000     0.170759     0.500219E-01 0.948916E-02 0.424646E-03  0.00000    
  1588.97      2500.00     0.347943     0.211742E-02 0.324313E-01 0.787864E-03 0.828155E-01  0.00000     0.167065     0.499498E-01 0.948781E-02 0.424646E-03  0.00000    
  1586.47      2500.00     0.343651     0.211681E-02 0.323470E-01 0.753128E-03 0.818009E-01  0.00000     0.163477     0.498782E-01 0.948651E-02 0.424646E-03  0.00000    
  1583.96      2500.00     0.339476     0.211620E-02 0.322651E-01 0.719993E-03 0.808122E-01  0.00000     0.159995     0.498068E-01 0.948522E-02 0.424646E-03  0.00000    
  1581.45      2500.00     0.335224     0.211557E-02 0.321794E-01 0.684932E-03 0.798135E-01  0.00000     0.156510     0.497295E-01 0.948389E-02 0.424646E-03  0.00000    
  1578.95      2500.00     0.331436     0.211495E-02 0.321056E-01 0.655727E-03 0.789008E-01  0.00000     0.153296     0.496621E-01 0.948274E-02 0.424646E-03  0.00000    
  1576.44      2500.00     0.326104     0.211407E-02 0.320019E-01 0.617907E-03 0.776156E-01  0.00000     0.148916     0.495654E-01 0.948122E-02 0.424646E-03  0.00000    
  1573.93      2500.00     0.323799     0.211371E-02 0.319555E-01 0.600135E-03 0.770603E-01  0.00000     0.147013     0.495220E-01 0.948048E-02 0.424646E-03  0.00000    
  1571.43      2500.00     0.320112     0.211308E-02 0.318820E-01 0.573328E-03 0.761710E-01  0.00000     0.143982     0.494517E-01 0.947931E-02 0.424646E-03  0.00000    
  1568.92      2500.00     0.316520     0.211239E-02 0.318090E-01 0.546338E-03 0.752959E-01  0.00000     0.141027     0.493818E-01 0.947815E-02 0.424646E-03  0.00000    
  1566.42      2500.00     0.313026     0.211179E-02 0.317370E-01 0.520265E-03 0.744469E-01  0.00000     0.138157     0.493121E-01 0.947703E-02 0.424646E-03  0.00000    
  1563.91      2500.00     0.309664     0.211116E-02 0.316686E-01 0.496481E-03 0.736275E-01  0.00000     0.135411     0.492429E-01 0.947596E-02 0.424646E-03  0.00000    
  1561.40      2500.00     0.306338     0.211051E-02 0.316004E-01 0.473068E-03 0.728126E-01  0.00000     0.132700     0.491731E-01 0.947488E-02 0.424646E-03  0.00000    
  1558.90      2500.00     0.303082     0.210985E-02 0.315333E-01 0.450780E-03 0.720117E-01  0.00000     0.130057     0.491035E-01 0.947383E-02 0.424646E-03  0.00000    
  1556.39      2500.00     0.299902     0.210915E-02 0.314674E-01 0.429218E-03 0.712270E-01  0.00000     0.127482     0.490342E-01 0.947279E-02 0.424646E-03  0.00000    
  1553.88      2500.00     0.296804     0.210849E-02 0.314027E-01 0.408406E-03 0.704591E-01  0.00000     0.124978     0.489649E-01 0.947178E-02 0.424646E-03  0.00000    
  1551.38      2500.00     0.293765     0.210781E-02 0.313395E-01 0.388604E-03 0.697061E-01  0.00000     0.122531     0.488952E-01 0.947077E-02 0.424646E-03  0.00000    
  1548.87      2500.00     0.290792     0.210712E-02 0.312773E-01 0.369656E-03 0.689678E-01  0.00000     0.120145     0.488249E-01 0.946979E-02 0.424646E-03  0.00000    
  1546.37      2500.00     0.287887     0.210643E-02 0.312162E-01 0.351419E-03 0.682437E-01  0.00000     0.117819     0.487553E-01 0.946882E-02 0.424646E-03  0.00000    
  1543.86      2500.00     0.285045     0.210575E-02 0.311562E-01 0.333832E-03 0.675315E-01  0.00000     0.115552     0.486857E-01 0.946786E-02 0.424646E-03  0.00000    
  1541.35      2500.00     0.282268     0.210506E-02 0.310973E-01 0.316686E-03 0.668307E-01  0.00000     0.113341     0.486160E-01 0.946690E-02 0.424646E-03  0.00000    
  1538.85      2500.00     0.279542     0.210436E-02 0.310393E-01 0.300702E-03 0.661444E-01  0.00000     0.111182     0.485464E-01 0.946597E-02 0.424646E-03  0.00000    
  1536.34      2500.00     0.276839     0.210356E-02 0.309801E-01 0.284104E-03 0.654602E-01  0.00000     0.109051     0.484759E-01 0.946503E-02 0.424646E-03  0.00000    
  1533.83      2500.00     0.274274     0.210286E-02 0.309253E-01 0.269775E-03 0.648053E-01  0.00000     0.107022     0.484079E-01 0.946415E-02 0.424646E-03  0.00000    
  1531.33      2500.00     0.271705     0.210212E-02 0.308697E-01 0.255808E-03 0.641546E-01  0.00000     0.105008     0.483378E-01 0.946326E-02 0.424646E-03  0.00000    
  1528.82      2500.00     0.269201     0.210138E-02 0.308148E-01 0.241872E-03 0.635148E-01  0.00000     0.103045     0.482682E-01 0.946238E-02 0.424646E-03  0.00000    
  1526.32      2500.00     0.266744     0.210063E-02 0.307614E-01 0.228926E-03 0.628830E-01  0.00000     0.101120     0.481984E-01 0.946152E-02 0.424646E-03  0.00000    
  1523.81      2500.00     0.264317     0.209987E-02 0.307075E-01 0.216490E-03 0.622674E-01  0.00000     0.992466E-01 0.481276E-01 0.946065E-02 0.424646E-03  0.00000    
  1521.30      2500.00     0.261950     0.209911E-02 0.306549E-01 0.204225E-03 0.616571E-01  0.00000     0.974128E-01 0.480577E-01 0.945979E-02 0.424646E-03  0.00000    
  1518.80      2500.00     0.259629     0.209832E-02 0.306031E-01 0.192700E-03 0.610580E-01  0.00000     0.956220E-01 0.479875E-01 0.945895E-02 0.424646E-03  0.00000    
  1516.29      2500.00     0.257336     0.209753E-02 0.305520E-01 0.182125E-03 0.604681E-01  0.00000     0.938657E-01 0.479160E-01 0.945813E-02 0.424646E-03  0.00000    
  1513.78      2500.00     0.255083     0.209673E-02 0.305013E-01 0.171936E-03 0.598859E-01  0.00000     0.921474E-01 0.478446E-01 0.945730E-02 0.424646E-03  0.00000    
  1511.28      2500.00     0.252878     0.209592E-02 0.304516E-01 0.162017E-03 0.593141E-01  0.00000     0.904688E-01 0.477730E-01 0.945648E-02 0.424646E-03  0.00000    
  1508.77      2500.00     0.250709     0.209509E-02 0.304024E-01 0.152569E-03 0.587506E-01  0.00000     0.888247E-01 0.477009E-01 0.945567E-02 0.424646E-03  0.00000    
  1506.27      2500.00     0.248567     0.209421E-02 0.303535E-01 0.143863E-03 0.581958E-01  0.00000     0.872109E-01 0.476285E-01 0.945487E-02 0.424646E-03  0.00000    
  1503.76      2500.00     0.246468     0.209335E-02 0.303051E-01 0.135280E-03 0.576483E-01  0.00000     0.856336E-01 0.475558E-01 0.945407E-02 0.424646E-03  0.00000    
  1501.25      2500.00     0.244417     0.209247E-02 0.302576E-01 0.126868E-03 0.571095E-01  0.00000     0.840954E-01 0.474832E-01 0.945327E-02 0.424646E-03  0.00000    
  1498.75      2500.00     0.242046     0.206238E-02 0.302105E-01 0.124955E-03 0.564953E-01  0.00000     0.823955E-01 0.473501E-01 0.944517E-02 0.424208E-03  0.00000    
  1496.24      2500.00     0.239548     0.202575E-02 0.301598E-01 0.123872E-03 0.558714E-01  0.00000     0.806803E-01 0.471938E-01 0.943529E-02 0.423653E-03  0.00000    
  1493.73      2500.00     0.237093     0.199121E-02 0.301083E-01 0.122208E-03 0.552583E-01  0.00000     0.789952E-01 0.470385E-01 0.942593E-02 0.423146E-03  0.00000    
  1491.23      2500.00     0.234662     0.195505E-02 0.300574E-01 0.121097E-03 0.546484E-01  0.00000     0.773403E-01 0.468751E-01 0.941609E-02 0.422593E-03  0.00000    
  1488.72      2500.00     0.232254     0.191965E-02 0.300068E-01 0.119989E-03 0.540421E-01  0.00000     0.757125E-01 0.467055E-01 0.940621E-02 0.422054E-03  0.00000    
  1486.22      2500.00     0.229876     0.188446E-02 0.299558E-01 0.118878E-03 0.534417E-01  0.00000     0.741119E-01 0.465321E-01 0.939639E-02 0.421518E-03  0.00000    
  1483.71      2500.00     0.227524     0.184954E-02 0.299047E-01 0.117716E-03 0.528459E-01  0.00000     0.725368E-01 0.463552E-01 0.938646E-02 0.420961E-03  0.00000    
  1481.20      2500.00     0.225190     0.181481E-02 0.298530E-01 0.116509E-03 0.522538E-01  0.00000     0.709835E-01 0.461711E-01 0.937658E-02 0.420422E-03  0.00000    
  1478.70      2500.00     0.222871     0.178080E-02 0.298014E-01 0.115242E-03 0.516627E-01  0.00000     0.694532E-01 0.459792E-01 0.936656E-02 0.419869E-03  0.00000    
  1476.19      2500.00     0.220559     0.174743E-02 0.297494E-01 0.113969E-03 0.510734E-01  0.00000     0.679397E-01 0.457769E-01 0.935649E-02 0.419308E-03  0.00000    
  1473.68      2500.00     0.218252     0.171457E-02 0.296968E-01 0.112630E-03 0.504835E-01  0.00000     0.664421E-01 0.455644E-01 0.934634E-02 0.418753E-03  0.00000    
  1471.18      2500.00     0.215935     0.168159E-02 0.296428E-01 0.111128E-03 0.498916E-01  0.00000     0.649511E-01 0.453377E-01 0.933584E-02 0.418197E-03  0.00000    
  1468.67      2500.00     0.214639     0.167895E-02 0.296107E-01 0.106556E-03 0.496031E-01  0.00000     0.641935E-01 0.450956E-01 0.933173E-02 0.417984E-03  0.00000    
  1466.17      2500.00     0.210534     0.163408E-02 0.295146E-01 0.102594E-03 0.486340E-01  0.00000     0.617733E-01 0.444089E-01 0.931166E-02 0.416857E-03  0.00000    
  1463.66      2500.00     0.207301     0.161187E-02 0.294394E-01 0.979468E-04 0.479602E-01  0.00000     0.600606E-01 0.435993E-01 0.929453E-02 0.415907E-03  0.00000    
  1461.15      2500.00     0.204157     0.158997E-02 0.293638E-01 0.934406E-04 0.472980E-01  0.00000     0.584033E-01 0.428109E-01 0.927788E-02 0.414981E-03  0.00000    
  1458.65      2500.00     0.201104     0.156790E-02 0.292875E-01 0.891215E-04 0.466499E-01  0.00000     0.567992E-01 0.420436E-01 0.926158E-02 0.414092E-03  0.00000    
  1456.14      2500.00     0.198134     0.154599E-02 0.292107E-01 0.849182E-04 0.460150E-01  0.00000     0.552442E-01 0.412959E-01 0.924573E-02 0.413227E-03  0.00000    
  1453.63      2500.00     0.195245     0.152429E-02 0.291333E-01 0.809034E-04 0.453907E-01  0.00000     0.537388E-01 0.405672E-01 0.923029E-02 0.412354E-03  0.00000    
  1451.13      2500.00     0.192434     0.150253E-02 0.290553E-01 0.769903E-04 0.447781E-01  0.00000     0.522797E-01 0.398567E-01 0.921515E-02 0.411523E-03  0.00000    
  1448.62      2500.00     0.189695     0.148078E-02 0.289767E-01 0.732729E-04 0.441761E-01  0.00000     0.508647E-01 0.391632E-01 0.920034E-02 0.410712E-03  0.00000    
  1446.12      2500.00     0.187029     0.145918E-02 0.288974E-01 0.696443E-04 0.435847E-01  0.00000     0.494925E-01 0.384866E-01 0.918590E-02 0.409925E-03  0.00000    
  1443.61      2500.00     0.184764     0.145022E-02 0.288300E-01 0.658117E-04 0.431359E-01  0.00000     0.484370E-01 0.377587E-01 0.917276E-02 0.409211E-03  0.00000    
  1441.10      2500.00     0.181894     0.141639E-02 0.287369E-01 0.628282E-04 0.424302E-01  0.00000     0.468692E-01 0.371802E-01 0.915791E-02 0.408393E-03  0.00000    
  1438.60      2500.00     0.179424     0.139505E-02 0.286557E-01 0.595761E-04 0.418679E-01  0.00000     0.456152E-01 0.365499E-01 0.914432E-02 0.407650E-03  0.00000    
  1436.09      2500.00     0.177013     0.137391E-02 0.285740E-01 0.564597E-04 0.413133E-01  0.00000     0.443973E-01 0.359333E-01 0.913100E-02 0.406934E-03  0.00000    
  1433.58      2500.00     0.174663     0.135284E-02 0.284916E-01 0.534254E-04 0.407681E-01  0.00000     0.432156E-01 0.353313E-01 0.911797E-02 0.406221E-03  0.00000    
  1431.08      2500.00     0.170500     0.131229E-02 0.279649E-01 0.499301E-04 0.399195E-01  0.00000     0.414430E-01 0.342179E-01 0.909967E-02 0.405219E-03  0.00000    
  1428.57      2500.00     0.165244     0.126090E-02 0.271512E-01 0.462351E-04 0.388726E-01  0.00000     0.393298E-01 0.327918E-01 0.907792E-02 0.404023E-03  0.00000    
  1426.07      2500.00     0.159947     0.122832E-02 0.262834E-01 0.418044E-04 0.376242E-01  0.00000     0.370236E-01 0.312929E-01 0.905843E-02 0.403295E-03  0.00000    
  1423.56      2500.00     0.155790     0.120116E-02 0.256051E-01 0.391464E-04 0.366405E-01  0.00000     0.352149E-01 0.301114E-01 0.904213E-02 0.402413E-03  0.00000    
  1421.05      2500.00     0.151491     0.117325E-02 0.249012E-01 0.364507E-04 0.356028E-01  0.00000     0.333605E-01 0.288895E-01 0.902463E-02 0.401448E-03  0.00000    
  1418.55      2500.00     0.147444     0.114693E-02 0.242377E-01 0.339470E-04 0.346075E-01  0.00000     0.316276E-01 0.277378E-01 0.900744E-02 0.400533E-03  0.00000    
  1416.04      2500.00     0.143628     0.112243E-02 0.236123E-01 0.317141E-04 0.336526E-01  0.00000     0.300081E-01 0.266518E-01 0.899061E-02 0.399615E-03  0.00000    
  1413.53      2500.00     0.140021     0.109928E-02 0.230203E-01 0.296158E-04 0.327329E-01  0.00000     0.284896E-01 0.256241E-01 0.897405E-02 0.398740E-03  0.00000    
  1411.03      2500.00     0.136613     0.107768E-02 0.224608E-01 0.276198E-04 0.318480E-01  0.00000     0.270678E-01 0.246531E-01 0.895783E-02 0.397862E-03  0.00000    
  1408.52      2500.00     0.133385     0.105742E-02 0.219304E-01 0.257739E-04 0.309955E-01  0.00000     0.257316E-01 0.237326E-01 0.894191E-02 0.396990E-03  0.00000    
  1406.02      2500.00     0.130326     0.103825E-02 0.214275E-01 0.240946E-04 0.301735E-01  0.00000     0.244762E-01 0.228597E-01 0.892623E-02 0.396139E-03  0.00000    
  1403.51      2500.00     0.127422     0.102019E-02 0.209499E-01 0.224789E-04 0.293799E-01  0.00000     0.232948E-01 0.220308E-01 0.891081E-02 0.395303E-03  0.00000    
  1401.00      2500.00     0.124637     0.100322E-02 0.204910E-01 0.210730E-04 0.286019E-01  0.00000     0.221752E-01 0.212336E-01 0.889556E-02 0.394458E-03  0.00000    
  1398.50      2500.00     0.122033     0.986979E-03 0.200634E-01 0.197268E-04 0.278684E-01  0.00000     0.211337E-01 0.204912E-01 0.888066E-02 0.393671E-03  0.00000    
  1395.99      2500.00     0.119535     0.971716E-03 0.196523E-01 0.184506E-04 0.271514E-01  0.00000     0.201446E-01 0.197772E-01 0.886593E-02 0.392876E-03  0.00000    
  1393.48      2500.00     0.117154     0.957241E-03 0.192602E-01 0.172679E-04 0.264567E-01  0.00000     0.192102E-01 0.190962E-01 0.885139E-02 0.392109E-03  0.00000    
  1390.98      2500.00     0.114885     0.943424E-03 0.188866E-01 0.161249E-04 0.257846E-01  0.00000     0.183276E-01 0.184471E-01 0.883704E-02 0.391346E-03  0.00000    
  1388.47      2500.00     0.112720     0.930327E-03 0.185299E-01 0.150960E-04 0.251335E-01  0.00000     0.174926E-01 0.178272E-01 0.882289E-02 0.390595E-03  0.00000    
  1385.96      2500.00     0.110649     0.917890E-03 0.181889E-01 0.141383E-04 0.245015E-01  0.00000     0.167019E-01 0.172343E-01 0.880892E-02 0.389853E-03  0.00000    
  1383.46      2500.00     0.108671     0.906016E-03 0.178632E-01 0.132210E-04 0.238889E-01  0.00000     0.159536E-01 0.166679E-01 0.879512E-02 0.389116E-03  0.00000    
  1380.95      2500.00     0.106777     0.894690E-03 0.175515E-01 0.123843E-04 0.232941E-01  0.00000     0.152441E-01 0.161256E-01 0.878147E-02 0.388400E-03  0.00000    
  1378.45      2500.00     0.104964     0.883871E-03 0.172531E-01 0.115942E-04 0.227167E-01  0.00000     0.145711E-01 0.156062E-01 0.876798E-02 0.387689E-03  0.00000    
  1375.94      2500.00     0.103226     0.873514E-03 0.169672E-01 0.108575E-04 0.221555E-01  0.00000     0.139324E-01 0.151083E-01 0.875463E-02 0.386982E-03  0.00000    
  1373.43      2500.00     0.101559     0.863588E-03 0.166931E-01 0.101758E-04 0.216097E-01  0.00000     0.133260E-01 0.146307E-01 0.874141E-02 0.386285E-03  0.00000    
  1370.93      2500.00     0.999580E-01 0.854033E-03 0.164300E-01 0.952037E-05 0.210785E-01  0.00000     0.127499E-01 0.141722E-01 0.872830E-02 0.385601E-03  0.00000    
  1368.42      2500.00     0.984214E-01 0.844769E-03 0.161775E-01 0.888649E-05 0.205622E-01  0.00000     0.122022E-01 0.137321E-01 0.871529E-02 0.384932E-03  0.00000    
  1365.91      2500.00     0.969407E-01 0.835956E-03 0.159344E-01 0.828160E-05 0.200571E-01  0.00000     0.116816E-01 0.133082E-01 0.870239E-02 0.384262E-03  0.00000    
  1363.41      2500.00     0.955195E-01 0.827391E-03 0.157016E-01 0.775550E-05 0.195683E-01  0.00000     0.111861E-01 0.129018E-01 0.868961E-02 0.383598E-03  0.00000    
  1360.90      2500.00     0.941512E-01 0.819121E-03 0.154775E-01 0.724281E-05 0.190916E-01  0.00000     0.107143E-01 0.125105E-01 0.867691E-02 0.382941E-03  0.00000    
  1358.40      2500.00     0.928333E-01 0.811135E-03 0.152620E-01 0.678890E-05 0.186273E-01  0.00000     0.102648E-01 0.121338E-01 0.866431E-02 0.382285E-03  0.00000    
  1355.89      2500.00     0.915627E-01 0.803397E-03 0.150544E-01 0.633916E-05 0.181745E-01  0.00000     0.983658E-02 0.117711E-01 0.865178E-02 0.381636E-03  0.00000    
  1353.38      2500.00     0.903280E-01 0.795931E-03 0.148520E-01 0.571252E-05 0.177296E-01  0.00000     0.942652E-02 0.114205E-01 0.863930E-02 0.381013E-03  0.00000    
  1350.88      2500.00     0.891550E-01 0.788684E-03 0.146617E-01 0.532691E-05 0.173028E-01  0.00000     0.903984E-02 0.110857E-01 0.862694E-02 0.380379E-03  0.00000    
  1348.37      2500.00     0.880139E-01 0.781455E-03 0.144761E-01 0.498201E-05 0.168838E-01  0.00000     0.866821E-02 0.107608E-01 0.861458E-02 0.379746E-03  0.00000    
  1345.86      2500.00     0.869110E-01 0.774381E-03 0.142970E-01 0.463275E-05 0.164748E-01  0.00000     0.831359E-02 0.104473E-01 0.860225E-02 0.379123E-03  0.00000    
  1343.36      2500.00     0.858452E-01 0.767464E-03 0.141242E-01 0.429671E-05 0.160762E-01  0.00000     0.797501E-02 0.101449E-01 0.858997E-02 0.378491E-03  0.00000    
  1340.85      2500.00     0.848139E-01 0.760646E-03 0.139575E-01 0.400505E-05 0.156873E-01  0.00000     0.765151E-02 0.985270E-02 0.857771E-02 0.377867E-03  0.00000    
  1338.35      2500.00     0.838157E-01 0.753934E-03 0.137964E-01 0.372289E-05 0.153078E-01  0.00000     0.734231E-02 0.957042E-02 0.856548E-02 0.377240E-03  0.00000    
  1335.84      2500.00     0.828493E-01 0.747282E-03 0.136408E-01 0.345937E-05 0.149376E-01  0.00000     0.704686E-02 0.929776E-02 0.855324E-02 0.376620E-03  0.00000    
  1333.33      2500.00     0.819125E-01 0.740697E-03 0.134903E-01 0.322025E-05 0.145762E-01  0.00000     0.676425E-02 0.903402E-02 0.854100E-02 0.375999E-03  0.00000    
  1330.83      2500.00     0.810039E-01 0.734141E-03 0.133447E-01 0.299593E-05 0.142233E-01  0.00000     0.649399E-02 0.877890E-02 0.852875E-02 0.375380E-03  0.00000    
  1328.32      2500.00     0.801227E-01 0.727630E-03 0.132039E-01 0.276234E-05 0.138788E-01  0.00000     0.623539E-02 0.853221E-02 0.851647E-02 0.374770E-03  0.00000    
  1325.81      2500.00     0.792676E-01 0.721148E-03 0.130675E-01 0.255078E-05 0.135426E-01  0.00000     0.598776E-02 0.829347E-02 0.850419E-02 0.374151E-03  0.00000    
  1323.31      2500.00     0.784361E-01 0.714630E-03 0.129355E-01 0.237916E-05 0.132142E-01  0.00000     0.575071E-02 0.806214E-02 0.849184E-02 0.373527E-03  0.00000    
  1320.80      2500.00     0.776289E-01 0.708119E-03 0.128076E-01 0.219731E-05 0.128938E-01  0.00000     0.552366E-02 0.783835E-02 0.847946E-02 0.372910E-03  0.00000    
  1318.30      2500.00     0.768436E-01 0.701601E-03 0.126836E-01 0.203947E-05 0.125808E-01  0.00000     0.530610E-02 0.762140E-02 0.846702E-02 0.372292E-03  0.00000    
  1315.79      2500.00     0.760805E-01 0.695071E-03 0.125635E-01 0.188850E-05 0.122756E-01  0.00000     0.509743E-02 0.741134E-02 0.845455E-02 0.371672E-03  0.00000    
  1313.28      2500.00     0.753323E-01 0.688600E-03 0.124454E-01 0.168361E-05 0.119735E-01  0.00000     0.489684E-02 0.720643E-02 0.844207E-02 0.371065E-03  0.00000    
  1310.78      2500.00     0.724185E-01 0.676347E-03 0.119695E-01 0.145887E-05 0.114095E-01  0.00000     0.453293E-02 0.682405E-02 0.816661E-02 0.367142E-03  0.00000    
  1308.27      2500.00     0.522328E-01 0.609355E-03 0.863090E-02 0.684747E-06 0.859537E-02  0.00000     0.293401E-02 0.497802E-02 0.582550E-02 0.329071E-03  0.00000    
  1305.76      2500.00     0.395022E-01 0.560778E-03 0.652589E-02 0.352854E-06 0.674027E-02  0.00000     0.199737E-02 0.379627E-02 0.435752E-02 0.299431E-03  0.00000    
  1303.26      2500.00     0.309314E-01 0.523332E-03 0.510936E-02 0.193473E-06 0.544154E-02  0.00000     0.141092E-02 0.299019E-02 0.337503E-02 0.275455E-03  0.00000    
  1300.75      2500.00     0.248651E-01 0.492913E-03 0.410767E-02 0.107952E-06 0.449069E-02  0.00000     0.102439E-02 0.241382E-02 0.268418E-02 0.255335E-03  0.00000    
  1298.25      2500.00     0.203426E-01 0.466003E-03 0.336214E-02 0.100684E-06 0.375857E-02  0.00000     0.757911E-03 0.198055E-02 0.217291E-02 0.238025E-03  0.00000    
  1295.74      2500.00     0.169964E-01 0.444050E-03 0.281100E-02 0.615593E-07 0.320364E-02  0.00000     0.572253E-03 0.165789E-02 0.179724E-02 0.223041E-03  0.00000    
  1293.23      2500.00     0.134875E-01 0.376782E-03 0.222700E-02 0.319087E-07 0.258307E-02  0.00000     0.403803E-03 0.131492E-02 0.140082E-02 0.204249E-03  0.00000    
  1290.73      2500.00     0.986348E-02 0.268832E-03 0.161995E-02 0.117330E-07 0.190718E-02  0.00000     0.255164E-03 0.955930E-03 0.992280E-03 0.179385E-03  0.00000    
  1288.22      2500.00     0.741731E-02 0.197582E-03 0.121083E-02  0.00000     0.144009E-02  0.00000     0.165488E-03 0.711086E-03 0.720664E-03 0.158199E-03  0.00000    
  1285.71      2500.00     0.567839E-02 0.147983E-03 0.920601E-03  0.00000     0.110242E-02  0.00000     0.108791E-03 0.536680E-03 0.531130E-03 0.139497E-03  0.00000    
  1283.21      2500.00     0.384612E-02 0.948538E-04 0.613260E-03  0.00000     0.743967E-03  0.00000     0.542255E-04 0.353097E-03 0.337726E-03 0.111842E-03  0.00000    
  1280.70      2500.00     0.345182E-02 0.855443E-04 0.548323E-03  0.00000     0.667783E-03  0.00000     0.448661E-04 0.314923E-03 0.296396E-03 0.105132E-03  0.00000    
  1278.20      2500.00     0.259854E-02 0.627068E-04 0.406519E-03  0.00000     0.495952E-03  0.00000     0.277522E-04 0.230391E-03 0.211703E-03 0.865549E-04  0.00000    
  1275.69      2500.00     0.190062E-02 0.442387E-04 0.290728E-03  0.00000     0.355914E-03  0.00000     0.159084E-04 0.162695E-03 0.146256E-03 0.671366E-04  0.00000    
  1273.18      2500.00     0.141240E-02 0.313889E-04 0.209969E-03  0.00000     0.257322E-03  0.00000     0.907520E-05 0.115887E-03 0.102893E-03 0.511413E-04  0.00000    
  1270.68      2500.00     0.688845E-03 0.122645E-04 0.927709E-04  0.00000     0.118696E-03  0.00000     0.201755E-05 0.512233E-04 0.440026E-04 0.239306E-04  0.00000    
  1268.17      2500.00     0.649603E-03 0.112975E-04 0.866823E-04  0.00000     0.108598E-03  0.00000     0.169542E-05 0.458013E-04 0.412603E-04 0.225071E-04  0.00000    
  1265.66      2500.00     0.616374E-03 0.104915E-04 0.812323E-04  0.00000     0.100361E-03  0.00000     0.144901E-05 0.426255E-04 0.386142E-04 0.212263E-04  0.00000    
  1263.16      2500.00     0.599593E-03 0.102812E-04 0.792411E-04  0.00000     0.940219E-04  0.00000     0.122736E-05 0.409823E-04 0.374830E-04 0.207112E-04  0.00000    
  1260.65      2500.00     0.514601E-03 0.802296E-05 0.644998E-04  0.00000     0.772057E-04  0.00000     0.875322E-06 0.333041E-04 0.304757E-04 0.171872E-04  0.00000    
  1258.15      2500.00     0.490988E-03 0.770283E-05 0.614947E-04  0.00000     0.698286E-04  0.00000     0.672417E-06 0.306509E-04 0.289016E-04 0.164453E-04  0.00000    
  1255.64      2500.00     0.453629E-03 0.656330E-05 0.547173E-04  0.00000     0.632826E-04  0.00000     0.536676E-06 0.276706E-04 0.256703E-04 0.148817E-04  0.00000    
  1253.13      2500.00     0.428659E-03 0.595770E-05 0.506745E-04  0.00000     0.575877E-04  0.00000     0.421111E-06 0.253444E-04 0.236848E-04 0.139100E-04  0.00000    
  1250.63      2500.00     0.392157E-03 0.532669E-05 0.454603E-04  0.00000     0.476880E-04  0.00000     0.288962E-06 0.214594E-04 0.210996E-04 0.126751E-04  0.00000    
  1248.12      2500.00     0.369639E-03 0.476627E-05 0.418614E-04  0.00000     0.428754E-04  0.00000     0.204969E-06 0.194449E-04 0.193220E-04 0.118438E-04  0.00000    
  1245.61      2500.00     0.345958E-03 0.424366E-05 0.379356E-04  0.00000     0.380040E-04  0.00000     0.135782E-06 0.177057E-04 0.174645E-04 0.109024E-04  0.00000    
  1243.11      2500.00     0.335623E-03 0.396417E-05 0.362791E-04  0.00000     0.355024E-04  0.00000     0.108823E-06 0.168706E-04 0.166644E-04 0.105408E-04  0.00000    
  1240.60      2500.00     0.319181E-03 0.358026E-05 0.337093E-04  0.00000     0.318131E-04  0.00000     0.799287E-07 0.153190E-04 0.154413E-04 0.989225E-05  0.00000    
  1238.10      2500.00     0.305757E-03 0.326476E-05 0.315702E-04  0.00000     0.289077E-04  0.00000     0.604378E-07 0.141453E-04 0.143892E-04 0.938914E-05  0.00000    
  1235.59      2500.00     0.297541E-03 0.302517E-05 0.301331E-04  0.00000     0.275124E-04  0.00000     0.538132E-07 0.136072E-04 0.137282E-04 0.901465E-05  0.00000    
  1233.08      2500.00     0.284609E-03 0.275396E-05 0.281863E-04  0.00000     0.245569E-04  0.00000     0.380913E-07 0.123011E-04 0.127442E-04 0.853895E-05  0.00000    
  1230.58      2500.00     0.275571E-03 0.253811E-05 0.267334E-04  0.00000     0.227439E-04  0.00000     0.237081E-07 0.115343E-04 0.120147E-04 0.819260E-05  0.00000    
  1228.07      2500.00     0.275571E-03 0.253811E-05 0.267334E-04  0.00000     0.227439E-04  0.00000     0.237081E-07 0.115343E-04 0.120147E-04 0.819260E-05  0.00000    
  1225.56      2500.00     0.275571E-03 0.253811E-05 0.267334E-04  0.00000     0.227439E-04  0.00000     0.237081E-07 0.115343E-04 0.120147E-04 0.819260E-05  0.00000    
  1223.06      2500.00     0.275571E-03 0.253811E-05 0.267334E-04  0.00000     0.227439E-04  0.00000     0.237081E-07 0.115343E-04 0.120147E-04 0.819260E-05  0.00000    
  1220.55      2500.00     0.275571E-03 0.253811E-05 0.267334E-04  0.00000     0.227439E-04  0.00000     0.237081E-07 0.115343E-04 0.120147E-04 0.819260E-05  0.00000    
  1218.05      2500.00     0.275571E-03 0.253811E-05 0.267334E-04  0.00000     0.227439E-04  0.00000     0.237081E-07 0.115343E-04 0.120147E-04 0.819260E-05  0.00000    
  1215.54      2500.00     0.275571E-03 0.253811E-05 0.267334E-04  0.00000     0.227439E-04  0.00000     0.237081E-07 0.115343E-04 0.120147E-04 0.819260E-05  0.00000    
  1213.03      2500.00     0.275571E-03 0.253811E-05 0.267334E-04  0.00000     0.227439E-04  0.00000     0.237081E-07 0.115343E-04 0.120147E-04 0.819260E-05  0.00000    
  1210.53      2500.00     0.275571E-03 0.253811E-05 0.267334E-04  0.00000     0.227439E-04  0.00000     0.237081E-07 0.115343E-04 0.120147E-04 0.819260E-05  0.00000    
  1208.02      2500.00     0.275571E-03 0.253811E-05 0.267334E-04  0.00000     0.227439E-04  0.00000     0.237081E-07 0.115343E-04 0.120147E-04 0.819260E-05  0.00000    
  1205.51      2500.00     0.275571E-03 0.253811E-05 0.267334E-04  0.00000     0.227439E-04  0.00000     0.237081E-07 0.115343E-04 0.120147E-04 0.819260E-05  0.00000    
  1203.01      2500.00     0.275571E-03 0.253811E-05 0.267334E-04  0.00000     0.227439E-04  0.00000     0.237081E-07 0.115343E-04 0.120147E-04 0.819260E-05  0.00000    
  1200.50      2500.00     0.275571E-03 0.253811E-05 0.267334E-04  0.00000     0.227439E-04  0.00000     0.237081E-07 0.115343E-04 0.120147E-04 0.819260E-05  0.00000    
  1197.99      2500.00     0.275571E-03 0.253811E-05 0.267334E-04  0.00000     0.227439E-04  0.00000     0.237081E-07 0.115343E-04 0.120147E-04 0.819260E-05  0.00000    
  1195.49      2500.00     0.275571E-03 0.253811E-05 0.267334E-04  0.00000     0.227439E-04  0.00000     0.237081E-07 0.115343E-04 0.120147E-04 0.819260E-05  0.00000    
  1192.98      2500.00     0.275571E-03 0.253811E-05 0.267334E-04  0.00000     0.227439E-04  0.00000     0.237081E-07 0.115343E-04 0.120147E-04 0.819260E-05  0.00000    
  1190.48      2500.00     0.275571E-03 0.253811E-05 0.267334E-04  0.00000     0.227439E-04  0.00000     0.237081E-07 0.115343E-04 0.120147E-04 0.819260E-05  0.00000    
  1187.97      2500.00     0.275571E-03 0.253811E-05 0.267334E-04  0.00000     0.227439E-04  0.00000     0.237081E-07 0.115343E-04 0.120147E-04 0.819260E-05  0.00000    
  1185.46      2500.00     0.275571E-03 0.253811E-05 0.267334E-04  0.00000     0.227439E-04  0.00000     0.237081E-07 0.115343E-04 0.120147E-04 0.819260E-05  0.00000    
  1182.96      2500.00     0.275571E-03 0.253811E-05 0.267334E-04  0.00000     0.227439E-04  0.00000     0.237081E-07 0.115343E-04 0.120147E-04 0.819260E-05  0.00000    
  1180.45      2500.00     0.275571E-03 0.253811E-05 0.267334E-04  0.00000     0.227439E-04  0.00000     0.237081E-07 0.115343E-04 0.120147E-04 0.819260E-05  0.00000    
  1177.94      2500.00     0.275571E-03 0.253811E-05 0.267334E-04  0.00000     0.227439E-04  0.00000     0.237081E-07 0.115343E-04 0.120147E-04 0.819260E-05  0.00000    
  1175.44      2500.00     0.275571E-03 0.253811E-05 0.267334E-04  0.00000     0.227439E-04  0.00000     0.237081E-07 0.115343E-04 0.120147E-04 0.819260E-05  0.00000    
  1172.93      2500.00     0.275571E-03 0.253811E-05 0.267334E-04  0.00000     0.227439E-04  0.00000     0.237081E-07 0.115343E-04 0.120147E-04 0.819260E-05  0.00000    
  1170.43      2500.00     0.275571E-03 0.253811E-05 0.267334E-04  0.00000     0.227439E-04  0.00000     0.237081E-07 0.115343E-04 0.120147E-04 0.819260E-05  0.00000    
  1167.92      2500.00     0.275571E-03 0.253811E-05 0.267334E-04  0.00000     0.227439E-04  0.00000     0.237081E-07 0.115343E-04 0.120147E-04 0.819260E-05  0.00000    
  1165.41      2500.00     0.275571E-03 0.253811E-05 0.267334E-04  0.00000     0.227439E-04  0.00000     0.237081E-07 0.115343E-04 0.120147E-04 0.819260E-05  0.00000    
  1162.91      2500.00     0.275571E-03 0.253811E-05 0.267334E-04  0.00000     0.227439E-04  0.00000     0.237081E-07 0.115343E-04 0.120147E-04 0.819260E-05  0.00000    
  1160.40      2500.00     0.275571E-03 0.253811E-05 0.267334E-04  0.00000     0.227439E-04  0.00000     0.237081E-07 0.115343E-04 0.120147E-04 0.819260E-05  0.00000    
  1157.89      2500.00     0.275571E-03 0.253811E-05 0.267334E-04  0.00000     0.227439E-04  0.00000     0.237081E-07 0.115343E-04 0.120147E-04 0.819260E-05  0.00000    
  1155.39      2500.00     0.275571E-03 0.253811E-05 0.267334E-04  0.00000     0.227439E-04  0.00000     0.237081E-07 0.115343E-04 0.120147E-04 0.819260E-05  0.00000    
  1152.88      2500.00     0.275571E-03 0.253811E-05 0.267334E-04  0.00000     0.227439E-04  0.00000     0.237081E-07 0.115343E-04 0.120147E-04 0.819260E-05  0.00000    
  1150.38      2500.00     0.275571E-03 0.253811E-05 0.267334E-04  0.00000     0.227439E-04  0.00000     0.237081E-07 0.115343E-04 0.120147E-04 0.819260E-05  0.00000    
  1147.87      2500.00     0.275571E-03 0.253811E-05 0.267334E-04  0.00000     0.227439E-04  0.00000     0.237081E-07 0.115343E-04 0.120147E-04 0.819260E-05  0.00000    
  1145.36      2500.00     0.275571E-03 0.253811E-05 0.267334E-04  0.00000     0.227439E-04  0.00000     0.237081E-07 0.115343E-04 0.120147E-04 0.819260E-05  0.00000    
  1142.86      2500.00     0.275571E-03 0.253811E-05 0.267334E-04  0.00000     0.227439E-04  0.00000     0.237081E-07 0.115343E-04 0.120147E-04 0.819260E-05  0.00000    
  1140.35      2500.00     0.275571E-03 0.253811E-05 0.267334E-04  0.00000     0.227439E-04  0.00000     0.237081E-07 0.115343E-04 0.120147E-04 0.819260E-05  0.00000    
  1137.84      2500.00     0.275571E-03 0.253811E-05 0.267334E-04  0.00000     0.227439E-04  0.00000     0.237081E-07 0.115343E-04 0.120147E-04 0.819260E-05  0.00000    
  1135.34      2500.00     0.275571E-03 0.253811E-05 0.267334E-04  0.00000     0.227439E-04  0.00000     0.237081E-07 0.115343E-04 0.120147E-04 0.819260E-05  0.00000    
  1132.83      2500.00     0.275571E-03 0.253811E-05 0.267334E-04  0.00000     0.227439E-04  0.00000     0.237081E-07 0.115343E-04 0.120147E-04 0.819260E-05  0.00000    
  1130.33      2500.00     0.275571E-03 0.253811E-05 0.267334E-04  0.00000     0.227439E-04  0.00000     0.237081E-07 0.115343E-04 0.120147E-04 0.819260E-05  0.00000    
  1127.82      2500.00     0.275571E-03 0.253811E-05 0.267334E-04  0.00000     0.227439E-04  0.00000     0.237081E-07 0.115343E-04 0.120147E-04 0.819260E-05  0.00000    
  1125.31      2500.00     0.275571E-03 0.253811E-05 0.267334E-04  0.00000     0.227439E-04  0.00000     0.237081E-07 0.115343E-04 0.120147E-04 0.819260E-05  0.00000    
  1122.81      2500.00     0.275571E-03 0.253811E-05 0.267334E-04  0.00000     0.227439E-04  0.00000     0.237081E-07 0.115343E-04 0.120147E-04 0.819260E-05  0.00000    
  1120.30      2500.00     0.275571E-03 0.253811E-05 0.267334E-04  0.00000     0.227439E-04  0.00000     0.237081E-07 0.115343E-04 0.120147E-04 0.819260E-05  0.00000    
  1117.79      2500.00     0.275571E-03 0.253811E-05 0.267334E-04  0.00000     0.227439E-04  0.00000     0.237081E-07 0.115343E-04 0.120147E-04 0.819260E-05  0.00000    
  1115.29      2500.00     0.275571E-03 0.253811E-05 0.267334E-04  0.00000     0.227439E-04  0.00000     0.237081E-07 0.115343E-04 0.120147E-04 0.819260E-05  0.00000    
  1112.78      2500.00     0.275571E-03 0.253811E-05 0.267334E-04  0.00000     0.227439E-04  0.00000     0.237081E-07 0.115343E-04 0.120147E-04 0.819260E-05  0.00000    
  1110.28      2500.00     0.275571E-03 0.253811E-05 0.267334E-04  0.00000     0.227439E-04  0.00000     0.237081E-07 0.115343E-04 0.120147E-04 0.819260E-05  0.00000    
  1107.77      2500.00     0.275571E-03 0.253811E-05 0.267334E-04  0.00000     0.227439E-04  0.00000     0.237081E-07 0.115343E-04 0.120147E-04 0.819260E-05  0.00000    
  1105.26      2500.00     0.275571E-03 0.253811E-05 0.267334E-04  0.00000     0.227439E-04  0.00000     0.237081E-07 0.115343E-04 0.120147E-04 0.819260E-05  0.00000    
  1102.76      2500.00     0.275571E-03 0.253811E-05 0.267334E-04  0.00000     0.227439E-04  0.00000     0.237081E-07 0.115343E-04 0.120147E-04 0.819260E-05  0.00000    
  1100.25      2500.00     0.275571E-03 0.253811E-05 0.267334E-04  0.00000     0.227439E-04  0.00000     0.237081E-07 0.115343E-04 0.120147E-04 0.819260E-05  0.00000    
  1097.74      2500.00     0.275571E-03 0.253811E-05 0.267334E-04  0.00000     0.227439E-04  0.00000     0.237081E-07 0.115343E-04 0.120147E-04 0.819260E-05  0.00000    
  1095.24      2500.00     0.275571E-03 0.253811E-05 0.267334E-04  0.00000     0.227439E-04  0.00000     0.237081E-07 0.115343E-04 0.120147E-04 0.819260E-05  0.00000    
  1092.73      2500.00     0.275571E-03 0.253811E-05 0.267334E-04  0.00000     0.227439E-04  0.00000     0.237081E-07 0.115343E-04 0.120147E-04 0.819260E-05  0.00000    
  1090.23      2500.00     0.275571E-03 0.253811E-05 0.267334E-04  0.00000     0.227439E-04  0.00000     0.237081E-07 0.115343E-04 0.120147E-04 0.819260E-05  0.00000    
  1087.72      2500.00     0.275571E-03 0.253811E-05 0.267334E-04  0.00000     0.227439E-04  0.00000     0.237081E-07 0.115343E-04 0.120147E-04 0.819260E-05  0.00000    
  1085.21      2500.00     0.275571E-03 0.253811E-05 0.267334E-04  0.00000     0.227439E-04  0.00000     0.237081E-07 0.115343E-04 0.120147E-04 0.819260E-05  0.00000    
  1082.71      2500.00     0.275571E-03 0.253811E-05 0.267334E-04  0.00000     0.227439E-04  0.00000     0.237081E-07 0.115343E-04 0.120147E-04 0.819260E-05  0.00000    
  1080.20      2500.00     0.275571E-03 0.253811E-05 0.267334E-04  0.00000     0.227439E-04  0.00000     0.237081E-07 0.115343E-04 0.120147E-04 0.819260E-05  0.00000    
  1077.69      2500.00     0.275571E-03 0.253811E-05 0.267334E-04  0.00000     0.227439E-04  0.00000     0.237081E-07 0.115343E-04 0.120147E-04 0.819260E-05  0.00000    
  1075.19      2500.00     0.275571E-03 0.253811E-05 0.267334E-04  0.00000     0.227439E-04  0.00000     0.237081E-07 0.115343E-04 0.120147E-04 0.819260E-05  0.00000    
  1072.68      2500.00     0.275571E-03 0.253811E-05 0.267334E-04  0.00000     0.227439E-04  0.00000     0.237081E-07 0.115343E-04 0.120147E-04 0.819260E-05  0.00000    
  1070.18      2500.00     0.275571E-03 0.253811E-05 0.267334E-04  0.00000     0.227439E-04  0.00000     0.237081E-07 0.115343E-04 0.120147E-04 0.819260E-05  0.00000    
  1067.67      2500.00     0.275571E-03 0.253811E-05 0.267334E-04  0.00000     0.227439E-04  0.00000     0.237081E-07 0.115343E-04 0.120147E-04 0.819260E-05  0.00000    
  1065.16      2500.00     0.275571E-03 0.253811E-05 0.267334E-04  0.00000     0.227439E-04  0.00000     0.237081E-07 0.115343E-04 0.120147E-04 0.819260E-05  0.00000    
  1062.66      2500.00     0.275571E-03 0.253811E-05 0.267334E-04  0.00000     0.227439E-04  0.00000     0.237081E-07 0.115343E-04 0.120147E-04 0.819260E-05  0.00000    
  1060.15      2500.00     0.275571E-03 0.253811E-05 0.267334E-04  0.00000     0.227439E-04  0.00000     0.237081E-07 0.115343E-04 0.120147E-04 0.819260E-05  0.00000    
  1057.64      2500.00     0.275571E-03 0.253811E-05 0.267334E-04  0.00000     0.227439E-04  0.00000     0.237081E-07 0.115343E-04 0.120147E-04 0.819260E-05  0.00000    
  1055.14      2500.00     0.275571E-03 0.253811E-05 0.267334E-04  0.00000     0.227439E-04  0.00000     0.237081E-07 0.115343E-04 0.120147E-04 0.819260E-05  0.00000    
  1052.63      2500.00     0.275571E-03 0.253811E-05 0.267334E-04  0.00000     0.227439E-04  0.00000     0.237081E-07 0.115343E-04 0.120147E-04 0.819260E-05  0.00000    
  1050.13      2500.00     0.275571E-03 0.253811E-05 0.267334E-04  0.00000     0.227439E-04  0.00000     0.237081E-07 0.115343E-04 0.120147E-04 0.819260E-05  0.00000    
  1047.62      2500.00     0.275571E-03 0.253811E-05 0.267334E-04  0.00000     0.227439E-04  0.00000     0.237081E-07 0.115343E-04 0.120147E-04 0.819260E-05  0.00000    
  1045.11      2500.00     0.275571E-03 0.253811E-05 0.267334E-04  0.00000     0.227439E-04  0.00000     0.237081E-07 0.115343E-04 0.120147E-04 0.819260E-05  0.00000    
  1042.61      2500.00     0.275571E-03 0.253811E-05 0.267334E-04  0.00000     0.227439E-04  0.00000     0.237081E-07 0.115343E-04 0.120147E-04 0.819260E-05  0.00000    
  1040.10      2500.00     0.275571E-03 0.253811E-05 0.267334E-04  0.00000     0.227439E-04  0.00000     0.237081E-07 0.115343E-04 0.120147E-04 0.819260E-05  0.00000    
  1037.59      2500.00     0.275571E-03 0.253811E-05 0.267334E-04  0.00000     0.227439E-04  0.00000     0.237081E-07 0.115343E-04 0.120147E-04 0.819260E-05  0.00000    
  1035.09      2500.00     0.275571E-03 0.253811E-05 0.267334E-04  0.00000     0.227439E-04  0.00000     0.237081E-07 0.115343E-04 0.120147E-04 0.819260E-05  0.00000    
  1032.58      2500.00     0.275571E-03 0.253811E-05 0.267334E-04  0.00000     0.227439E-04  0.00000     0.237081E-07 0.115343E-04 0.120147E-04 0.819260E-05  0.00000    
  1030.08      2500.00     0.275571E-03 0.253811E-05 0.267334E-04  0.00000     0.227439E-04  0.00000     0.237081E-07 0.115343E-04 0.120147E-04 0.819260E-05  0.00000    
  1027.57      2500.00     0.275571E-03 0.253811E-05 0.267334E-04  0.00000     0.227439E-04  0.00000     0.237081E-07 0.115343E-04 0.120147E-04 0.819260E-05  0.00000    
  1025.06      2500.00     0.275571E-03 0.253811E-05 0.267334E-04  0.00000     0.227439E-04  0.00000     0.237081E-07 0.115343E-04 0.120147E-04 0.819260E-05  0.00000    
  1022.56      2500.00     0.275571E-03 0.253811E-05 0.267334E-04  0.00000     0.227439E-04  0.00000     0.237081E-07 0.115343E-04 0.120147E-04 0.819260E-05  0.00000    
  1020.05      2500.00     0.275571E-03 0.253811E-05 0.267334E-04  0.00000     0.227439E-04  0.00000     0.237081E-07 0.115343E-04 0.120147E-04 0.819260E-05  0.00000    
  1017.54      2500.00     0.275571E-03 0.253811E-05 0.267334E-04  0.00000     0.227439E-04  0.00000     0.237081E-07 0.115343E-04 0.120147E-04 0.819260E-05  0.00000    
  1015.04      2500.00     0.275571E-03 0.253811E-05 0.267334E-04  0.00000     0.227439E-04  0.00000     0.237081E-07 0.115343E-04 0.120147E-04 0.819260E-05  0.00000    
  1012.53      2500.00     0.275571E-03 0.253811E-05 0.267334E-04  0.00000     0.227439E-04  0.00000     0.237081E-07 0.115343E-04 0.120147E-04 0.819260E-05  0.00000    
  1010.03      2500.00     0.275571E-03 0.253811E-05 0.267334E-04  0.00000     0.227439E-04  0.00000     0.237081E-07 0.115343E-04 0.120147E-04 0.819260E-05  0.00000    
  1007.52      2500.00     0.275571E-03 0.253811E-05 0.267334E-04  0.00000     0.227439E-04  0.00000     0.237081E-07 0.115343E-04 0.120147E-04 0.819260E-05  0.00000    
  1005.01      2500.00     0.275571E-03 0.253811E-05 0.267334E-04  0.00000     0.227439E-04  0.00000     0.237081E-07 0.115343E-04 0.120147E-04 0.819260E-05  0.00000    
  1002.51      2500.00     0.275571E-03 0.253811E-05 0.267334E-04  0.00000     0.227439E-04  0.00000     0.237081E-07 0.115343E-04 0.120147E-04 0.819260E-05  0.00000    
  1000.00      2500.00     0.275571E-03 0.253811E-05 0.267334E-04  0.00000     0.227439E-04  0.00000     0.237081E-07 0.115343E-04 0.120147E-04 0.819260E-05  0.00000    
