T(K)	P(bar)	SiO2	TiO2	Al2O3	Cr2O3	FeO	MnO	MgO	CaO	Na2O	K2O	NiO
  1699.25      2500.00     0.810532     0.676131E-02 0.516794E-01 0.463470E-02 0.241048     0.733045E-02 0.487281     0.113594     0.774456E-02 0.212323E-03 0.401644E-03
  1696.74      2500.00     0.810532     0.676128E-02 0.516684E-01 0.457759E-02 0.241001     0.733045E-02 0.487256     0.113594     0.774456E-02 0.212323E-03 0.401644E-03
  1694.24      2500.00     0.810532     0.676126E-02 0.516573E-01 0.452107E-02 0.240954     0.733045E-02 0.487232     0.113594     0.774456E-02 0.212323E-03 0.401644E-03
  1691.73      2500.00     0.810532     0.676123E-02 0.516463E-01 0.446507E-02 0.240907     0.733045E-02 0.487208     0.113594     0.774456E-02 0.212323E-03 0.401644E-03
  1689.22      2500.00     0.810532     0.676120E-02 0.516353E-01 0.440954E-02 0.240861     0.733045E-02 0.487184     0.113594     0.774456E-02 0.212323E-03 0.401644E-03
  1686.72      2500.00     0.810532     0.676117E-02 0.516244E-01 0.435451E-02 0.240816     0.733045E-02 0.487160     0.113594     0.774456E-02 0.212323E-03 0.401644E-03
  1684.21      2500.00     0.810532     0.676114E-02 0.516134E-01 0.429999E-02 0.240770     0.733045E-02 0.487137     0.113594     0.774456E-02 0.212323E-03 0.401644E-03
  1681.70      2500.00     0.810532     0.676111E-02 0.516024E-01 0.424601E-02 0.240725     0.733045E-02 0.487114     0.113594     0.774456E-02 0.212323E-03 0.401644E-03
  1679.20      2500.00     0.810532     0.676109E-02 0.515915E-01 0.419239E-02 0.240680     0.733045E-02 0.487091     0.113594     0.774456E-02 0.212323E-03 0.401644E-03
  1676.69      2500.00     0.810532     0.676106E-02 0.515806E-01 0.413937E-02 0.240635     0.733045E-02 0.487068     0.113594     0.774456E-02 0.212323E-03 0.401644E-03
  1674.19      2500.00     0.810532     0.676103E-02 0.515697E-01 0.408696E-02 0.240591     0.733045E-02 0.487046     0.113594     0.774456E-02 0.212323E-03 0.401644E-03
  1671.68      2500.00     0.810532     0.676097E-02 0.515481E-01 0.398443E-02 0.240504     0.733045E-02 0.487002     0.113594     0.774456E-02 0.212323E-03 0.401644E-03
  1669.17      2500.00     0.810532     0.676097E-02 0.515479E-01 0.398338E-02 0.240503     0.733045E-02 0.487002     0.113594     0.774456E-02 0.212323E-03 0.401644E-03
  1666.67      2500.00     0.810532     0.676094E-02 0.515370E-01 0.393237E-02 0.240460     0.733045E-02 0.486980     0.113594     0.774456E-02 0.212323E-03 0.401644E-03
  1664.16      2500.00     0.810532     0.676091E-02 0.515261E-01 0.388184E-02 0.240417     0.733045E-02 0.486958     0.113594     0.774456E-02 0.212323E-03 0.401644E-03
  1661.65      2500.00     0.810532     0.676088E-02 0.515153E-01 0.383166E-02 0.240374     0.733045E-02 0.486937     0.113594     0.774456E-02 0.212323E-03 0.401644E-03
  1659.15      2500.00     0.803198     0.676085E-02 0.515045E-01 0.378207E-02 0.240330      0.00000     0.486911     0.113594     0.774456E-02 0.212323E-03  0.00000    
  1656.64      2500.00     0.803198     0.676082E-02 0.514937E-01 0.373298E-02 0.240288      0.00000     0.486890     0.113594     0.774456E-02 0.212323E-03  0.00000    
  1654.14      2500.00     0.799312     0.676082E-02 0.514910E-01 0.372083E-02 0.238394      0.00000     0.480996     0.113594     0.774456E-02 0.212323E-03  0.00000    
  1651.63      2500.00     0.795639     0.676076E-02 0.514707E-01 0.363031E-02 0.236552      0.00000     0.475375     0.113594     0.774456E-02 0.212323E-03  0.00000    
  1649.12      2500.00     0.791432     0.676073E-02 0.514591E-01 0.357926E-02 0.234476      0.00000     0.468970     0.113594     0.774456E-02 0.212323E-03  0.00000    
  1646.62      2500.00     0.787159     0.676069E-02 0.514474E-01 0.352762E-02 0.232344      0.00000     0.462491     0.113594     0.774456E-02 0.212323E-03  0.00000    
  1644.11      2500.00     0.783120     0.676066E-02 0.514363E-01 0.347886E-02 0.230329      0.00000     0.456364     0.113594     0.774456E-02 0.212323E-03  0.00000    
  1641.60      2500.00     0.779018     0.676063E-02 0.514248E-01 0.342942E-02 0.228274      0.00000     0.450151     0.113594     0.774456E-02 0.212323E-03  0.00000    
  1639.10      2500.00     0.774948     0.676060E-02 0.514135E-01 0.338048E-02 0.226228      0.00000     0.443995     0.113594     0.774456E-02 0.212323E-03  0.00000    
  1636.59      2500.00     0.770914     0.676057E-02 0.514021E-01 0.333206E-02 0.224191      0.00000     0.437901     0.113594     0.774456E-02 0.212323E-03  0.00000    
  1634.09      2500.00     0.766917     0.676053E-02 0.513907E-01 0.328413E-02 0.222164      0.00000     0.431871     0.113594     0.774456E-02 0.212323E-03  0.00000    
  1631.58      2500.00     0.762955     0.676050E-02 0.513794E-01 0.323669E-02 0.220147      0.00000     0.425902     0.113594     0.774456E-02 0.212323E-03  0.00000    
  1629.07      2500.00     0.759026     0.676047E-02 0.513681E-01 0.318974E-02 0.218134      0.00000     0.419997     0.113594     0.774456E-02 0.212323E-03  0.00000    
  1626.57      2500.00     0.754889     0.676044E-02 0.513560E-01 0.314034E-02 0.216014      0.00000     0.413777     0.113594     0.774456E-02 0.212323E-03  0.00000    
  1624.06      2500.00     0.751287     0.676041E-02 0.513455E-01 0.309738E-02 0.214159      0.00000     0.408373     0.113594     0.774456E-02 0.212323E-03  0.00000    
  1621.55      2500.00     0.739732     0.675902E-02 0.511663E-01 0.299181E-02 0.211194      0.00000     0.398455     0.113420     0.774283E-02 0.212323E-03  0.00000    
  1619.05      2500.00     0.727483     0.675744E-02 0.509672E-01 0.287603E-02 0.208169      0.00000     0.388299     0.113222     0.774093E-02 0.212323E-03  0.00000    
  1616.54      2500.00     0.715006     0.675577E-02 0.507628E-01 0.275664E-02 0.205056      0.00000     0.377986     0.113015     0.773893E-02 0.212323E-03  0.00000    
  1614.04      2500.00     0.704165     0.675432E-02 0.505847E-01 0.265394E-02 0.202342      0.00000     0.369046     0.112829     0.773720E-02 0.212323E-03  0.00000    
  1611.53      2500.00     0.693026     0.675276E-02 0.504024E-01 0.255073E-02 0.199547      0.00000     0.359892     0.112633     0.773540E-02 0.212323E-03  0.00000    
  1609.02      2500.00     0.682211     0.675118E-02 0.502239E-01 0.245019E-02 0.196820      0.00000     0.351027     0.112438     0.773363E-02 0.212323E-03  0.00000    
  1606.52      2500.00     0.671774     0.674959E-02 0.500508E-01 0.235415E-02 0.194176      0.00000     0.342490     0.112244     0.773192E-02 0.212323E-03  0.00000    
  1604.01      2500.00     0.661613     0.674803E-02 0.498816E-01 0.226059E-02 0.191596      0.00000     0.334197     0.112049     0.773026E-02 0.212323E-03  0.00000    
  1601.50      2500.00     0.651794     0.674641E-02 0.497161E-01 0.216991E-02 0.189085      0.00000     0.326203     0.111857     0.772861E-02 0.212323E-03  0.00000    
  1599.00      2500.00     0.642242     0.674481E-02 0.495543E-01 0.208242E-02 0.186629      0.00000     0.318451     0.111665     0.772702E-02 0.212323E-03  0.00000    
  1596.49      2500.00     0.632971     0.674318E-02 0.493976E-01 0.199837E-02 0.184232      0.00000     0.310953     0.111473     0.772545E-02 0.212323E-03  0.00000    
  1593.98      2500.00     0.623962     0.674147E-02 0.492446E-01 0.191747E-02 0.181902      0.00000     0.303678     0.111283     0.772390E-02 0.212323E-03  0.00000    
  1591.48      2500.00     0.615198     0.673978E-02 0.490963E-01 0.184000E-02 0.179624      0.00000     0.296629     0.111092     0.772238E-02 0.212323E-03  0.00000    
  1588.97      2500.00     0.606653     0.673810E-02 0.489514E-01 0.176587E-02 0.177399      0.00000     0.289780     0.110901     0.772090E-02 0.212323E-03  0.00000    
  1586.47      2500.00     0.598316     0.673644E-02 0.488083E-01 0.169228E-02 0.175208      0.00000     0.283109     0.110710     0.771942E-02 0.212323E-03  0.00000    
  1583.96      2500.00     0.595339     0.673590E-02 0.487549E-01 0.166479E-02 0.174421      0.00000     0.280724     0.110641     0.771888E-02 0.212323E-03  0.00000    
  1581.45      2500.00     0.582484     0.673293E-02 0.485299E-01 0.155220E-02 0.171025      0.00000     0.270479     0.110332     0.771661E-02 0.212323E-03  0.00000    
  1578.95      2500.00     0.574842     0.673117E-02 0.483999E-01 0.148854E-02 0.169000      0.00000     0.264429     0.110142     0.771523E-02 0.212323E-03  0.00000    
  1576.44      2500.00     0.567397     0.672939E-02 0.482702E-01 0.142550E-02 0.167016      0.00000     0.258543     0.109954     0.771389E-02 0.212323E-03  0.00000    
  1573.93      2500.00     0.560101     0.672756E-02 0.481444E-01 0.136611E-02 0.165097      0.00000     0.252885     0.109761     0.771252E-02 0.212323E-03  0.00000    
  1571.43      2500.00     0.553049     0.672579E-02 0.480226E-01 0.130859E-02 0.163169      0.00000     0.247274     0.109576     0.771126E-02 0.212323E-03  0.00000    
  1568.92      2500.00     0.546165     0.672394E-02 0.479014E-01 0.125217E-02 0.161312      0.00000     0.241880     0.109388     0.771000E-02 0.212323E-03  0.00000    
  1566.42      2500.00     0.539056     0.672197E-02 0.477762E-01 0.119490E-02 0.159390      0.00000     0.236331     0.109188     0.770869E-02 0.212323E-03  0.00000    
  1563.91      2500.00     0.532877     0.672019E-02 0.476666E-01 0.114541E-02 0.157712      0.00000     0.231522     0.109011     0.770755E-02 0.212323E-03  0.00000    
  1561.40      2500.00     0.526472     0.671824E-02 0.475528E-01 0.109469E-02 0.155968      0.00000     0.226550     0.108822     0.770634E-02 0.212323E-03  0.00000    
  1558.90      2500.00     0.520219     0.671628E-02 0.474412E-01 0.104539E-02 0.154255      0.00000     0.221714     0.108633     0.770517E-02 0.212323E-03  0.00000    
  1556.39      2500.00     0.514124     0.671430E-02 0.473325E-01 0.998760E-03 0.152581      0.00000     0.217019     0.108445     0.770401E-02 0.212323E-03  0.00000    
  1553.88      2500.00     0.508124     0.671224E-02 0.472253E-01 0.954314E-03 0.150922      0.00000     0.212429     0.108257     0.770287E-02 0.212323E-03  0.00000    
  1551.38      2500.00     0.499749     0.670931E-02 0.470831E-01 0.895601E-03 0.148466      0.00000     0.205789     0.107999     0.770127E-02 0.212323E-03  0.00000    
  1548.87      2500.00     0.490515     0.670576E-02 0.469056E-01 0.827573E-03 0.146118      0.00000     0.199181     0.107676     0.769945E-02 0.212323E-03  0.00000    
  1546.37      2500.00     0.489505     0.670548E-02 0.468913E-01 0.821868E-03 0.145764      0.00000     0.198271     0.107649     0.769931E-02 0.212323E-03  0.00000    
  1543.86      2500.00     0.485521     0.670393E-02 0.468189E-01 0.792838E-03 0.144647      0.00000     0.195254     0.107510     0.769852E-02 0.212323E-03  0.00000    
  1541.35      2500.00     0.480187     0.670184E-02 0.467214E-01 0.754435E-03 0.143149      0.00000     0.191227     0.107318     0.769743E-02 0.212323E-03  0.00000    
  1538.85      2500.00     0.474981     0.669968E-02 0.466261E-01 0.717520E-03 0.141677      0.00000     0.187313     0.107126     0.769637E-02 0.212323E-03  0.00000    
  1536.34      2500.00     0.469875     0.669746E-02 0.465323E-01 0.681953E-03 0.140231      0.00000     0.183488     0.106934     0.769532E-02 0.212323E-03  0.00000    
  1533.83      2500.00     0.463458     0.661132E-02 0.464170E-01 0.677033E-03 0.138529      0.00000     0.179127     0.106545     0.768249E-02 0.211872E-03  0.00000    
  1531.33      2500.00     0.457068     0.652468E-02 0.463004E-01 0.671989E-03 0.136830      0.00000     0.174804     0.106143     0.766945E-02 0.211431E-03  0.00000    
  1528.82      2500.00     0.450780     0.643816E-02 0.461828E-01 0.666880E-03 0.135147      0.00000     0.170572     0.105735     0.765662E-02 0.210989E-03  0.00000    
  1526.32      2500.00     0.444581     0.635308E-02 0.460661E-01 0.661598E-03 0.133480      0.00000     0.166422     0.105315     0.764374E-02 0.210554E-03  0.00000    
  1523.81      2500.00     0.438454     0.626819E-02 0.459488E-01 0.656233E-03 0.131827      0.00000     0.162349     0.104880     0.763080E-02 0.210150E-03  0.00000    
  1521.30      2500.00     0.432403     0.618514E-02 0.458320E-01 0.650547E-03 0.130192      0.00000     0.158351     0.104430     0.761797E-02 0.209721E-03  0.00000    
  1518.80      2500.00     0.426417     0.610275E-02 0.457149E-01 0.644804E-03 0.128569      0.00000     0.154422     0.103966     0.760499E-02 0.209303E-03  0.00000    
  1516.29      2500.00     0.420495     0.602020E-02 0.455964E-01 0.638873E-03 0.126956      0.00000     0.150559     0.103488     0.759204E-02 0.208837E-03  0.00000    
  1513.78      2500.00     0.414615     0.593893E-02 0.454772E-01 0.632606E-03 0.125352      0.00000     0.146753     0.102987     0.757911E-02 0.208374E-03  0.00000    
  1511.28      2500.00     0.408754     0.585681E-02 0.453557E-01 0.625940E-03 0.123749      0.00000     0.142993     0.102460     0.756589E-02 0.207934E-03  0.00000    
  1508.77      2500.00     0.402916     0.577579E-02 0.452332E-01 0.619231E-03 0.122146      0.00000     0.139280     0.101910     0.755268E-02 0.207478E-03  0.00000    
  1506.27      2500.00     0.397042     0.569592E-02 0.451091E-01 0.611968E-03 0.120536      0.00000     0.135586     0.101312     0.753901E-02 0.207007E-03  0.00000    
  1503.76      2500.00     0.391104     0.561669E-02 0.449813E-01 0.603969E-03 0.118917      0.00000     0.131901     0.100654     0.752520E-02 0.206516E-03  0.00000    
  1501.25      2500.00     0.385046     0.553886E-02 0.448509E-01 0.595283E-03 0.117267      0.00000     0.128203     0.999225E-01 0.751052E-02 0.206012E-03  0.00000    
  1498.75      2500.00     0.377091     0.547482E-02 0.446873E-01 0.574180E-03 0.115404      0.00000     0.123911     0.981376E-01 0.748936E-02 0.205299E-03  0.00000    
  1496.24      2500.00     0.368555     0.541821E-02 0.445106E-01 0.548409E-03 0.113490      0.00000     0.119511     0.959431E-01 0.746601E-02 0.204494E-03  0.00000    
  1493.73      2500.00     0.360329     0.536171E-02 0.443332E-01 0.523295E-03 0.111623      0.00000     0.115296     0.938248E-01 0.744354E-02 0.203663E-03  0.00000    
  1491.23      2500.00     0.352400     0.530538E-02 0.441560E-01 0.499523E-03 0.109805      0.00000     0.111254     0.917788E-01 0.742176E-02 0.202964E-03  0.00000    
  1488.72      2500.00     0.344762     0.524805E-02 0.439767E-01 0.475872E-03 0.108039      0.00000     0.107374     0.898045E-01 0.740076E-02 0.202239E-03  0.00000    
  1486.22      2500.00     0.337398     0.519089E-02 0.437987E-01 0.453231E-03 0.106318      0.00000     0.103654     0.878989E-01 0.737991E-02 0.201548E-03  0.00000    
  1483.71      2500.00     0.330272     0.513473E-02 0.436191E-01 0.431408E-03 0.104629      0.00000     0.100079     0.860506E-01 0.736032E-02 0.200892E-03  0.00000    
  1481.20      2500.00     0.323386     0.507682E-02 0.434373E-01 0.410192E-03 0.102984      0.00000     0.966372E-01 0.842602E-01 0.734131E-02 0.200205E-03  0.00000    
  1478.70      2500.00     0.316744     0.501938E-02 0.432559E-01 0.389903E-03 0.101381      0.00000     0.933365E-01 0.825304E-01 0.732284E-02 0.199558E-03  0.00000    
  1476.19      2500.00     0.310312     0.496221E-02 0.430739E-01 0.370349E-03 0.998128E-01  0.00000     0.901575E-01 0.808522E-01 0.730487E-02 0.198936E-03  0.00000    
  1473.68      2500.00     0.304086     0.490494E-02 0.428911E-01 0.351732E-03 0.982788E-01  0.00000     0.870976E-01 0.792239E-01 0.728747E-02 0.198351E-03  0.00000    
  1471.18      2500.00     0.298061     0.484746E-02 0.427074E-01 0.333673E-03 0.967801E-01  0.00000     0.841517E-01 0.776450E-01 0.727047E-02 0.197772E-03  0.00000    
  1468.67      2500.00     0.292223     0.478995E-02 0.425228E-01 0.316226E-03 0.953122E-01  0.00000     0.813143E-01 0.761122E-01 0.725390E-02 0.197213E-03  0.00000    
  1466.17      2500.00     0.286564     0.473264E-02 0.423372E-01 0.299315E-03 0.938755E-01  0.00000     0.785794E-01 0.746236E-01 0.723779E-02 0.196680E-03  0.00000    
  1463.66      2500.00     0.281073     0.467493E-02 0.421500E-01 0.283012E-03 0.924664E-01  0.00000     0.759411E-01 0.731755E-01 0.722211E-02 0.196172E-03  0.00000    
  1461.15      2500.00     0.275743     0.461720E-02 0.419614E-01 0.266874E-03 0.910818E-01  0.00000     0.733981E-01 0.717677E-01 0.720689E-02 0.195650E-03  0.00000    
  1458.65      2500.00     0.270570     0.455961E-02 0.417728E-01 0.251655E-03 0.897252E-01  0.00000     0.709449E-01 0.703986E-01 0.719184E-02 0.195147E-03  0.00000    
  1456.14      2500.00     0.265546     0.450185E-02 0.415828E-01 0.237336E-03 0.883971E-01  0.00000     0.685746E-01 0.690647E-01 0.717717E-02 0.194662E-03  0.00000    
  1453.63      2500.00     0.260660     0.444423E-02 0.413917E-01 0.223527E-03 0.870895E-01  0.00000     0.662869E-01 0.677646E-01 0.716286E-02 0.194181E-03  0.00000    
  1451.13      2500.00     0.255908     0.438667E-02 0.411997E-01 0.210327E-03 0.858046E-01  0.00000     0.640769E-01 0.664973E-01 0.714882E-02 0.193706E-03  0.00000    
  1448.62      2500.00     0.251332     0.433259E-02 0.410115E-01 0.197251E-03 0.845228E-01  0.00000     0.619228E-01 0.652655E-01 0.713535E-02 0.193269E-03  0.00000    
  1446.12      2500.00     0.246800     0.427556E-02 0.408056E-01 0.185098E-03 0.832675E-01  0.00000     0.598395E-01 0.640478E-01 0.712193E-02 0.192828E-03  0.00000    
  1443.61      2500.00     0.235130     0.417664E-02 0.388376E-01 0.167201E-03 0.800954E-01  0.00000     0.551897E-01 0.605674E-01 0.709952E-02 0.192090E-03  0.00000    
  1441.10      2500.00     0.224375     0.408820E-02 0.370178E-01 0.151306E-03 0.770799E-01  0.00000     0.509507E-01 0.573468E-01 0.707776E-02 0.191362E-03  0.00000    
  1438.60      2500.00     0.214440     0.400725E-02 0.353345E-01 0.137121E-03 0.742216E-01  0.00000     0.470929E-01 0.543642E-01 0.705649E-02 0.190655E-03  0.00000    
  1436.09      2500.00     0.205256     0.393329E-02 0.337765E-01 0.124426E-03 0.715148E-01  0.00000     0.435777E-01 0.516001E-01 0.703561E-02 0.189981E-03  0.00000    
  1433.58      2500.00     0.196740     0.386518E-02 0.323305E-01 0.113087E-03 0.689430E-01  0.00000     0.403675E-01 0.490309E-01 0.701516E-02 0.189287E-03  0.00000    
  1431.08      2500.00     0.188831     0.380252E-02 0.309863E-01 0.102982E-03 0.664983E-01  0.00000     0.374307E-01 0.466389E-01 0.699510E-02 0.188623E-03  0.00000    
  1428.57      2500.00     0.181473     0.374494E-02 0.297344E-01 0.939173E-04 0.641724E-01  0.00000     0.347389E-01 0.444084E-01 0.697536E-02 0.187978E-03  0.00000    
  1426.07      2500.00     0.174609     0.369180E-02 0.285659E-01 0.856132E-04 0.619508E-01  0.00000     0.322686E-01 0.423230E-01 0.695597E-02 0.187347E-03  0.00000    
  1423.56      2500.00     0.168198     0.364273E-02 0.274734E-01 0.781194E-04 0.598301E-01  0.00000     0.299970E-01 0.403709E-01 0.693687E-02 0.186725E-03  0.00000    
  1421.05      2500.00     0.162190     0.359720E-02 0.264496E-01 0.714347E-04 0.577974E-01  0.00000     0.279051E-01 0.385374E-01 0.691806E-02 0.186104E-03  0.00000    
  1418.55      2500.00     0.156562     0.355488E-02 0.254898E-01 0.652918E-04 0.558527E-01  0.00000     0.259770E-01 0.368163E-01 0.689950E-02 0.185516E-03  0.00000    
  1416.04      2500.00     0.151284     0.351569E-02 0.245895E-01 0.596873E-04 0.539923E-01  0.00000     0.241980E-01 0.351991E-01 0.688120E-02 0.184930E-03  0.00000    
  1413.53      2500.00     0.146326     0.347925E-02 0.237434E-01 0.546073E-04 0.522095E-01  0.00000     0.225542E-01 0.336766E-01 0.686311E-02 0.184347E-03  0.00000    
  1411.03      2500.00     0.141579     0.344515E-02 0.229350E-01 0.508105E-04 0.504630E-01  0.00000     0.210176E-01 0.322133E-01 0.684501E-02 0.183865E-03  0.00000    
  1408.52      2500.00     0.137213     0.341370E-02 0.221903E-01 0.465956E-04 0.488254E-01  0.00000     0.196198E-01 0.308682E-01 0.682751E-02 0.183299E-03  0.00000    
  1406.02      2500.00     0.133044     0.338219E-02 0.214807E-01 0.426890E-04 0.472438E-01  0.00000     0.183143E-01 0.295879E-01 0.680980E-02 0.182729E-03  0.00000    
  1403.51      2500.00     0.129108     0.335519E-02 0.208093E-01 0.391529E-04 0.457095E-01  0.00000     0.171030E-01 0.283658E-01 0.679262E-02 0.182161E-03  0.00000    
  1401.00      2500.00     0.125366     0.332513E-02 0.201743E-01 0.359348E-04 0.442448E-01  0.00000     0.159753E-01 0.272243E-01 0.677498E-02 0.181604E-03  0.00000    
  1398.50      2500.00     0.121822     0.329746E-02 0.195725E-01 0.329359E-04 0.428306E-01  0.00000     0.149267E-01 0.261377E-01 0.675755E-02 0.181084E-03  0.00000    
  1395.99      2500.00     0.118455     0.327018E-02 0.190023E-01 0.302381E-04 0.414704E-01  0.00000     0.139502E-01 0.251091E-01 0.674011E-02 0.180518E-03  0.00000    
  1393.48      2500.00     0.115255     0.324404E-02 0.184610E-01 0.276826E-04 0.401569E-01  0.00000     0.130412E-01 0.241313E-01 0.672274E-02 0.179950E-03  0.00000    
  1390.98      2500.00     0.112212     0.321958E-02 0.179453E-01 0.248723E-04 0.388864E-01  0.00000     0.121922E-01 0.231986E-01 0.670541E-02 0.179417E-03  0.00000    
  1388.47      2500.00     0.109331     0.319513E-02 0.174605E-01 0.228944E-04 0.376715E-01  0.00000     0.114072E-01 0.223205E-01 0.668816E-02 0.178875E-03  0.00000    
  1385.96      2500.00     0.106560     0.317099E-02 0.169943E-01 0.208329E-04 0.364882E-01  0.00000     0.106691E-01 0.214784E-01 0.667070E-02 0.178366E-03  0.00000    
  1383.46      2500.00     0.103925     0.314775E-02 0.165534E-01 0.190811E-04 0.353497E-01  0.00000     0.998253E-02 0.206768E-01 0.665331E-02 0.177822E-03  0.00000    
  1380.95      2500.00     0.101404     0.312491E-02 0.161322E-01 0.174923E-04 0.342480E-01  0.00000     0.933978E-02 0.199115E-01 0.663583E-02 0.177282E-03  0.00000    
  1378.45      2500.00     0.989736E-01 0.310339E-02 0.157274E-01 0.160553E-04 0.331709E-01  0.00000     0.873619E-02 0.191712E-01 0.661821E-02 0.176783E-03  0.00000    
  1375.94      2500.00     0.966916E-01 0.308234E-02 0.153481E-01 0.146995E-04 0.321476E-01  0.00000     0.817982E-02 0.184780E-01 0.660090E-02 0.176242E-03  0.00000    
  1373.43      2500.00     0.944846E-01 0.306103E-02 0.149827E-01 0.135041E-04 0.311516E-01  0.00000     0.765440E-02 0.178098E-01 0.658323E-02 0.175711E-03  0.00000    
  1370.93      2500.00     0.923749E-01 0.304123E-02 0.146341E-01 0.123802E-04 0.301854E-01  0.00000     0.716416E-02 0.171681E-01 0.656566E-02 0.175181E-03  0.00000    
  1368.42      2500.00     0.903471E-01 0.302114E-02 0.143007E-01 0.113277E-04 0.292498E-01  0.00000     0.670520E-02 0.165541E-01 0.654789E-02 0.174627E-03  0.00000    
  1365.91      2500.00     0.884022E-01 0.300180E-02 0.139819E-01 0.103540E-04 0.283421E-01  0.00000     0.627601E-02 0.159643E-01 0.653009E-02 0.174080E-03  0.00000    
  1363.41      2500.00     0.865350E-01 0.298284E-02 0.136769E-01 0.943294E-05 0.274630E-01  0.00000     0.587415E-02 0.153986E-01 0.651217E-02 0.173533E-03  0.00000    
  1360.90      2500.00     0.847443E-01 0.296480E-02 0.133848E-01 0.855198E-05 0.266082E-01  0.00000     0.549839E-02 0.148535E-01 0.649432E-02 0.172987E-03  0.00000    
  1358.40      2500.00     0.830184E-01 0.294628E-02 0.131054E-01 0.782554E-05 0.257832E-01  0.00000     0.514591E-02 0.143319E-01 0.647611E-02 0.172444E-03  0.00000    
  1355.89      2500.00     0.813551E-01 0.292811E-02 0.128372E-01 0.714236E-05 0.249822E-01  0.00000     0.481538E-02 0.138300E-01 0.645776E-02 0.171891E-03  0.00000    
  1353.38      2500.00     0.797557E-01 0.291010E-02 0.125801E-01 0.649840E-05 0.242077E-01  0.00000     0.450507E-02 0.133485E-01 0.643924E-02 0.171340E-03  0.00000    
  1350.88      2500.00     0.780663E-01 0.280694E-02 0.123063E-01 0.574804E-05 0.233341E-01  0.00000     0.419632E-02 0.128277E-01 0.641836E-02 0.170703E-03  0.00000    
  1348.37      2500.00     0.764279E-01 0.269629E-02 0.120414E-01 0.513694E-05 0.224760E-01  0.00000     0.390658E-02 0.123212E-01 0.639717E-02 0.170089E-03  0.00000    
  1345.86      2500.00     0.748678E-01 0.259204E-02 0.117901E-01 0.455581E-05 0.216546E-01  0.00000     0.363794E-02 0.118391E-01 0.637618E-02 0.169470E-03  0.00000    
  1343.36      2500.00     0.733783E-01 0.249359E-02 0.115509E-01 0.403151E-05 0.208650E-01  0.00000     0.338893E-02 0.113782E-01 0.635539E-02 0.168854E-03  0.00000    
  1340.85      2500.00     0.719540E-01 0.240048E-02 0.113232E-01 0.357946E-05 0.201075E-01  0.00000     0.315749E-02 0.109385E-01 0.633470E-02 0.168241E-03  0.00000    
  1338.35      2500.00     0.705922E-01 0.231242E-02 0.111063E-01 0.315309E-05 0.193800E-01  0.00000     0.294268E-02 0.105184E-01 0.631414E-02 0.167636E-03  0.00000    
  1335.84      2500.00     0.692858E-01 0.222899E-02 0.108991E-01 0.279819E-05 0.186793E-01  0.00000     0.274337E-02 0.101160E-01 0.629365E-02 0.167036E-03  0.00000    
  1333.33      2500.00     0.680372E-01 0.214997E-02 0.107018E-01 0.246574E-05 0.180077E-01  0.00000     0.255789E-02 0.973194E-02 0.627330E-02 0.166446E-03  0.00000    
  1330.83      2500.00     0.668392E-01 0.207499E-02 0.105133E-01 0.216796E-05 0.173616E-01  0.00000     0.238550E-02 0.936438E-02 0.625303E-02 0.165855E-03  0.00000    
  1328.32      2500.00     0.656901E-01 0.200383E-02 0.103331E-01 0.191878E-05 0.167402E-01  0.00000     0.222525E-02 0.901229E-02 0.623286E-02 0.165271E-03  0.00000    
  1325.81      2500.00     0.645874E-01 0.193625E-02 0.101609E-01 0.167613E-05 0.161426E-01  0.00000     0.207623E-02 0.867535E-02 0.621277E-02 0.164693E-03  0.00000    
  1323.31      2500.00     0.635278E-01 0.187200E-02 0.999615E-02 0.147122E-05 0.155677E-01  0.00000     0.193754E-02 0.835244E-02 0.619275E-02 0.164117E-03  0.00000    
  1320.80      2500.00     0.625093E-01 0.181083E-02 0.983829E-02 0.127650E-05 0.150144E-01  0.00000     0.180833E-02 0.804294E-02 0.617280E-02 0.163542E-03  0.00000    
  1318.30      2500.00     0.615313E-01 0.175270E-02 0.968735E-02 0.111072E-05 0.144830E-01  0.00000     0.168810E-02 0.774688E-02 0.615294E-02 0.162980E-03  0.00000    
  1315.79      2500.00     0.605895E-01 0.169728E-02 0.954254E-02 0.976744E-06 0.139703E-01  0.00000     0.157624E-02 0.746212E-02 0.613315E-02 0.162419E-03  0.00000    
  1313.28      2500.00     0.596826E-01 0.164446E-02 0.940364E-02 0.849099E-06 0.134770E-01  0.00000     0.147204E-02 0.718919E-02 0.611341E-02 0.161856E-03  0.00000    
  1310.78      2500.00     0.588091E-01 0.159408E-02 0.927032E-02 0.735147E-06 0.130018E-01  0.00000     0.137501E-02 0.692715E-02 0.609373E-02 0.161305E-03  0.00000    
  1308.27      2500.00     0.579680E-01 0.154599E-02 0.914237E-02 0.633867E-06 0.125449E-01  0.00000     0.128439E-02 0.667603E-02 0.607411E-02 0.160761E-03  0.00000    
  1305.76      2500.00     0.571560E-01 0.150008E-02 0.901939E-02 0.550970E-06 0.121041E-01  0.00000     0.120007E-02 0.643442E-02 0.605453E-02 0.160215E-03  0.00000    
  1303.26      2500.00     0.563759E-01 0.145626E-02 0.890128E-02 0.457094E-06 0.116794E-01  0.00000     0.112183E-02 0.620263E-02 0.603515E-02 0.159669E-03  0.00000    
  1300.75      2500.00     0.556194E-01 0.141432E-02 0.878758E-02 0.390019E-06 0.112701E-01  0.00000     0.104852E-02 0.597947E-02 0.601564E-02 0.159133E-03  0.00000    
  1298.25      2500.00     0.383582E-01 0.938095E-03 0.595350E-02 0.125933E-06 0.779088E-02  0.00000     0.561916E-03 0.405890E-02 0.404621E-02 0.139201E-03  0.00000    
  1295.74      2500.00     0.262134E-01 0.613503E-03 0.396976E-02 0.385149E-07 0.529719E-02  0.00000     0.286413E-03 0.270521E-02 0.266639E-02 0.120659E-03  0.00000    
  1293.23      2500.00     0.196350E-01 0.440101E-03 0.290098E-02 0.143795E-07 0.390766E-02  0.00000     0.162508E-03 0.196301E-02 0.192764E-02 0.108193E-03  0.00000    
  1290.73      2500.00     0.156235E-01 0.335360E-03 0.225258E-02  0.00000     0.304192E-02  0.00000     0.991375E-04 0.150724E-02 0.148217E-02 0.991318E-04  0.00000    
  1288.22      2500.00     0.129393E-01 0.265826E-03 0.182114E-02  0.00000     0.245276E-02  0.00000     0.636134E-04 0.120124E-02 0.118742E-02 0.921621E-04  0.00000    
  1285.71      2500.00     0.110366E-01 0.216893E-03 0.151710E-02  0.00000     0.203061E-02  0.00000     0.421875E-04 0.984589E-03 0.980826E-03 0.865348E-04  0.00000    
  1283.21      2500.00     0.962962E-02 0.181149E-03 0.129135E-02  0.00000     0.171179E-02  0.00000     0.282533E-04 0.828783E-03 0.829291E-03 0.816469E-04  0.00000    
  1280.70      2500.00     0.851940E-02 0.152831E-03 0.111788E-02  0.00000     0.146719E-02  0.00000     0.191739E-04 0.700674E-03 0.711726E-03 0.775937E-04  0.00000    
  1278.20      2500.00     0.697993E-02 0.111595E-03 0.873977E-03  0.00000     0.112942E-02  0.00000     0.914595E-05 0.530970E-03 0.548160E-03 0.710732E-04  0.00000    
  1275.69      2500.00     0.667566E-02 0.104799E-03 0.818833E-03  0.00000     0.105060E-02  0.00000     0.721123E-05 0.510475E-03 0.512564E-03 0.693093E-04  0.00000    
  1273.18      2500.00     0.522160E-02 0.702098E-04 0.594221E-03  0.00000     0.702357E-03  0.00000     0.312167E-05 0.339744E-03 0.366679E-03 0.608434E-04  0.00000    
  1270.68      2500.00     0.522107E-02 0.702098E-04 0.593954E-03  0.00000     0.702357E-03  0.00000     0.312167E-05 0.339478E-03 0.366679E-03 0.608434E-04  0.00000    
  1268.17      2500.00     0.521793E-02 0.702098E-04 0.592386E-03  0.00000     0.702357E-03  0.00000     0.312167E-05 0.337910E-03 0.366679E-03 0.608434E-04  0.00000    
  1265.66      2500.00     0.514144E-02 0.683700E-04 0.583319E-03  0.00000     0.678645E-03  0.00000     0.269811E-05 0.332533E-03 0.358782E-03 0.603980E-04  0.00000    
  1263.16      2500.00     0.488671E-02 0.634420E-04 0.544134E-03  0.00000     0.616345E-03  0.00000     0.219475E-05 0.302399E-03 0.333523E-03 0.590041E-04  0.00000    
  1260.65      2500.00     0.464434E-02 0.577267E-04 0.506044E-03  0.00000     0.558569E-03  0.00000     0.161898E-05 0.277146E-03 0.308687E-03 0.575785E-04  0.00000    
  1258.15      2500.00     0.443708E-02 0.529357E-04 0.473205E-03  0.00000     0.508939E-03  0.00000     0.118645E-05 0.256539E-03 0.287414E-03 0.563315E-04  0.00000    
  1255.64      2500.00     0.425995E-02 0.486666E-04 0.445003E-03  0.00000     0.468484E-03  0.00000     0.867941E-06 0.238758E-03 0.268943E-03 0.552016E-04  0.00000    
  1253.13      2500.00     0.387774E-02 0.388352E-04 0.382147E-03  0.00000     0.383528E-03  0.00000     0.867751E-06 0.203616E-03 0.229288E-03 0.516911E-04  0.00000    
  1250.63      2500.00     0.372216E-02 0.368382E-04 0.361333E-03  0.00000     0.334387E-03  0.00000     0.617119E-06 0.193335E-03 0.212245E-03 0.506283E-04  0.00000    
  1248.12      2500.00     0.367028E-02 0.363012E-04 0.357718E-03  0.00000     0.328019E-03  0.00000     0.456817E-06 0.190710E-03 0.208656E-03 0.504193E-04  0.00000    
  1245.61      2500.00     0.363579E-02 0.352701E-04 0.347587E-03  0.00000     0.322911E-03  0.00000     0.456817E-06 0.180528E-03 0.206710E-03 0.502432E-04  0.00000    
  1243.11      2500.00     0.297705E-02 0.283110E-04 0.284223E-03  0.00000     0.258291E-03  0.00000     0.243399E-06 0.143475E-03 0.164037E-03 0.467841E-04  0.00000    
  1240.60      2500.00     0.233259E-02 0.218438E-04 0.222594E-03  0.00000     0.195888E-03  0.00000     0.114578E-06 0.108989E-03 0.123518E-03 0.425832E-04  0.00000    
  1238.10      2500.00     0.176718E-02 0.167197E-04 0.168816E-03  0.00000     0.140489E-03  0.00000      0.00000     0.836672E-04 0.885546E-04 0.375810E-04  0.00000    
  1235.59      2500.00     0.147967E-02 0.129176E-04 0.141099E-03  0.00000     0.128303E-03  0.00000      0.00000     0.714503E-04 0.711381E-04 0.345310E-04  0.00000    
  1233.08      2500.00     0.121602E-02 0.103757E-04 0.116234E-03  0.00000     0.104802E-03  0.00000      0.00000     0.531841E-04 0.563713E-04 0.308469E-04  0.00000    
  1230.58      2500.00     0.121602E-02 0.103757E-04 0.116234E-03  0.00000     0.104802E-03  0.00000      0.00000     0.531841E-04 0.563713E-04 0.308469E-04  0.00000    
  1228.07      2500.00     0.121602E-02 0.103757E-04 0.116234E-03  0.00000     0.104802E-03  0.00000      0.00000     0.531841E-04 0.563713E-04 0.308469E-04  0.00000    
  1225.56      2500.00     0.121602E-02 0.103757E-04 0.116234E-03  0.00000     0.104802E-03  0.00000      0.00000     0.531841E-04 0.563713E-04 0.308469E-04  0.00000    
  1223.06      2500.00     0.121602E-02 0.103757E-04 0.116234E-03  0.00000     0.104802E-03  0.00000      0.00000     0.531841E-04 0.563713E-04 0.308469E-04  0.00000    
  1220.55      2500.00     0.121602E-02 0.103757E-04 0.116234E-03  0.00000     0.104802E-03  0.00000      0.00000     0.531841E-04 0.563713E-04 0.308469E-04  0.00000    
  1218.05      2500.00     0.121602E-02 0.103757E-04 0.116234E-03  0.00000     0.104802E-03  0.00000      0.00000     0.531841E-04 0.563713E-04 0.308469E-04  0.00000    
  1215.54      2500.00     0.121602E-02 0.103757E-04 0.116234E-03  0.00000     0.104802E-03  0.00000      0.00000     0.531841E-04 0.563713E-04 0.308469E-04  0.00000    
  1213.03      2500.00     0.121602E-02 0.103757E-04 0.116234E-03  0.00000     0.104802E-03  0.00000      0.00000     0.531841E-04 0.563713E-04 0.308469E-04  0.00000    
  1210.53      2500.00     0.121602E-02 0.103757E-04 0.116234E-03  0.00000     0.104802E-03  0.00000      0.00000     0.531841E-04 0.563713E-04 0.308469E-04  0.00000    
  1208.02      2500.00     0.121602E-02 0.103757E-04 0.116234E-03  0.00000     0.104802E-03  0.00000      0.00000     0.531841E-04 0.563713E-04 0.308469E-04  0.00000    
  1205.51      2500.00     0.121602E-02 0.103757E-04 0.116234E-03  0.00000     0.104802E-03  0.00000      0.00000     0.531841E-04 0.563713E-04 0.308469E-04  0.00000    
  1203.01      2500.00     0.121602E-02 0.103757E-04 0.116234E-03  0.00000     0.104802E-03  0.00000      0.00000     0.531841E-04 0.563713E-04 0.308469E-04  0.00000    
  1200.50      2500.00     0.121602E-02 0.103757E-04 0.116234E-03  0.00000     0.104802E-03  0.00000      0.00000     0.531841E-04 0.563713E-04 0.308469E-04  0.00000    
  1197.99      2500.00     0.121602E-02 0.103757E-04 0.116234E-03  0.00000     0.104802E-03  0.00000      0.00000     0.531841E-04 0.563713E-04 0.308469E-04  0.00000    
  1195.49      2500.00     0.121602E-02 0.103757E-04 0.116234E-03  0.00000     0.104802E-03  0.00000      0.00000     0.531841E-04 0.563713E-04 0.308469E-04  0.00000    
  1192.98      2500.00     0.121602E-02 0.103757E-04 0.116234E-03  0.00000     0.104802E-03  0.00000      0.00000     0.531841E-04 0.563713E-04 0.308469E-04  0.00000    
  1190.48      2500.00     0.121602E-02 0.103757E-04 0.116234E-03  0.00000     0.104802E-03  0.00000      0.00000     0.531841E-04 0.563713E-04 0.308469E-04  0.00000    
  1187.97      2500.00     0.121602E-02 0.103757E-04 0.116234E-03  0.00000     0.104802E-03  0.00000      0.00000     0.531841E-04 0.563713E-04 0.308469E-04  0.00000    
  1185.46      2500.00     0.121602E-02 0.103757E-04 0.116234E-03  0.00000     0.104802E-03  0.00000      0.00000     0.531841E-04 0.563713E-04 0.308469E-04  0.00000    
  1182.96      2500.00     0.121602E-02 0.103757E-04 0.116234E-03  0.00000     0.104802E-03  0.00000      0.00000     0.531841E-04 0.563713E-04 0.308469E-04  0.00000    
  1180.45      2500.00     0.121602E-02 0.103757E-04 0.116234E-03  0.00000     0.104802E-03  0.00000      0.00000     0.531841E-04 0.563713E-04 0.308469E-04  0.00000    
  1177.94      2500.00     0.121602E-02 0.103757E-04 0.116234E-03  0.00000     0.104802E-03  0.00000      0.00000     0.531841E-04 0.563713E-04 0.308469E-04  0.00000    
  1175.44      2500.00     0.121602E-02 0.103757E-04 0.116234E-03  0.00000     0.104802E-03  0.00000      0.00000     0.531841E-04 0.563713E-04 0.308469E-04  0.00000    
  1172.93      2500.00     0.121602E-02 0.103757E-04 0.116234E-03  0.00000     0.104802E-03  0.00000      0.00000     0.531841E-04 0.563713E-04 0.308469E-04  0.00000    
  1170.43      2500.00     0.121602E-02 0.103757E-04 0.116234E-03  0.00000     0.104802E-03  0.00000      0.00000     0.531841E-04 0.563713E-04 0.308469E-04  0.00000    
  1167.92      2500.00     0.121602E-02 0.103757E-04 0.116234E-03  0.00000     0.104802E-03  0.00000      0.00000     0.531841E-04 0.563713E-04 0.308469E-04  0.00000    
  1165.41      2500.00     0.121602E-02 0.103757E-04 0.116234E-03  0.00000     0.104802E-03  0.00000      0.00000     0.531841E-04 0.563713E-04 0.308469E-04  0.00000    
  1162.91      2500.00     0.121602E-02 0.103757E-04 0.116234E-03  0.00000     0.104802E-03  0.00000      0.00000     0.531841E-04 0.563713E-04 0.308469E-04  0.00000    
  1160.40      2500.00     0.121602E-02 0.103757E-04 0.116234E-03  0.00000     0.104802E-03  0.00000      0.00000     0.531841E-04 0.563713E-04 0.308469E-04  0.00000    
  1157.89      2500.00     0.121602E-02 0.103757E-04 0.116234E-03  0.00000     0.104802E-03  0.00000      0.00000     0.531841E-04 0.563713E-04 0.308469E-04  0.00000    
  1155.39      2500.00     0.121602E-02 0.103757E-04 0.116234E-03  0.00000     0.104802E-03  0.00000      0.00000     0.531841E-04 0.563713E-04 0.308469E-04  0.00000    
  1152.88      2500.00     0.121602E-02 0.103757E-04 0.116234E-03  0.00000     0.104802E-03  0.00000      0.00000     0.531841E-04 0.563713E-04 0.308469E-04  0.00000    
  1150.38      2500.00     0.121602E-02 0.103757E-04 0.116234E-03  0.00000     0.104802E-03  0.00000      0.00000     0.531841E-04 0.563713E-04 0.308469E-04  0.00000    
  1147.87      2500.00     0.121602E-02 0.103757E-04 0.116234E-03  0.00000     0.104802E-03  0.00000      0.00000     0.531841E-04 0.563713E-04 0.308469E-04  0.00000    
  1145.36      2500.00     0.121602E-02 0.103757E-04 0.116234E-03  0.00000     0.104802E-03  0.00000      0.00000     0.531841E-04 0.563713E-04 0.308469E-04  0.00000    
  1142.86      2500.00     0.121602E-02 0.103757E-04 0.116234E-03  0.00000     0.104802E-03  0.00000      0.00000     0.531841E-04 0.563713E-04 0.308469E-04  0.00000    
  1140.35      2500.00     0.121602E-02 0.103757E-04 0.116234E-03  0.00000     0.104802E-03  0.00000      0.00000     0.531841E-04 0.563713E-04 0.308469E-04  0.00000    
  1137.84      2500.00     0.121602E-02 0.103757E-04 0.116234E-03  0.00000     0.104802E-03  0.00000      0.00000     0.531841E-04 0.563713E-04 0.308469E-04  0.00000    
  1135.34      2500.00     0.121602E-02 0.103757E-04 0.116234E-03  0.00000     0.104802E-03  0.00000      0.00000     0.531841E-04 0.563713E-04 0.308469E-04  0.00000    
  1132.83      2500.00     0.121602E-02 0.103757E-04 0.116234E-03  0.00000     0.104802E-03  0.00000      0.00000     0.531841E-04 0.563713E-04 0.308469E-04  0.00000    
  1130.33      2500.00     0.121602E-02 0.103757E-04 0.116234E-03  0.00000     0.104802E-03  0.00000      0.00000     0.531841E-04 0.563713E-04 0.308469E-04  0.00000    
  1127.82      2500.00     0.121602E-02 0.103757E-04 0.116234E-03  0.00000     0.104802E-03  0.00000      0.00000     0.531841E-04 0.563713E-04 0.308469E-04  0.00000    
  1125.31      2500.00     0.121602E-02 0.103757E-04 0.116234E-03  0.00000     0.104802E-03  0.00000      0.00000     0.531841E-04 0.563713E-04 0.308469E-04  0.00000    
  1122.81      2500.00     0.121602E-02 0.103757E-04 0.116234E-03  0.00000     0.104802E-03  0.00000      0.00000     0.531841E-04 0.563713E-04 0.308469E-04  0.00000    
  1120.30      2500.00     0.121602E-02 0.103757E-04 0.116234E-03  0.00000     0.104802E-03  0.00000      0.00000     0.531841E-04 0.563713E-04 0.308469E-04  0.00000    
  1117.79      2500.00     0.121602E-02 0.103757E-04 0.116234E-03  0.00000     0.104802E-03  0.00000      0.00000     0.531841E-04 0.563713E-04 0.308469E-04  0.00000    
  1115.29      2500.00     0.121602E-02 0.103757E-04 0.116234E-03  0.00000     0.104802E-03  0.00000      0.00000     0.531841E-04 0.563713E-04 0.308469E-04  0.00000    
  1112.78      2500.00     0.121602E-02 0.103757E-04 0.116234E-03  0.00000     0.104802E-03  0.00000      0.00000     0.531841E-04 0.563713E-04 0.308469E-04  0.00000    
  1110.28      2500.00     0.121602E-02 0.103757E-04 0.116234E-03  0.00000     0.104802E-03  0.00000      0.00000     0.531841E-04 0.563713E-04 0.308469E-04  0.00000    
  1107.77      2500.00     0.121602E-02 0.103757E-04 0.116234E-03  0.00000     0.104802E-03  0.00000      0.00000     0.531841E-04 0.563713E-04 0.308469E-04  0.00000    
  1105.26      2500.00     0.121602E-02 0.103757E-04 0.116234E-03  0.00000     0.104802E-03  0.00000      0.00000     0.531841E-04 0.563713E-04 0.308469E-04  0.00000    
  1102.76      2500.00     0.121602E-02 0.103757E-04 0.116234E-03  0.00000     0.104802E-03  0.00000      0.00000     0.531841E-04 0.563713E-04 0.308469E-04  0.00000    
  1100.25      2500.00     0.121602E-02 0.103757E-04 0.116234E-03  0.00000     0.104802E-03  0.00000      0.00000     0.531841E-04 0.563713E-04 0.308469E-04  0.00000    
  1097.74      2500.00     0.121602E-02 0.103757E-04 0.116234E-03  0.00000     0.104802E-03  0.00000      0.00000     0.531841E-04 0.563713E-04 0.308469E-04  0.00000    
  1095.24      2500.00     0.121602E-02 0.103757E-04 0.116234E-03  0.00000     0.104802E-03  0.00000      0.00000     0.531841E-04 0.563713E-04 0.308469E-04  0.00000    
  1092.73      2500.00     0.121602E-02 0.103757E-04 0.116234E-03  0.00000     0.104802E-03  0.00000      0.00000     0.531841E-04 0.563713E-04 0.308469E-04  0.00000    
  1090.23      2500.00     0.121602E-02 0.103757E-04 0.116234E-03  0.00000     0.104802E-03  0.00000      0.00000     0.531841E-04 0.563713E-04 0.308469E-04  0.00000    
  1087.72      2500.00     0.121602E-02 0.103757E-04 0.116234E-03  0.00000     0.104802E-03  0.00000      0.00000     0.531841E-04 0.563713E-04 0.308469E-04  0.00000    
  1085.21      2500.00     0.121602E-02 0.103757E-04 0.116234E-03  0.00000     0.104802E-03  0.00000      0.00000     0.531841E-04 0.563713E-04 0.308469E-04  0.00000    
  1082.71      2500.00     0.121602E-02 0.103757E-04 0.116234E-03  0.00000     0.104802E-03  0.00000      0.00000     0.531841E-04 0.563713E-04 0.308469E-04  0.00000    
  1080.20      2500.00     0.121602E-02 0.103757E-04 0.116234E-03  0.00000     0.104802E-03  0.00000      0.00000     0.531841E-04 0.563713E-04 0.308469E-04  0.00000    
  1077.69      2500.00     0.121602E-02 0.103757E-04 0.116234E-03  0.00000     0.104802E-03  0.00000      0.00000     0.531841E-04 0.563713E-04 0.308469E-04  0.00000    
  1075.19      2500.00     0.121602E-02 0.103757E-04 0.116234E-03  0.00000     0.104802E-03  0.00000      0.00000     0.531841E-04 0.563713E-04 0.308469E-04  0.00000    
  1072.68      2500.00     0.121602E-02 0.103757E-04 0.116234E-03  0.00000     0.104802E-03  0.00000      0.00000     0.531841E-04 0.563713E-04 0.308469E-04  0.00000    
  1070.18      2500.00     0.121602E-02 0.103757E-04 0.116234E-03  0.00000     0.104802E-03  0.00000      0.00000     0.531841E-04 0.563713E-04 0.308469E-04  0.00000    
  1067.67      2500.00     0.121602E-02 0.103757E-04 0.116234E-03  0.00000     0.104802E-03  0.00000      0.00000     0.531841E-04 0.563713E-04 0.308469E-04  0.00000    
  1065.16      2500.00     0.121602E-02 0.103757E-04 0.116234E-03  0.00000     0.104802E-03  0.00000      0.00000     0.531841E-04 0.563713E-04 0.308469E-04  0.00000    
  1062.66      2500.00     0.121602E-02 0.103757E-04 0.116234E-03  0.00000     0.104802E-03  0.00000      0.00000     0.531841E-04 0.563713E-04 0.308469E-04  0.00000    
  1060.15      2500.00     0.121602E-02 0.103757E-04 0.116234E-03  0.00000     0.104802E-03  0.00000      0.00000     0.531841E-04 0.563713E-04 0.308469E-04  0.00000    
  1057.64      2500.00     0.121602E-02 0.103757E-04 0.116234E-03  0.00000     0.104802E-03  0.00000      0.00000     0.531841E-04 0.563713E-04 0.308469E-04  0.00000    
  1055.14      2500.00     0.121602E-02 0.103757E-04 0.116234E-03  0.00000     0.104802E-03  0.00000      0.00000     0.531841E-04 0.563713E-04 0.308469E-04  0.00000    
  1052.63      2500.00     0.121602E-02 0.103757E-04 0.116234E-03  0.00000     0.104802E-03  0.00000      0.00000     0.531841E-04 0.563713E-04 0.308469E-04  0.00000    
  1050.13      2500.00     0.121602E-02 0.103757E-04 0.116234E-03  0.00000     0.104802E-03  0.00000      0.00000     0.531841E-04 0.563713E-04 0.308469E-04  0.00000    
  1047.62      2500.00     0.121602E-02 0.103757E-04 0.116234E-03  0.00000     0.104802E-03  0.00000      0.00000     0.531841E-04 0.563713E-04 0.308469E-04  0.00000    
  1045.11      2500.00     0.121602E-02 0.103757E-04 0.116234E-03  0.00000     0.104802E-03  0.00000      0.00000     0.531841E-04 0.563713E-04 0.308469E-04  0.00000    
  1042.61      2500.00     0.121602E-02 0.103757E-04 0.116234E-03  0.00000     0.104802E-03  0.00000      0.00000     0.531841E-04 0.563713E-04 0.308469E-04  0.00000    
  1040.10      2500.00     0.121602E-02 0.103757E-04 0.116234E-03  0.00000     0.104802E-03  0.00000      0.00000     0.531841E-04 0.563713E-04 0.308469E-04  0.00000    
  1037.59      2500.00     0.121602E-02 0.103757E-04 0.116234E-03  0.00000     0.104802E-03  0.00000      0.00000     0.531841E-04 0.563713E-04 0.308469E-04  0.00000    
  1035.09      2500.00     0.121602E-02 0.103757E-04 0.116234E-03  0.00000     0.104802E-03  0.00000      0.00000     0.531841E-04 0.563713E-04 0.308469E-04  0.00000    
  1032.58      2500.00     0.121602E-02 0.103757E-04 0.116234E-03  0.00000     0.104802E-03  0.00000      0.00000     0.531841E-04 0.563713E-04 0.308469E-04  0.00000    
  1030.08      2500.00     0.121602E-02 0.103757E-04 0.116234E-03  0.00000     0.104802E-03  0.00000      0.00000     0.531841E-04 0.563713E-04 0.308469E-04  0.00000    
  1027.57      2500.00     0.121602E-02 0.103757E-04 0.116234E-03  0.00000     0.104802E-03  0.00000      0.00000     0.531841E-04 0.563713E-04 0.308469E-04  0.00000    
  1025.06      2500.00     0.121602E-02 0.103757E-04 0.116234E-03  0.00000     0.104802E-03  0.00000      0.00000     0.531841E-04 0.563713E-04 0.308469E-04  0.00000    
  1022.56      2500.00     0.121602E-02 0.103757E-04 0.116234E-03  0.00000     0.104802E-03  0.00000      0.00000     0.531841E-04 0.563713E-04 0.308469E-04  0.00000    
  1020.05      2500.00     0.121602E-02 0.103757E-04 0.116234E-03  0.00000     0.104802E-03  0.00000      0.00000     0.531841E-04 0.563713E-04 0.308469E-04  0.00000    
  1017.54      2500.00     0.121602E-02 0.103757E-04 0.116234E-03  0.00000     0.104802E-03  0.00000      0.00000     0.531841E-04 0.563713E-04 0.308469E-04  0.00000    
  1015.04      2500.00     0.121602E-02 0.103757E-04 0.116234E-03  0.00000     0.104802E-03  0.00000      0.00000     0.531841E-04 0.563713E-04 0.308469E-04  0.00000    
  1012.53      2500.00     0.121602E-02 0.103757E-04 0.116234E-03  0.00000     0.104802E-03  0.00000      0.00000     0.531841E-04 0.563713E-04 0.308469E-04  0.00000    
  1010.03      2500.00     0.121602E-02 0.103757E-04 0.116234E-03  0.00000     0.104802E-03  0.00000      0.00000     0.531841E-04 0.563713E-04 0.308469E-04  0.00000    
  1007.52      2500.00     0.121602E-02 0.103757E-04 0.116234E-03  0.00000     0.104802E-03  0.00000      0.00000     0.531841E-04 0.563713E-04 0.308469E-04  0.00000    
  1005.01      2500.00     0.121602E-02 0.103757E-04 0.116234E-03  0.00000     0.104802E-03  0.00000      0.00000     0.531841E-04 0.563713E-04 0.308469E-04  0.00000    
  1002.51      2500.00     0.121602E-02 0.103757E-04 0.116234E-03  0.00000     0.104802E-03  0.00000      0.00000     0.531841E-04 0.563713E-04 0.308469E-04  0.00000    
  1000.00      2500.00     0.121602E-02 0.103757E-04 0.116234E-03  0.00000     0.104802E-03  0.00000      0.00000     0.531841E-04 0.563713E-04 0.308469E-04  0.00000    
