|6.6.6
Archiving\03_Data\Deq/QFM_m2.25/YM20/YM20_3.tab                         
           1
T(K)    
  0.000000000000000E+000
  0.000000000000000E+000
           0
          12
T(K)           P(bar)         melt(TH)       Ni             O(HP)          Sp(TH)         Opx(TH)        Cpx(TH)        Cpx(TH)        an             San(TH)        ab            
  2000.00        2500.00        99.9858       0.141560E-001            NaN            NaN            NaN            NaN            NaN            NaN            NaN            NaN
  1996.79        2500.00        99.9858       0.141563E-001            NaN            NaN            NaN            NaN            NaN            NaN            NaN            NaN
  1993.59        2500.00        99.9858       0.141567E-001            NaN            NaN            NaN            NaN            NaN            NaN            NaN            NaN
  1990.38        2500.00        99.9858       0.141571E-001            NaN            NaN            NaN            NaN            NaN            NaN            NaN            NaN
  1987.18        2500.00        99.9858       0.141575E-001            NaN            NaN            NaN            NaN            NaN            NaN            NaN            NaN
  1983.97        2500.00        99.9858       0.141579E-001            NaN            NaN            NaN            NaN            NaN            NaN            NaN            NaN
  1980.77        2500.00        99.9858       0.141583E-001            NaN            NaN            NaN            NaN            NaN            NaN            NaN            NaN
  1977.56        2500.00        99.9858       0.141587E-001            NaN            NaN            NaN            NaN            NaN            NaN            NaN            NaN
  1974.36        2500.00        99.9858       0.141591E-001            NaN            NaN            NaN            NaN            NaN            NaN            NaN            NaN
  1971.15        2500.00        99.9858       0.141595E-001            NaN            NaN            NaN            NaN            NaN            NaN            NaN            NaN
  1967.95        2500.00        99.9858       0.141599E-001            NaN            NaN            NaN            NaN            NaN            NaN            NaN            NaN
  1964.74        2500.00        99.9858       0.141603E-001            NaN            NaN            NaN            NaN            NaN            NaN            NaN            NaN
  1961.54        2500.00        99.9858       0.141608E-001            NaN            NaN            NaN            NaN            NaN            NaN            NaN            NaN
  1958.33        2500.00        99.9858       0.141612E-001            NaN            NaN            NaN            NaN            NaN            NaN            NaN            NaN
  1955.13        2500.00        99.9858       0.141616E-001            NaN            NaN            NaN            NaN            NaN            NaN            NaN            NaN
  1951.92        2500.00        99.9858       0.141620E-001            NaN            NaN            NaN            NaN            NaN            NaN            NaN            NaN
  1948.72        2500.00        99.9858       0.141625E-001            NaN            NaN            NaN            NaN            NaN            NaN            NaN            NaN
  1945.51        2500.00        99.9858       0.141629E-001            NaN            NaN            NaN            NaN            NaN            NaN            NaN            NaN
  1942.31        2500.00        99.9858       0.141633E-001            NaN            NaN            NaN            NaN            NaN            NaN            NaN            NaN
  1939.10        2500.00        99.9858       0.141637E-001            NaN            NaN            NaN            NaN            NaN            NaN            NaN            NaN
  1935.90        2500.00        99.9858       0.141642E-001            NaN            NaN            NaN            NaN            NaN            NaN            NaN            NaN
  1932.69        2500.00        99.3352       0.993841E-002  0.654851                 NaN            NaN            NaN            NaN            NaN            NaN            NaN
  1929.49        2500.00        98.5310       0.464646E-002   1.46433                 NaN            NaN            NaN            NaN            NaN            NaN            NaN
  1926.28        2500.00        97.7962                 NaN   2.20385                 NaN            NaN            NaN            NaN            NaN            NaN            NaN
  1923.08        2500.00        97.4686                 NaN   2.53136                 NaN            NaN            NaN            NaN            NaN            NaN            NaN
  1919.87        2500.00        97.0677                 NaN   2.93231                 NaN            NaN            NaN            NaN            NaN            NaN            NaN
  1916.67        2500.00        96.6665                 NaN   3.33352                 NaN            NaN            NaN            NaN            NaN            NaN            NaN
  1913.46        2500.00        96.1977                 NaN   3.80233                 NaN            NaN            NaN            NaN            NaN            NaN            NaN
  1910.26        2500.00        95.6928                 NaN   4.30607       0.116408E-002            NaN            NaN            NaN            NaN            NaN            NaN
  1907.05        2500.00        95.1246                 NaN   4.86607       0.931670E-002            NaN            NaN            NaN            NaN            NaN            NaN
  1903.85        2500.00        94.5560                 NaN   5.42657       0.174771E-001            NaN            NaN            NaN            NaN            NaN            NaN
  1900.64        2500.00        93.9868                 NaN   5.98757       0.256453E-001            NaN            NaN            NaN            NaN            NaN            NaN
  1897.44        2500.00        93.4171                 NaN   6.54906       0.338212E-001            NaN            NaN            NaN            NaN            NaN            NaN
  1894.23        2500.00        92.8077                 NaN   7.14621       0.460948E-001            NaN            NaN            NaN            NaN            NaN            NaN
  1891.03        2500.00        92.1977                 NaN   7.74391       0.583808E-001            NaN            NaN            NaN            NaN            NaN            NaN
  1887.82        2500.00        91.5871                 NaN   8.34218       0.706791E-001            NaN            NaN            NaN            NaN            NaN            NaN
  1884.62        2500.00        90.9760                 NaN   8.94100       0.829896E-001            NaN            NaN            NaN            NaN            NaN            NaN
  1881.41        2500.00        90.3643                 NaN   9.54039       0.953124E-001            NaN            NaN            NaN            NaN            NaN            NaN
  1878.21        2500.00        89.7520                 NaN   10.1403       0.107647                 NaN            NaN            NaN            NaN            NaN            NaN
  1875.00        2500.00        89.1392                 NaN   10.7408       0.119994                 NaN            NaN            NaN            NaN            NaN            NaN
  1871.79        2500.00        88.5258                 NaN   11.3419       0.132354                 NaN            NaN            NaN            NaN            NaN            NaN
  1868.59        2500.00        87.9328                 NaN   11.9235       0.143675                 NaN            NaN            NaN            NaN            NaN            NaN
  1865.38        2500.00        87.3393                 NaN   12.5057       0.155007                 NaN            NaN            NaN            NaN            NaN            NaN
  1862.18        2500.00        86.7452                 NaN   13.0884       0.166350                 NaN            NaN            NaN            NaN            NaN            NaN
  1858.97        2500.00        86.1507                 NaN   13.6716       0.177703                 NaN            NaN            NaN            NaN            NaN            NaN
  1855.77        2500.00        85.5556                 NaN   14.2554       0.189067                 NaN            NaN            NaN            NaN            NaN            NaN
  1852.56        2500.00        84.9600                 NaN   14.8396       0.200442                 NaN            NaN            NaN            NaN            NaN            NaN
  1849.36        2500.00        84.3639                 NaN   15.4243       0.211827                 NaN            NaN            NaN            NaN            NaN            NaN
  1846.15        2500.00        83.7672                 NaN   16.0095       0.223223                 NaN            NaN            NaN            NaN            NaN            NaN
  1842.95        2500.00        83.1988                 NaN   16.5675       0.233742                 NaN            NaN            NaN            NaN            NaN            NaN
  1839.74        2500.00        82.6299                 NaN   17.1258       0.244270                 NaN            NaN            NaN            NaN            NaN            NaN
  1836.54        2500.00        82.0605                 NaN   17.6847       0.254807                 NaN            NaN            NaN            NaN            NaN            NaN
  1833.33        2500.00        81.4907                 NaN   18.2440       0.265354                 NaN            NaN            NaN            NaN            NaN            NaN
  1830.13        2500.00        80.9204                 NaN   18.8037       0.275910                 NaN            NaN            NaN            NaN            NaN            NaN
  1826.92        2500.00        80.3497                 NaN   19.3638       0.286474                 NaN            NaN            NaN            NaN            NaN            NaN
  1823.72        2500.00        79.7785                 NaN   19.9245       0.297048                 NaN            NaN            NaN            NaN            NaN            NaN
  1820.51        2500.00        79.2069                 NaN   20.4855       0.307631                 NaN            NaN            NaN            NaN            NaN            NaN
  1817.31        2500.00        78.6609                 NaN   21.0217       0.317436                 NaN            NaN            NaN            NaN            NaN            NaN
  1814.10        2500.00        78.1145                 NaN   21.5582       0.327250                 NaN            NaN            NaN            NaN            NaN            NaN
  1810.90        2500.00        77.5678                 NaN   22.0951       0.337072                 NaN            NaN            NaN            NaN            NaN            NaN
  1807.69        2500.00        77.0206                 NaN   22.6325       0.346901                 NaN            NaN            NaN            NaN            NaN            NaN
  1804.49        2500.00        76.4731                 NaN   23.1702       0.356738                 NaN            NaN            NaN            NaN            NaN            NaN
  1801.28        2500.00        75.9251                 NaN   23.7083       0.366582                 NaN            NaN            NaN            NaN            NaN            NaN
  1798.08        2500.00        75.3768                 NaN   24.2468       0.376434                 NaN            NaN            NaN            NaN            NaN            NaN
  1794.87        2500.00        74.8281                 NaN   24.7856       0.386294                 NaN            NaN            NaN            NaN            NaN            NaN
  1791.67        2500.00        74.3009                 NaN   25.3035       0.395519                 NaN            NaN            NaN            NaN            NaN            NaN
  1788.46        2500.00        73.7735                 NaN   25.8218       0.404750                 NaN            NaN            NaN            NaN            NaN            NaN
  1785.26        2500.00        73.2456                 NaN   26.3404       0.413987                 NaN            NaN            NaN            NaN            NaN            NaN
  1782.05        2500.00        72.7175                 NaN   26.8593       0.423232                 NaN            NaN            NaN            NaN            NaN            NaN
  1778.85        2500.00        72.1890                 NaN   27.3785       0.432482                 NaN            NaN            NaN            NaN            NaN            NaN
  1775.64        2500.00        71.6601                 NaN   27.8981       0.441740                 NaN            NaN            NaN            NaN            NaN            NaN
  1772.44        2500.00        71.1310                 NaN   28.4180       0.451003                 NaN            NaN            NaN            NaN            NaN            NaN
  1769.23        2500.00        70.6015                 NaN   28.9383       0.460273                 NaN            NaN            NaN            NaN            NaN            NaN
  1766.03        2500.00        70.0921                 NaN   29.4391       0.468879                 NaN            NaN            NaN            NaN            NaN            NaN
  1762.82        2500.00        69.5824                 NaN   29.9401       0.477490                 NaN            NaN            NaN            NaN            NaN            NaN
  1759.62        2500.00        69.0724                 NaN   30.4415       0.486106                 NaN            NaN            NaN            NaN            NaN            NaN
  1756.41        2500.00        68.5621                 NaN   30.9432       0.494728                 NaN            NaN            NaN            NaN            NaN            NaN
  1753.21        2500.00        68.0515                 NaN   31.4451       0.503355                 NaN            NaN            NaN            NaN            NaN            NaN
  1750.00        2500.00        67.5407                 NaN   31.9473       0.511988                 NaN            NaN            NaN            NaN            NaN            NaN
  1746.79        2500.00        67.0296                 NaN   32.4498       0.520626                 NaN            NaN            NaN            NaN            NaN            NaN
  1743.59        2500.00        66.5182                 NaN   32.9526       0.529269                 NaN            NaN            NaN            NaN            NaN            NaN
  1740.38        2500.00        66.0270                 NaN   33.4355       0.537497                 NaN            NaN            NaN            NaN            NaN            NaN
  1737.18        2500.00        65.5356                 NaN   33.9187       0.545729                 NaN            NaN            NaN            NaN            NaN            NaN
  1733.97        2500.00        65.0439                 NaN   34.4021       0.553965                 NaN            NaN            NaN            NaN            NaN            NaN
  1730.77        2500.00        64.5520                 NaN   34.8858       0.562207                 NaN            NaN            NaN            NaN            NaN            NaN
  1727.56        2500.00        64.0599                 NaN   35.3697       0.570452                 NaN            NaN            NaN            NaN            NaN            NaN
  1724.36        2500.00        63.5675                 NaN   35.8538       0.578702                 NaN            NaN            NaN            NaN            NaN            NaN
  1721.15        2500.00        63.0749                 NaN   36.3381       0.586956                 NaN            NaN            NaN            NaN            NaN            NaN
  1717.95        2500.00        62.5821                 NaN   36.8227       0.595215                 NaN            NaN            NaN            NaN            NaN            NaN
  1714.74        2500.00        62.1133                 NaN   37.2837       0.603029                 NaN            NaN            NaN            NaN            NaN            NaN
  1711.54        2500.00        61.6443                 NaN   37.7449       0.610847                 NaN            NaN            NaN            NaN            NaN            NaN
  1708.33        2500.00        61.1751                 NaN   38.2063       0.618669                 NaN            NaN            NaN            NaN            NaN            NaN
  1705.13        2500.00        60.7057                 NaN   38.6678       0.626494                 NaN            NaN            NaN            NaN            NaN            NaN
  1701.92        2500.00        60.2361                 NaN   39.1296       0.634322                 NaN            NaN            NaN            NaN            NaN            NaN
  1698.72        2500.00        59.7664                 NaN   39.5915       0.642154                 NaN            NaN            NaN            NaN            NaN            NaN
  1695.51        2500.00        59.2965                 NaN   40.0535       0.649990                 NaN            NaN            NaN            NaN            NaN            NaN
  1692.31        2500.00        58.8264                 NaN   40.5158       0.657828                 NaN            NaN            NaN            NaN            NaN            NaN
  1689.10        2500.00        58.3833                 NaN   40.9513       0.665362                 NaN            NaN            NaN            NaN            NaN            NaN
  1685.90        2500.00        57.9400                 NaN   41.3871       0.672899                 NaN            NaN            NaN            NaN            NaN            NaN
  1682.69        2500.00        57.4967                 NaN   41.8229       0.680439                 NaN            NaN            NaN            NaN            NaN            NaN
  1679.49        2500.00        57.0532                 NaN   42.2589       0.687982                 NaN            NaN            NaN            NaN            NaN            NaN
  1676.28        2500.00        56.6095                 NaN   42.6949       0.695527                 NaN            NaN            NaN            NaN            NaN            NaN
  1673.08        2500.00        56.1658                 NaN   43.1311       0.703075                 NaN            NaN            NaN            NaN            NaN            NaN
  1669.87        2500.00        55.7219                 NaN   43.5675       0.710625                 NaN            NaN            NaN            NaN            NaN            NaN
  1666.67        2500.00        55.2779                 NaN   44.0039       0.718178                 NaN            NaN            NaN            NaN            NaN            NaN
  1663.46        2500.00        54.8521                 NaN   44.4226       0.725291                 NaN            NaN            NaN            NaN            NaN            NaN
  1660.26        2500.00        54.4263                 NaN   44.8413       0.732407                 NaN            NaN            NaN            NaN            NaN            NaN
  1657.05        2500.00        54.0088                 NaN   45.2513       0.739910                 NaN            NaN            NaN            NaN            NaN            NaN
  1653.85        2500.00        53.0075                 NaN   45.5429       0.740074       0.709531                 NaN            NaN            NaN            NaN            NaN
  1650.64        2500.00        51.7269                 NaN   45.7295       0.735794        1.80780                 NaN            NaN            NaN            NaN            NaN
  1647.44        2500.00        50.4428                 NaN   45.9166       0.731500        2.90904                 NaN            NaN            NaN            NaN            NaN
  1644.23        2500.00        49.1554                 NaN   46.1041       0.727194        4.01326                 NaN            NaN            NaN            NaN            NaN
  1641.03        2500.00        47.8647                 NaN   46.2920       0.722874        5.12048                 NaN            NaN            NaN            NaN            NaN
  1637.82        2500.00        46.8504                 NaN   46.4331       0.717865        5.99862                 NaN            NaN            NaN            NaN            NaN
  1634.62        2500.00        45.8340                 NaN   46.5745       0.712845        6.87866                 NaN            NaN            NaN            NaN            NaN
  1631.41        2500.00        44.8156                 NaN   46.7160       0.707813        7.76059                 NaN            NaN            NaN            NaN            NaN
  1628.21        2500.00        43.7950                 NaN   46.8578       0.702768        8.64442                 NaN            NaN            NaN            NaN            NaN
  1625.00        2500.00        42.7723                 NaN   46.9999       0.697712        9.53015                 NaN            NaN            NaN            NaN            NaN
  1621.79        2500.00        41.7475                 NaN   47.1421       0.692643        10.4178                 NaN            NaN            NaN            NaN            NaN
  1618.59        2500.00        40.7206                 NaN   47.2846       0.687563        11.3073                 NaN            NaN            NaN            NaN            NaN
  1615.38        2500.00        39.6915                 NaN   47.4273       0.682470        12.1987                 NaN            NaN            NaN            NaN            NaN
  1612.18        2500.00        38.9104                 NaN   47.5273       0.676624        12.8857                 NaN            NaN            NaN            NaN            NaN
  1608.97        2500.00        38.1280                 NaN   47.6274       0.670768        13.5738                 NaN            NaN            NaN            NaN            NaN
  1605.77        2500.00        37.3443                 NaN   47.7277       0.664901        14.2631                 NaN            NaN            NaN            NaN            NaN
  1602.56        2500.00        36.5595                 NaN   47.8280       0.659024        14.9535                 NaN            NaN            NaN            NaN            NaN
  1599.36        2500.00        35.7733                 NaN   47.9285       0.653136        15.6451                 NaN            NaN            NaN            NaN            NaN
  1596.15        2500.00        34.9860                 NaN   48.0290       0.647237        16.3377                 NaN            NaN            NaN            NaN            NaN
  1592.95        2500.00        34.1974                 NaN   48.1297       0.641328        17.0316                 NaN            NaN            NaN            NaN            NaN
  1589.74        2500.00        33.4076                 NaN   48.2305       0.635408        17.7265                 NaN            NaN            NaN            NaN            NaN
  1586.54        2500.00        32.7729                 NaN   48.3048       0.628644        18.2937                 NaN            NaN            NaN            NaN            NaN
  1583.33        2500.00        32.1374                 NaN   48.3792       0.621870        18.8616                 NaN            NaN            NaN            NaN            NaN
  1580.13        2500.00        31.5010                 NaN   48.4536       0.615087        19.4303                 NaN            NaN            NaN            NaN            NaN
  1576.92        2500.00        30.8639                 NaN   48.5281       0.608293        19.9997                 NaN            NaN            NaN            NaN            NaN
  1573.72        2500.00        30.2260                 NaN   48.6026       0.601489        20.5699                 NaN            NaN            NaN            NaN            NaN
  1570.51        2500.00        29.5872                 NaN   48.6772       0.594676        21.1409                 NaN            NaN            NaN            NaN            NaN
  1567.31        2500.00        28.9476                 NaN   48.7519       0.587853        21.7126                 NaN            NaN            NaN            NaN            NaN
  1564.10        2500.00        28.3073                 NaN   48.8266       0.581020        22.2851                 NaN            NaN            NaN            NaN            NaN
  1560.90        2500.00        27.7602                 NaN   48.8859       0.572959        22.7810                 NaN            NaN            NaN            NaN            NaN
  1557.69        2500.00        27.2124                 NaN   48.9453       0.564888        23.2774                 NaN            NaN            NaN            NaN            NaN
  1554.49        2500.00        26.6641                 NaN   49.0046       0.556807        23.7744                 NaN            NaN            NaN            NaN            NaN
  1551.28        2500.00        26.1152                 NaN   49.0641       0.548716        24.2720                 NaN            NaN            NaN            NaN            NaN
  1548.08        2500.00        25.5657                 NaN   49.1235       0.540615        24.7701                 NaN            NaN            NaN            NaN            NaN
  1544.87        2500.00        25.0156                 NaN   49.1830       0.532504        25.2688                 NaN            NaN            NaN            NaN            NaN
  1541.67        2500.00        24.4649                 NaN   49.2426       0.524383        25.7681                 NaN            NaN            NaN            NaN            NaN
  1538.46        2500.00        23.9136                 NaN   49.3022       0.516251        26.2680                 NaN            NaN            NaN            NaN            NaN
  1535.26        2500.00        23.4164                 NaN   49.3531       0.506510        26.7240                 NaN            NaN            NaN            NaN            NaN
  1532.05        2500.00        22.9186                 NaN   49.4042       0.496758        27.1805                 NaN            NaN            NaN            NaN            NaN
  1528.85        2500.00        22.4203                 NaN   49.4552       0.486995        27.6375                 NaN            NaN            NaN            NaN            NaN
  1525.64        2500.00        21.9215                 NaN   49.5063       0.477220        28.0949                 NaN            NaN            NaN            NaN            NaN
  1522.44        2500.00        21.4223                 NaN   49.5574       0.467435        28.5529                 NaN            NaN            NaN            NaN            NaN
  1519.23        2500.00        20.9225                 NaN   49.6086       0.457638        29.0113                 NaN            NaN            NaN            NaN            NaN
  1516.03        2500.00        20.4222                 NaN   49.6598       0.447831        29.4702                 NaN            NaN            NaN            NaN            NaN
  1512.82        2500.00        19.9215                 NaN   49.7110       0.438012        29.9295                 NaN            NaN            NaN            NaN            NaN
  1509.62        2500.00        19.4403                 NaN   49.7587       0.427318        30.3737                 NaN            NaN            NaN            NaN            NaN
  1506.41        2500.00        18.9586                 NaN   49.8065       0.416613        30.8182                 NaN            NaN            NaN            NaN            NaN
  1503.21        2500.00        18.4584                 NaN   49.8546       0.407368        31.2279       0.518426E-001            NaN            NaN            NaN            NaN
  1500.00        2500.00        17.6451                 NaN   49.9237       0.411184        31.3802       0.639841                 NaN            NaN            NaN            NaN
  1496.79        2500.00        16.8854                 NaN   49.9753       0.418455        31.5213        1.19957                 NaN            NaN            NaN            NaN
  1493.59        2500.00        16.1243                 NaN   50.0268       0.425742        31.6628        1.76038                 NaN            NaN            NaN            NaN
  1490.38        2500.00        15.3617                 NaN   50.0784       0.433045        31.8045        2.32229                 NaN            NaN            NaN            NaN
  1487.18        2500.00        14.5978                 NaN   50.1300       0.440364        31.9465        2.88528                 NaN            NaN            NaN            NaN
  1483.97        2500.00        13.9245                 NaN   50.1619       0.451002        32.0691        3.39354                 NaN            NaN            NaN            NaN
  1480.77        2500.00        13.2500                 NaN   50.1937       0.461661        32.1920        3.90268                 NaN            NaN            NaN            NaN
  1477.56        2500.00        12.6128                 NaN   50.2169       0.474077        32.3066        4.38968                 NaN            NaN            NaN            NaN
  1474.36        2500.00        12.0024                 NaN   50.2319       0.488863        32.3547       0.751483E-001   4.84697                 NaN            NaN            NaN
  1471.15        2500.00        12.0017                 NaN   50.2322       0.488881        32.3550       0.751492E-001   4.84700                 NaN            NaN            NaN
  1467.95        2500.00        12.0011                 NaN   50.2325       0.488898        32.3553       0.751502E-001   4.84704                 NaN            NaN            NaN
  1464.74        2500.00        12.0005                 NaN   50.2328       0.488916        32.3556       0.751511E-001   4.84707                 NaN            NaN            NaN
  1461.54        2500.00        9.63371                 NaN   50.1991       0.584526        31.7673        6.43720        1.37819                 NaN            NaN            NaN
  1458.33        2500.00        9.63322                 NaN   50.1993       0.584546        31.7675        6.43724        1.37820                 NaN            NaN            NaN
  1455.13        2500.00        9.63274                 NaN   50.1995       0.584566        31.7677        6.43728        1.37822                 NaN            NaN            NaN
  1451.92        2500.00        9.63226                 NaN   50.1996       0.584586        31.7680        6.43731        1.37823                 NaN            NaN            NaN
  1448.72        2500.00        7.80143                 NaN   50.1363       0.673816        31.4849        7.69159        2.21196                 NaN            NaN            NaN
  1445.51        2500.00        7.40766                 NaN   50.1168       0.695472        31.4438        7.96345        2.37284                 NaN            NaN            NaN
  1442.31        2500.00        6.96313                 NaN   50.1445       0.709241        31.3453        8.14649        2.58204       0.109280                 NaN            NaN
  1439.10        2500.00        6.96281                 NaN   50.1446       0.709264        31.3455        8.14652        2.58206       0.109287                 NaN            NaN
  1435.90        2500.00        6.11209                 NaN   50.2390       0.727436        31.1008        8.39193        3.01165       0.417043                 NaN            NaN
  1432.69        2500.00        6.11182                 NaN   50.2390       0.727459        31.1010        8.39196        3.01168       0.417069                 NaN            NaN
  1429.49        2500.00        6.11156                 NaN   50.2391       0.727482        31.1011        8.39198        3.01170       0.417095                 NaN            NaN
  1426.28        2500.00        6.11129                 NaN   50.2391       0.727505        31.1013        8.39201        3.01173       0.417122                 NaN            NaN
  1423.08        2500.00        6.11103                 NaN   50.2391       0.727528        31.1014        8.39203        3.01175       0.417148                 NaN            NaN
  1419.87        2500.00        6.11076                 NaN   50.2391       0.727551        31.1016        8.39205        3.01178       0.417174                 NaN            NaN
  1416.67        2500.00        6.11049                 NaN   50.2391       0.727574        31.1017        8.39208        3.01180       0.417200                 NaN            NaN
  1413.46        2500.00        6.11022                 NaN   50.2392       0.727597        31.1019        8.39210        3.01183       0.417226                 NaN            NaN
  1410.26        2500.00        3.81866                 NaN   50.4697       0.793262        30.3447        9.03185        4.22737        1.31448                 NaN            NaN
  1407.05        2500.00        3.81852                 NaN   50.4696       0.793286        30.3448        9.03185        4.22739        1.31456                 NaN            NaN
  1403.85        2500.00        3.81839                 NaN   50.4695       0.793309        30.3449        9.03186        4.22742        1.31464                 NaN            NaN
  1400.64        2500.00        3.81825                 NaN   50.4694       0.793332        30.3450        9.03187        4.22745        1.31472                 NaN            NaN
  1397.44        2500.00        3.81811                 NaN   50.4693       0.793356        30.3451        9.03188        4.22747        1.31480                 NaN            NaN
  1394.23        2500.00        3.81798                 NaN   50.4692       0.793379        30.3452        9.03189        4.22750        1.31488                 NaN            NaN
  1391.03        2500.00        3.81784                 NaN   50.4691       0.793402        30.3453        9.03190        4.22753        1.31496                 NaN            NaN
  1387.82        2500.00        3.81770                 NaN   50.4690       0.793425        30.3453        9.03191        4.22756        1.31504                 NaN            NaN
  1384.62        2500.00        2.38648                 NaN   50.5798       0.852622        29.8070        9.40293        5.02349        1.94774                 NaN            NaN
  1381.41        2500.00        2.38641                 NaN   50.5796       0.852646        29.8070        9.40292        5.02352        1.94785                 NaN            NaN
  1378.21        2500.00        2.38634                 NaN   50.5795       0.852669        29.8071        9.40292        5.02355        1.94797                 NaN            NaN
  1375.00        2500.00        2.38627                 NaN   50.5793       0.852693        29.8071        9.40292        5.02358        1.94808                 NaN            NaN
  1371.79        2500.00        2.38620                 NaN   50.5791       0.852717        29.8072        9.40292        5.02360        1.94820                 NaN            NaN
  1368.59        2500.00        2.38614                 NaN   50.5790       0.852741        29.8073        9.40292        5.02363        1.94831                 NaN            NaN
  1365.38        2500.00        2.38607                 NaN   50.5788       0.852764        29.8073        9.40292        5.02366        1.94843                 NaN            NaN
  1362.18        2500.00        2.38600                 NaN   50.5787       0.852788        29.8074        9.40292        5.02369        1.94854                 NaN            NaN
  1358.97        2500.00        1.32556                 NaN   50.6255       0.909128        29.4164        5.61018        9.66240        2.45086                 NaN            NaN
  1355.77        2500.00        1.32553                 NaN   50.6253       0.909152        29.4164        5.61021        9.66239        2.45101                 NaN            NaN
  1352.56        2500.00        1.32550                 NaN   50.6251       0.909177        29.4164        5.61024        9.66239        2.45115                 NaN            NaN
  1349.36        2500.00        1.32547                 NaN   50.6249       0.909201        29.4165        5.61026        9.66238        2.45129                 NaN            NaN
  1346.15        2500.00        1.32544                 NaN   50.6247       0.909226        29.4165        5.61029        9.66237        2.45143                 NaN            NaN
  1342.95        2500.00        1.32541                 NaN   50.6245       0.909250        29.4166        5.61032        9.66237        2.45158                 NaN            NaN
  1339.74        2500.00        1.32538                 NaN   50.6243       0.909275        29.4166        5.61035        9.66236        2.45172                 NaN            NaN
  1336.54        2500.00        1.32535                 NaN   50.6241       0.909299        29.4167        5.61038        9.66236        2.45186                 NaN            NaN
  1333.33        2500.00       0.451276                 NaN   50.6277       0.963701        29.1469        6.06785        9.87472        2.86788                 NaN            NaN
  1330.13        2500.00       0.451268                 NaN   50.6274       0.963727        29.1470        6.06788        9.87471        2.86805                 NaN            NaN
  1326.92        2500.00       0.250438                 NaN   50.6214       0.977468        29.0981        9.92598        6.16698        2.95961                 NaN            NaN
  1323.72        2500.00       0.152316                 NaN   50.6184       0.983966        29.0754        9.95214        6.21315        3.00464                 NaN            NaN
  1320.51        2500.00       0.168286E-001            NaN   50.6186       0.991101        29.0508        9.98127        6.26445        3.05168       0.253068E-001            NaN
  1317.31        2500.00                 NaN            NaN   50.6239       0.995370        29.0612        6.23598        9.97618        3.06809       0.393177E-001            NaN
  1314.10        2500.00                 NaN            NaN   50.6273       0.999453        29.0726        6.20533        9.97015        3.08289       0.423063E-001            NaN
  1310.90        2500.00                 NaN            NaN   50.6271       0.999479        29.0726        6.20536        9.97014        3.08306       0.423071E-001            NaN
  1307.69        2500.00                 NaN            NaN   50.6330        1.00807        29.0949        6.14574        9.95913        3.11091       0.481585E-001            NaN
  1304.49        2500.00                 NaN            NaN   50.6328        1.00810        29.0950        6.14577        9.95912        3.11109       0.481594E-001            NaN
  1301.28        2500.00                 NaN            NaN   50.6325        1.00812        29.0950        6.14580        9.95911        3.11126       0.481603E-001            NaN
  1298.08        2500.00                 NaN            NaN   50.6323        1.00815        29.0950        6.14583        9.95910        3.11144       0.481612E-001            NaN
  1294.87        2500.00                 NaN            NaN   50.6320        1.00817        29.0951        6.14586        9.95909        3.11162       0.481621E-001            NaN
  1291.67        2500.00                 NaN            NaN   50.6318        1.00820        29.0951        6.14589        9.95908        3.11180       0.481630E-001            NaN
  1288.46        2500.00                 NaN            NaN   50.6315        1.00822        29.0952        6.14592        9.95907        3.11197       0.481640E-001            NaN
  1285.26        2500.00                 NaN            NaN   50.6312        1.00825        29.0952        6.14595        9.95906        3.11215       0.481649E-001            NaN
  1282.05        2500.00                 NaN            NaN   50.6524        1.04354        29.1737        9.91655        5.92478        3.21909       0.699853E-001            NaN
  1278.85        2500.00                 NaN            NaN   50.6521        1.04357        29.1737        9.91654        5.92481        3.21927       0.699866E-001            NaN
  1275.64        2500.00                 NaN            NaN   50.6519        1.04359        29.1737        9.91653        5.92484        3.21946       0.699879E-001            NaN
  1272.44        2500.00                 NaN            NaN   50.6516        1.04362        29.1738        9.91652        5.92487        3.21964       0.699892E-001            NaN
  1269.23        2500.00                 NaN            NaN   50.6513        1.04365        29.1738        9.91651        5.92490        3.21982       0.699906E-001            NaN
  1266.03        2500.00                 NaN            NaN   50.6511        1.04367        29.1739        9.91649        5.92493        3.22001       0.699919E-001            NaN
  1262.82        2500.00                 NaN            NaN   50.6508        1.04370        29.1739        9.91648        5.92496        3.22019       0.699932E-001            NaN
  1259.62        2500.00                 NaN            NaN   50.6505        1.04373        29.1739        9.91647        5.92499        3.22037       0.699945E-001            NaN
  1256.41        2500.00                 NaN            NaN   50.6632        1.08179        29.2401        9.88345        5.72591        3.31678       0.887562E-001            NaN
  1253.21        2500.00                 NaN            NaN   50.6629        1.08182        29.2402        9.88343        5.72594        3.31697       0.887579E-001            NaN
  1250.00        2500.00                 NaN            NaN   50.6626        1.08184        29.2402        9.88342        5.72597        3.31716       0.887595E-001            NaN
  1246.79        2500.00                 NaN            NaN   50.6623        1.08187        29.2403        9.88340        5.72600        3.31735       0.887612E-001            NaN
  1243.59        2500.00                 NaN            NaN   50.6621        1.08190        29.2403        9.88339        5.72603        3.31753       0.887628E-001            NaN
  1240.38        2500.00                 NaN            NaN   50.6618        1.08192        29.2404        9.88338        5.72606        3.31772       0.887645E-001            NaN
  1237.18        2500.00                 NaN            NaN   50.6615        1.08195        29.2404        9.88336        5.72609        3.31791       0.887661E-001            NaN
  1233.97        2500.00                 NaN            NaN   50.6612        1.08198        29.2405        9.88335        5.72612        3.31810       0.887678E-001            NaN
  1230.77        2500.00                 NaN            NaN   50.6673        1.12224        29.3013        5.54310        9.85431        3.40674       0.105073                 NaN
  1227.56        2500.00                 NaN            NaN   50.6670        1.12227        29.3013        5.54313        9.85430        3.40693       0.105074                 NaN
  1224.36        2500.00                 NaN            NaN   50.6667        1.12230        29.3014        5.54316        9.85428        3.40712       0.105076                 NaN
  1221.15        2500.00                 NaN            NaN   50.6664        1.12233        29.3014        5.54319        9.85426        3.40731       0.105078                 NaN
  1217.95        2500.00                 NaN            NaN   50.6661        1.12235        29.3015        5.54322        9.85425        3.40751       0.105080                 NaN
  1214.74        2500.00                 NaN            NaN   50.6658        1.12238        29.3015        5.54325        9.85423        3.40770       0.105082                 NaN
  1211.54        2500.00                 NaN            NaN   50.6656        1.12241        29.3016        5.54328        9.85422        3.40789       0.105084                 NaN
  1208.33        2500.00                 NaN            NaN   50.6653        1.12244        29.3016        5.54331        9.85420        3.40808       0.105086                 NaN
  1205.13        2500.00                 NaN            NaN   50.6630        1.16549        29.3584        9.83402        5.37417        3.48603       0.118811                 NaN
  1201.92        2500.00                 NaN            NaN   50.6627        1.16552        29.3585        9.83401        5.37420        3.48623       0.118813                 NaN
  1198.72        2500.00                 NaN            NaN   50.6624        1.16554        29.3585        9.83399        5.37424        3.48643       0.118815                 NaN
  1195.51        2500.00                 NaN            NaN   50.6622        1.16557        29.3586        9.83397        5.37427        3.48662       0.118817                 NaN
  1192.31        2500.00                 NaN            NaN   50.6619        1.16560        29.3586        9.83395        5.37430        3.48682       0.118819                 NaN
  1189.10        2500.00                 NaN            NaN   50.6616        1.16563        29.3587        9.83394        5.37433        3.48701       0.118821                 NaN
  1185.90        2500.00                 NaN            NaN   50.6613        1.16566        29.3588        9.83392        5.37436        3.48721       0.118823                 NaN
  1182.69        2500.00                 NaN            NaN   50.6610        1.16568        29.3588        9.83390        5.37439        3.48741       0.118826                 NaN
  1179.49        2500.00                 NaN            NaN   50.6509        1.21143        29.4165        9.81913        5.21597        3.55595       0.130177                 NaN
  1176.28        2500.00                 NaN            NaN   50.6506        1.21146        29.4165        9.81911        5.21600        3.55615       0.130180                 NaN
  1173.08        2500.00                 NaN            NaN   50.6503        1.21149        29.4166        9.81909        5.21603        3.55635       0.130182                 NaN
  1169.87        2500.00                 NaN            NaN   50.6500        1.21152        29.4166        9.81907        5.21606        3.55655       0.130184                 NaN
  1166.67        2500.00                 NaN            NaN   50.6497        1.21155        29.4167        9.81905        5.21610        3.55675       0.130187                 NaN
  1163.46        2500.00                 NaN            NaN   50.6494        1.21158        29.4168        9.81903        5.21613        3.55694       0.130189                 NaN
  1160.26        2500.00                 NaN            NaN   50.6491        1.21161        29.4168        9.81902        5.21616        3.55714       0.130191                 NaN
  1157.05        2500.00                 NaN            NaN   50.6488        1.21164        29.4169        9.81900        5.21619        3.55734       0.130194                 NaN
  1153.85        2500.00                 NaN            NaN   50.6302        1.26046        29.4779        5.06680        9.80942        3.61575       0.139483                 NaN
  1150.64        2500.00                 NaN            NaN   50.6299        1.26049        29.4779        5.06683        9.80940        3.61595       0.139485                 NaN
  1147.44        2500.00                 NaN            NaN   50.6296        1.26052        29.4780        5.06686        9.80938        3.61615       0.139488                 NaN
  1144.23        2500.00                 NaN            NaN   50.6293        1.26055        29.4780        5.06689        9.80936        3.61635       0.139490                 NaN
  1141.03        2500.00                 NaN            NaN   50.6290        1.26058        29.4781        5.06693        9.80934        3.61656       0.139493                 NaN
  1137.82        2500.00                 NaN            NaN   50.6287        1.26061        29.4782        5.06696        9.80932        3.61676       0.139495                 NaN
  1134.62        2500.00                 NaN            NaN   50.6284        1.26064        29.4782        5.06699        9.80930        3.61696       0.139498                 NaN
  1131.41        2500.00                 NaN            NaN   50.6281        1.26067        29.4783        5.06702        9.80928        3.61716       0.139500                 NaN
  1128.21        2500.00                 NaN            NaN   50.5995        1.31359        29.5462        4.92393        9.80758        3.66281       0.146373                 NaN
  1125.00        2500.00                 NaN            NaN   50.5992        1.31362        29.5463        4.92396        9.80756        3.66302       0.146375                 NaN
  1121.79        2500.00                 NaN            NaN   50.5989        1.31365        29.5463        4.92399        9.80754        3.66322       0.146378                 NaN
  1118.59        2500.00                 NaN            NaN   50.5986        1.31368        29.5464        4.92402        9.80752        3.66343       0.146380                 NaN
  1115.38        2500.00                 NaN            NaN   50.5983        1.31371        29.5464        4.92406        9.80750        3.66363       0.146383                 NaN
  1112.18        2500.00                 NaN            NaN   50.5980        1.31374        29.5465        4.92409        9.80747        3.66384       0.146386                 NaN
  1108.97        2500.00                 NaN            NaN   50.5976        1.31377        29.5466        4.92412        9.80745        3.66404       0.146388                 NaN
  1105.77        2500.00                 NaN            NaN   50.5973        1.31380        29.5467        4.92416        9.80743        3.66424       0.146391                 NaN
  1102.56        2500.00                 NaN            NaN   50.5592        1.37012        29.6222        9.81129        4.78659        3.70064       0.149971                 NaN
  1099.36        2500.00                 NaN            NaN   50.5588        1.37015        29.6223        9.81126        4.78662        3.70085       0.149974                 NaN
  1096.15        2500.00                 NaN            NaN   50.5585        1.37018        29.6224        9.81124        4.78665        3.70105       0.149977                 NaN
  1092.95        2500.00                 NaN            NaN   50.5582        1.37021        29.6224        9.81122        4.78669        3.70126       0.149979                 NaN
  1089.74        2500.00                 NaN            NaN   50.5579        1.37025        29.6225        9.81119        4.78672        3.70147       0.149982                 NaN
  1086.54        2500.00                 NaN            NaN   50.5576        1.37028        29.6226        9.81117        4.78675        3.70167       0.149984                 NaN
  1083.33        2500.00                 NaN            NaN   50.5572        1.37031        29.6227        9.81115        4.78679        3.70188       0.149987                 NaN
  1080.13        2500.00                 NaN            NaN   50.5569        1.37034        29.6227        9.81112        4.78682        3.70208       0.149989                 NaN
  1076.92        2500.00                 NaN            NaN   50.5086        1.43100        29.7076        4.65364        9.82214        3.72631       0.150739                 NaN
  1073.72        2500.00                 NaN            NaN   50.5083        1.43103        29.7077        4.65368        9.82211        3.72652       0.150742                 NaN
  1070.51        2500.00                 NaN            NaN   50.4943        1.44695        29.7305        4.62118        9.82559        3.73080       0.150636                 NaN
  1067.31        2500.00                 NaN            NaN   50.4862        1.45521        29.7427        9.82817        4.60549        3.73248                 NaN  0.149744     
  1064.10        2500.00                 NaN            NaN   50.4793        1.46333        29.7542        4.58868        9.82949        3.73387                 NaN  0.151158     
  1060.90        2500.00                 NaN            NaN   50.4790        1.46337        29.7543        4.58871        9.82946        3.73407                 NaN  0.151156     
  1057.69        2500.00                 NaN            NaN   50.4786        1.46340        29.7543        4.58874        9.82944        3.73428                 NaN  0.151153     
  1054.49        2500.00                 NaN            NaN   50.4783        1.46343        29.7544        4.58878        9.82942        3.73449                 NaN  0.151151     
  1051.28        2500.00                 NaN            NaN   50.4485        1.49683        29.8023        4.52138        9.83793        3.73697                 NaN  0.156036     
  1048.08        2500.00                 NaN            NaN   50.4482        1.49686        29.8024        4.52141        9.83791        3.73718                 NaN  0.156033     
  1044.87        2500.00                 NaN            NaN   50.4479        1.49689        29.8025        4.52145        9.83788        3.73738                 NaN  0.156031     
  1041.67        2500.00                 NaN            NaN   50.4476        1.49693        29.8026        4.52148        9.83786        3.73759                 NaN  0.156028     
  1038.46        2500.00                 NaN            NaN   50.4472        1.49696        29.8026        4.52152        9.83783        3.73780                 NaN  0.156025     
  1035.26        2500.00                 NaN            NaN   50.4469        1.49700        29.8027        4.52155        9.83781        3.73800                 NaN  0.156022     
  1032.05        2500.00                 NaN            NaN   50.4466        1.49703        29.8028        4.52159        9.83778        3.73821                 NaN  0.156020     
  1028.85        2500.00                 NaN            NaN   50.4462        1.49707        29.8029        4.52162        9.83776        3.73842                 NaN  0.156017     
  1025.64        2500.00                 NaN            NaN   50.3791        1.56787        29.9068        9.85862        4.38798        3.73221                 NaN  0.167361     
  1022.44        2500.00                 NaN            NaN   50.3788        1.56790        29.9069        9.85859        4.38801        3.73242                 NaN  0.167358     
  1019.23        2500.00                 NaN            NaN   50.3785        1.56794        29.9070        9.85856        4.38805        3.73262                 NaN  0.167355     
  1016.03        2500.00                 NaN            NaN   50.3781        1.56797        29.9071        9.85854        4.38808        3.73283                 NaN  0.167352     
  1012.82        2500.00                 NaN            NaN   50.3778        1.56801        29.9072        9.85851        4.38812        3.73304                 NaN  0.167349     
  1009.62        2500.00                 NaN            NaN   50.3775        1.56804        29.9073        9.85849        4.38815        3.73324                 NaN  0.167346     
  1006.41        2500.00                 NaN            NaN   50.3771        1.56808        29.9074        9.85846        4.38819        3.73345                 NaN  0.167344     
  1003.21        2500.00                 NaN            NaN   50.3768        1.56811        29.9074        9.85843        4.38822        3.73365                 NaN  0.167341     
  1000.00        2500.00                 NaN            NaN   50.2961        1.64560        30.0242        4.25599        9.88888        3.70939                 NaN  0.179847     
