|6.6.6
Archiving\03_Data\frac/QFM_m3.25/TAY13/TAY13_5.tab                        
           1
T(K)    
  0.000000000000000E+000
  0.000000000000000E+000
           0
          10
T(K)           P(bar)         pcr     usp     imt     ispTH     iherc     nmt     nsp     nherc    
  2000.00        2500.00                 NaN            NaN            NaN            NaN            NaN            NaN            NaN            NaN
  1997.49        2500.00                 NaN            NaN            NaN            NaN            NaN            NaN            NaN            NaN
  1994.99        2500.00                 NaN            NaN            NaN            NaN            NaN            NaN            NaN            NaN
  1992.48        2500.00                 NaN            NaN            NaN            NaN            NaN            NaN            NaN            NaN
  1989.97        2500.00                 NaN            NaN            NaN            NaN            NaN            NaN            NaN            NaN
  1987.47        2500.00                 NaN            NaN            NaN            NaN            NaN            NaN            NaN            NaN
  1984.96        2500.00                 NaN            NaN            NaN            NaN            NaN            NaN            NaN            NaN
  1982.46        2500.00                 NaN            NaN            NaN            NaN            NaN            NaN            NaN            NaN
  1979.95        2500.00                 NaN            NaN            NaN            NaN            NaN            NaN            NaN            NaN
  1977.44        2500.00                 NaN            NaN            NaN            NaN            NaN            NaN            NaN            NaN
  1974.94        2500.00                 NaN            NaN            NaN            NaN            NaN            NaN            NaN            NaN
  1972.43        2500.00                 NaN            NaN            NaN            NaN            NaN            NaN            NaN            NaN
  1969.92        2500.00                 NaN            NaN            NaN            NaN            NaN            NaN            NaN            NaN
  1967.42        2500.00                 NaN            NaN            NaN            NaN            NaN            NaN            NaN            NaN
  1964.91        2500.00                 NaN            NaN            NaN            NaN            NaN            NaN            NaN            NaN
  1962.41        2500.00                 NaN            NaN            NaN            NaN            NaN            NaN            NaN            NaN
  1959.90        2500.00                 NaN            NaN            NaN            NaN            NaN            NaN            NaN            NaN
  1957.39        2500.00                 NaN            NaN            NaN            NaN            NaN            NaN            NaN            NaN
  1954.89        2500.00                 NaN            NaN            NaN            NaN            NaN            NaN            NaN            NaN
  1952.38        2500.00                 NaN            NaN            NaN            NaN            NaN            NaN            NaN            NaN
  1949.87        2500.00                 NaN            NaN            NaN            NaN            NaN            NaN            NaN            NaN
  1947.37        2500.00                 NaN            NaN            NaN            NaN            NaN            NaN            NaN            NaN
  1944.86        2500.00                 NaN            NaN            NaN            NaN            NaN            NaN            NaN            NaN
  1942.36        2500.00                 NaN            NaN            NaN            NaN            NaN            NaN            NaN            NaN
  1939.85        2500.00                 NaN            NaN            NaN            NaN            NaN            NaN            NaN            NaN
  1937.34        2500.00                 NaN            NaN            NaN            NaN            NaN            NaN            NaN            NaN
  1934.84        2500.00                 NaN            NaN            NaN            NaN            NaN            NaN            NaN            NaN
  1932.33        2500.00                 NaN            NaN            NaN            NaN            NaN            NaN            NaN            NaN
  1929.82        2500.00                 NaN            NaN            NaN            NaN            NaN            NaN            NaN            NaN
  1927.32        2500.00                 NaN            NaN            NaN            NaN            NaN            NaN            NaN            NaN
  1924.81        2500.00                 NaN            NaN            NaN            NaN            NaN            NaN            NaN            NaN
  1922.31        2500.00                 NaN            NaN            NaN            NaN            NaN            NaN            NaN            NaN
  1919.80        2500.00                 NaN            NaN            NaN            NaN            NaN            NaN            NaN            NaN
  1917.29        2500.00                 NaN            NaN            NaN            NaN            NaN            NaN            NaN            NaN
  1914.79        2500.00                 NaN            NaN            NaN            NaN            NaN            NaN            NaN            NaN
  1912.28        2500.00                 NaN            NaN            NaN            NaN            NaN            NaN            NaN            NaN
  1909.77        2500.00                 NaN            NaN            NaN            NaN            NaN            NaN            NaN            NaN
  1907.27        2500.00                 NaN            NaN            NaN            NaN            NaN            NaN            NaN            NaN
  1904.76        2500.00                 NaN            NaN            NaN            NaN            NaN            NaN            NaN            NaN
  1902.26        2500.00                 NaN            NaN            NaN            NaN            NaN            NaN            NaN            NaN
  1899.75        2500.00                 NaN            NaN            NaN            NaN            NaN            NaN            NaN            NaN
  1897.24        2500.00                 NaN            NaN            NaN            NaN            NaN            NaN            NaN            NaN
  1894.74        2500.00                 NaN            NaN            NaN            NaN            NaN            NaN            NaN            NaN
  1892.23        2500.00                 NaN            NaN            NaN            NaN            NaN            NaN            NaN            NaN
  1889.72        2500.00                 NaN            NaN            NaN            NaN            NaN            NaN            NaN            NaN
  1887.22        2500.00                 NaN            NaN            NaN            NaN            NaN            NaN            NaN            NaN
  1884.71        2500.00                 NaN            NaN            NaN            NaN            NaN            NaN            NaN            NaN
  1882.21        2500.00                 NaN            NaN            NaN            NaN            NaN            NaN            NaN            NaN
  1879.70        2500.00                 NaN            NaN            NaN            NaN            NaN            NaN            NaN            NaN
  1877.19        2500.00                 NaN            NaN            NaN            NaN            NaN            NaN            NaN            NaN
  1874.69        2500.00                 NaN            NaN            NaN            NaN            NaN            NaN            NaN            NaN
  1872.18        2500.00                 NaN            NaN            NaN            NaN            NaN            NaN            NaN            NaN
  1869.67        2500.00                 NaN            NaN            NaN            NaN            NaN            NaN            NaN            NaN
  1867.17        2500.00       0.842640       0.101110E-003  0.753253E-001  0.691077E-001 -0.633997E-002 -0.372218E-001 -0.378589       0.434977     
  1864.66        2500.00       0.842405       0.107483E-003  0.753369E-001  0.682505E-001 -0.558931E-002 -0.372232E-001 -0.380965       0.437678     
  1862.16        2500.00       0.841698       0.995331E-004  0.748452E-001  0.672468E-001 -0.442074E-002 -0.369779E-001 -0.382865       0.440374     
  1859.65        2500.00       0.841281       0.996523E-004  0.747467E-001  0.662597E-001 -0.346063E-002 -0.369244E-001 -0.385442       0.443441     
  1857.14        2500.00       0.842197       0.839738E-004  0.745688E-001  0.650640E-001 -0.266633E-002 -0.368358E-001 -0.389184       0.446772     
  1854.64        2500.00       0.841874       0.108640E-003  0.744390E-001  0.640619E-001 -0.171882E-002 -0.367673E-001 -0.391866       0.449869     
  1852.13        2500.00       0.842742       0.933452E-004  0.741723E-001  0.634178E-001 -0.141289E-002 -0.366385E-001 -0.393682       0.451308     
  1849.62        2500.00       0.842947       0.108812E-003  0.740443E-001  0.620413E-001 -0.257035E-003 -0.365705E-001 -0.397902       0.455588     
  1847.12        2500.00       0.840496       0.992750E-004  0.730806E-001  0.614586E-001  0.114109E-002 -0.360931E-001 -0.397029       0.456847     
  1844.61        2500.00       0.840026       0.808708E-004  0.726334E-001  0.606796E-001  0.201555E-002 -0.358716E-001 -0.398478       0.458915     
  1842.11        2500.00       0.839807       0.100883E-003  0.725485E-001  0.598733E-001  0.273498E-002 -0.358263E-001 -0.400697       0.461459     
  1839.60        2500.00       0.840640       0.475860E-004  0.724571E-001  0.590565E-001  0.318980E-002 -0.357814E-001 -0.403410       0.463800     
  1837.09        2500.00       0.838400       0.111184E-003  0.718867E-001  0.581345E-001  0.471264E-002 -0.354934E-001 -0.404433       0.466681     
  1834.59        2500.00       0.838991       0.114594E-003  0.719598E-001  0.572234E-001  0.526688E-002 -0.355267E-001 -0.407670       0.469642     
  1832.08        2500.00       0.840260       0.974837E-004  0.714987E-001  0.562790E-001  0.580202E-002 -0.353033E-001 -0.410631       0.471997     
  1829.57        2500.00       0.839118       0.113649E-003  0.714253E-001  0.555524E-001  0.671057E-002 -0.352610E-001 -0.412220       0.474561     
  1827.07        2500.00       0.838664       0.987201E-004  0.712612E-001  0.546594E-001  0.761688E-002 -0.351760E-001 -0.414605       0.477481     
  1824.56        2500.00       0.838379       0.110544E-003  0.707530E-001  0.542798E-001  0.805288E-002 -0.349279E-001 -0.414813       0.478165     
  1822.06        2500.00       0.838845       0.984214E-004  0.707961E-001  0.530488E-001  0.897118E-002 -0.349443E-001 -0.419205       0.482390     
  1819.55        2500.00       0.838702       0.103688E-003  0.703787E-001  0.521829E-001  0.981904E-002 -0.347377E-001 -0.421396       0.484947     
  1817.04        2500.00       0.838728       0.104748E-003  0.699654E-001  0.515449E-001  0.103973E-001 -0.345351E-001 -0.422872       0.486667     
  1814.54        2500.00       0.838607       0.115407E-003  0.707446E-001  0.502810E-001  0.113288E-001 -0.349055E-001 -0.428190       0.492019     
  1812.03        2500.00       0.837976       0.107323E-003  0.694482E-001  0.497618E-001  0.121996E-001 -0.342740E-001 -0.427751       0.492532     
  1809.52        2500.00       0.836171       0.933435E-004  0.696745E-001  0.492515E-001  0.130176E-001 -0.343758E-001 -0.428665       0.494833     
  1807.02        2500.00       0.837675       0.115200E-003  0.693536E-001  0.482043E-001  0.135489E-001 -0.342202E-001 -0.432694       0.498018     
  1804.51        2500.00       0.836295       0.112551E-003  0.689075E-001  0.476354E-001  0.144646E-001 -0.339975E-001 -0.433207       0.499790     
  1802.01        2500.00       0.835323       0.104112E-003  0.684932E-001  0.468223E-001  0.154972E-001 -0.337901E-001 -0.434923       0.502473     
  1799.50        2500.00       0.833493       0.112467E-003  0.683765E-001  0.459218E-001  0.167751E-001 -0.337233E-001 -0.436909       0.505953     
  1796.99        2500.00       0.834263       0.902674E-004  0.683724E-001  0.445975E-001  0.177306E-001 -0.337167E-001 -0.442159       0.510823     
  1794.49        2500.00       0.834187       0.109386E-003  0.675656E-001  0.450816E-001  0.173199E-001 -0.333305E-001 -0.438913       0.507979     
  1791.98        2500.00       0.834073       0.109740E-003  0.675695E-001  0.441407E-001  0.181337E-001 -0.333274E-001 -0.442241       0.511542     
  1789.47        2500.00       0.834101       0.990495E-004  0.673850E-001  0.433394E-001  0.188206E-001 -0.332344E-001 -0.444890       0.514379     
  1786.97        2500.00       0.833204       0.121818E-003  0.672125E-001  0.428199E-001  0.194702E-001 -0.331459E-001 -0.445944       0.516261     
  1784.46        2500.00       0.835623       0.114803E-003  0.675350E-001  0.416380E-001  0.197519E-001 -0.333034E-001 -0.452211       0.520852     
  1781.95        2500.00       0.833392       0.109904E-003  0.668994E-001  0.411507E-001  0.208596E-001 -0.329868E-001 -0.451809       0.522384     
  1779.45        2500.00       0.832403       0.115989E-003  0.660310E-001  0.408148E-001  0.215231E-001 -0.325628E-001 -0.451239       0.522914     
  1776.94        2500.00       0.833140       0.109935E-003  0.662373E-001  0.401043E-001  0.218329E-001 -0.326616E-001 -0.454561       0.525798     
  1774.44        2500.00       0.832897       0.116382E-003  0.659709E-001  0.393431E-001  0.225705E-001 -0.325282E-001 -0.456974       0.528605     
  1771.93        2500.00       0.831671       0.954398E-004  0.658138E-001  0.388523E-001  0.232909E-001 -0.324464E-001 -0.457805       0.530528     
  1769.42        2500.00       0.830064       0.118312E-003  0.653557E-001  0.382858E-001  0.242436E-001 -0.322172E-001 -0.458399       0.532549     
  1766.92        2500.00       0.831438       0.113926E-003  0.653337E-001  0.374938E-001  0.245190E-001 -0.322069E-001 -0.462295       0.535603     
  1764.41        2500.00       0.831815       0.110766E-003  0.653988E-001  0.365751E-001  0.251724E-001 -0.322346E-001 -0.466286       0.539449     
  1761.90        2500.00       0.829566       0.120438E-003  0.648092E-001  0.365184E-001  0.258224E-001 -0.319433E-001 -0.464167       0.539273     
  1759.40        2500.00       0.828405       0.112743E-003  0.646287E-001  0.355865E-001  0.269631E-001 -0.318473E-001 -0.467029       0.543180     
  1756.89        2500.00       0.828990       0.119962E-003  0.644863E-001  0.351642E-001  0.271090E-001 -0.317786E-001 -0.468812       0.544721     
  1754.39        2500.00       0.827039       0.110263E-003  0.637661E-001  0.347230E-001  0.280938E-001 -0.314228E-001 -0.468423       0.546113     
  1751.88        2500.00       0.828076       0.119720E-003  0.639196E-001  0.340427E-001  0.283096E-001 -0.314967E-001 -0.472037       0.549066     
  1749.37        2500.00       0.826865       0.118206E-003  0.634828E-001  0.337171E-001  0.289093E-001 -0.312808E-001 -0.471956       0.550144     
  1746.87        2500.00       0.826041       0.119148E-003  0.630048E-001  0.332542E-001  0.295512E-001 -0.310453E-001 -0.472710       0.551785     
  1744.36        2500.00       0.826513       0.119105E-003  0.632442E-001  0.325919E-001  0.298850E-001 -0.311588E-001 -0.476060       0.554866     
  1741.85        2500.00       0.824622       0.124890E-003  0.627427E-001  0.321069E-001  0.308342E-001 -0.309085E-001 -0.476253       0.556730     
  1739.35        2500.00       0.824183       0.113871E-003  0.625321E-001  0.316466E-001  0.313123E-001 -0.308034E-001 -0.477601       0.558616     
  1736.84        2500.00       0.823551       0.161110E-003  0.621455E-001  0.310028E-001  0.320471E-001 -0.306112E-001 -0.479556       0.561260     
  1734.34        2500.00       0.822759       0.133412E-003  0.621314E-001  0.304676E-001  0.326539E-001 -0.305993E-001 -0.481291       0.563745     
  1731.83        2500.00       0.821276       0.120623E-003  0.615938E-001  0.302705E-001  0.332109E-001 -0.303349E-001 -0.480374       0.564237     
  1729.32        2500.00       0.820703       0.121610E-003  0.616054E-001  0.296735E-001  0.338058E-001 -0.303355E-001 -0.482633       0.567059     
  1726.82        2500.00       0.821387       0.106045E-003  0.612916E-001  0.291043E-001  0.341257E-001 -0.301832E-001 -0.485251       0.569420     
  1724.31        2500.00       0.821512       0.116408E-003  0.611563E-001  0.287497E-001  0.343229E-001 -0.301168E-001 -0.486672       0.570932     
  1721.80        2500.00       0.819406       0.130823E-003  0.608921E-001  0.285702E-001  0.349465E-001 -0.299825E-001 -0.485597       0.571635     
  1719.30        2500.00       0.818446       0.122330E-003  0.604017E-001  0.280635E-001  0.356650E-001 -0.297404E-001 -0.486683       0.573724     
  1716.79        2500.00       0.817499       0.138130E-003  0.599644E-001  0.276770E-001  0.362358E-001 -0.295247E-001 -0.487260       0.575270     
  1714.29        2500.00       0.815887       0.129893E-003  0.599985E-001  0.274108E-001  0.367540E-001 -0.295353E-001 -0.487278       0.576633     
  1711.78        2500.00       0.816593       0.133657E-003  0.597561E-001  0.267743E-001  0.371167E-001 -0.294169E-001 -0.490509       0.579552     
  1709.27        2500.00       0.815661       0.142226E-003  0.595121E-001  0.264231E-001  0.376037E-001 -0.292947E-001 -0.491170       0.581122     
  1706.77        2500.00       0.814467       0.111436E-003  0.593585E-001  0.260023E-001  0.382214E-001 -0.292149E-001 -0.492106       0.583160     
  1704.26        2500.00       0.813586       0.137750E-003  0.591355E-001  0.256120E-001  0.387231E-001 -0.291027E-001 -0.493072       0.584981     
  1701.75        2500.00       0.812598       0.134412E-003  0.587138E-001  0.252806E-001  0.392442E-001 -0.288949E-001 -0.493438       0.586361     
  1699.25        2500.00       0.810381       0.143999E-003  0.582662E-001  0.249564E-001  0.400679E-001 -0.286709E-001 -0.492903       0.587758     
  1696.74        2500.00       0.811524       0.144104E-003  0.582766E-001  0.244648E-001  0.401189E-001 -0.286766E-001 -0.496115       0.590264     
  1694.24        2500.00       0.814715       0.160533E-003  0.582642E-001  0.236807E-001  0.399578E-001 -0.286753E-001 -0.502425       0.594322     
  1691.73        2500.00       0.808686       0.151837E-003  0.575802E-001  0.238924E-001  0.412386E-001 -0.283299E-001 -0.496010       0.592791     
  1689.22        2500.00       0.807479       0.147590E-003  0.575582E-001  0.234476E-001  0.418386E-001 -0.283131E-001 -0.497347       0.595189     
  1686.72        2500.00       0.807618       0.174758E-003  0.574750E-001  0.231152E-001  0.419883E-001 -0.282717E-001 -0.498976       0.596877     
  1684.21        2500.00       0.805520       0.143558E-003  0.567586E-001  0.228842E-001  0.427475E-001 -0.279195E-001 -0.497770       0.597636     
  1681.70        2500.00       0.803675       0.157601E-003  0.563977E-001  0.226603E-001  0.433396E-001 -0.277394E-001 -0.497096       0.598606     
  1679.20        2500.00       0.802817       0.154170E-003  0.562192E-001  0.223409E-001  0.437516E-001 -0.276492E-001 -0.497864       0.600231     
  1676.69        2500.00       0.801573       0.149110E-003  0.559680E-001  0.219660E-001  0.443324E-001 -0.275225E-001 -0.498621       0.602155     
  1674.19        2500.00       0.801778       0.128203E-003  0.559372E-001  0.216369E-001  0.444653E-001 -0.275065E-001 -0.500384       0.603945     
  1671.68        2500.00       0.800125       0.158428E-003  0.553241E-001  0.214847E-001  0.449779E-001 -0.272062E-001 -0.499211       0.604346     
  1669.17        2500.00       0.799471       0.151021E-003  0.552246E-001  0.212353E-001  0.452469E-001 -0.271552E-001 -0.499840       0.605666     
  1666.67        2500.00       0.796551       0.161907E-003  0.544618E-001  0.211380E-001  0.460457E-001 -0.267796E-001 -0.497262       0.605683     
  1664.16        2500.00       0.795761       0.153377E-003  0.545234E-001  0.207064E-001  0.465022E-001 -0.268042E-001 -0.499073       0.608231     
  1661.65        2500.00       0.794715       0.157110E-003  0.542456E-001  0.203902E-001  0.469687E-001 -0.266657E-001 -0.499687       0.609876     
  1659.15        2500.00       0.793593       0.171471E-003  0.541569E-001  0.200441E-001  0.474397E-001 -0.266176E-001 -0.500640       0.611853     
  1656.64        2500.00       0.791614       0.166371E-003  0.535978E-001  0.199697E-001  0.479363E-001 -0.263432E-001 -0.498808       0.611867     
  1654.14        2500.00       0.790402       0.179067E-003  0.531588E-001  0.197230E-001  0.483971E-001 -0.261273E-001 -0.498749       0.613016     
  1651.63        2500.00       0.789485       0.168078E-003  0.530359E-001  0.194333E-001  0.487708E-001 -0.260639E-001 -0.499487       0.614658     
  1649.12        2500.00       0.788001       0.183186E-003  0.529076E-001  0.191818E-001  0.492312E-001 -0.259965E-001 -0.499585       0.616076     
  1646.62        2500.00       0.782475       0.141587E-003  0.514310E-001  0.194120E-001  0.504498E-001 -0.252737E-001 -0.492261       0.613625     
  1644.11        2500.00       0.784817       0.159673E-003  0.519442E-001  0.188749E-001  0.501597E-001 -0.255234E-001 -0.497664       0.617232     
  1641.60        2500.00       0.783498       0.161505E-003  0.516703E-001  0.186382E-001  0.505960E-001 -0.253867E-001 -0.497663       0.618486     
  1639.10        2500.00       0.781639       0.187852E-003  0.513174E-001  0.184586E-001  0.511067E-001 -0.252110E-001 -0.496830       0.619332     
  1636.59        2500.00       0.781495       0.185508E-003  0.512308E-001  0.181733E-001  0.512751E-001 -0.251673E-001 -0.498228       0.621035     
  1634.09        2500.00       0.778958       0.180819E-003  0.507731E-001  0.180393E-001  0.519263E-001 -0.249397E-001 -0.496478       0.621540     
  1631.58        2500.00       0.779626       0.162859E-003  0.509385E-001  0.176099E-001  0.520088E-001 -0.250181E-001 -0.499719       0.624391     
  1629.07        2500.00       0.775318       0.182757E-003  0.501875E-001  0.176459E-001  0.529438E-001 -0.246461E-001 -0.495226       0.623594     
  1626.57        2500.00       0.774514       0.200837E-003  0.500322E-001  0.174017E-001  0.532281E-001 -0.245678E-001 -0.495841       0.625032     
  1624.06        2500.00       0.772289       0.193809E-003  0.494982E-001  0.173170E-001  0.537606E-001 -0.243052E-001 -0.493928       0.625175     
  1621.55        2500.00       0.771772       0.187988E-003  0.493898E-001  0.170476E-001  0.540006E-001 -0.242500E-001 -0.494985       0.626838     
  1619.05        2500.00       0.768830       0.186682E-003  0.488152E-001  0.170253E-001  0.546351E-001 -0.239665E-001 -0.492061       0.626536     
  1616.54        2500.00                 NaN            NaN            NaN            NaN            NaN            NaN            NaN            NaN
  1614.04        2500.00                 NaN            NaN            NaN            NaN            NaN            NaN            NaN            NaN
  1611.53        2500.00                 NaN            NaN            NaN            NaN            NaN            NaN            NaN            NaN
  1609.02        2500.00                 NaN            NaN            NaN            NaN            NaN            NaN            NaN            NaN
  1606.52        2500.00                 NaN            NaN            NaN            NaN            NaN            NaN            NaN            NaN
  1604.01        2500.00                 NaN            NaN            NaN            NaN            NaN            NaN            NaN            NaN
  1601.50        2500.00                 NaN            NaN            NaN            NaN            NaN            NaN            NaN            NaN
  1599.00        2500.00                 NaN            NaN            NaN            NaN            NaN            NaN            NaN            NaN
  1596.49        2500.00                 NaN            NaN            NaN            NaN            NaN            NaN            NaN            NaN
  1593.98        2500.00                 NaN            NaN            NaN            NaN            NaN            NaN            NaN            NaN
  1591.48        2500.00                 NaN            NaN            NaN            NaN            NaN            NaN            NaN            NaN
  1588.97        2500.00                 NaN            NaN            NaN            NaN            NaN            NaN            NaN            NaN
  1586.47        2500.00                 NaN            NaN            NaN            NaN            NaN            NaN            NaN            NaN
  1583.96        2500.00                 NaN            NaN            NaN            NaN            NaN            NaN            NaN            NaN
  1581.45        2500.00                 NaN            NaN            NaN            NaN            NaN            NaN            NaN            NaN
  1578.95        2500.00                 NaN            NaN            NaN            NaN            NaN            NaN            NaN            NaN
  1576.44        2500.00                 NaN            NaN            NaN            NaN            NaN            NaN            NaN            NaN
  1573.93        2500.00                 NaN            NaN            NaN            NaN            NaN            NaN            NaN            NaN
  1571.43        2500.00                 NaN            NaN            NaN            NaN            NaN            NaN            NaN            NaN
  1568.92        2500.00                 NaN            NaN            NaN            NaN            NaN            NaN            NaN            NaN
  1566.42        2500.00                 NaN            NaN            NaN            NaN            NaN            NaN            NaN            NaN
  1563.91        2500.00                 NaN            NaN            NaN            NaN            NaN            NaN            NaN            NaN
  1561.40        2500.00                 NaN            NaN            NaN            NaN            NaN            NaN            NaN            NaN
  1558.90        2500.00                 NaN            NaN            NaN            NaN            NaN            NaN            NaN            NaN
  1556.39        2500.00                 NaN            NaN            NaN            NaN            NaN            NaN            NaN            NaN
  1553.88        2500.00                 NaN            NaN            NaN            NaN            NaN            NaN            NaN            NaN
  1551.38        2500.00                 NaN            NaN            NaN            NaN            NaN            NaN            NaN            NaN
  1548.87        2500.00                 NaN            NaN            NaN            NaN            NaN            NaN            NaN            NaN
  1546.37        2500.00                 NaN            NaN            NaN            NaN            NaN            NaN            NaN            NaN
  1543.86        2500.00                 NaN            NaN            NaN            NaN            NaN            NaN            NaN            NaN
  1541.35        2500.00                 NaN            NaN            NaN            NaN            NaN            NaN            NaN            NaN
  1538.85        2500.00                 NaN            NaN            NaN            NaN            NaN            NaN            NaN            NaN
  1536.34        2500.00                 NaN            NaN            NaN            NaN            NaN            NaN            NaN            NaN
  1533.83        2500.00                 NaN            NaN            NaN            NaN            NaN            NaN            NaN            NaN
  1531.33        2500.00                 NaN            NaN            NaN            NaN            NaN            NaN            NaN            NaN
  1528.82        2500.00                 NaN            NaN            NaN            NaN            NaN            NaN            NaN            NaN
  1526.32        2500.00                 NaN            NaN            NaN            NaN            NaN            NaN            NaN            NaN
  1523.81        2500.00                 NaN            NaN            NaN            NaN            NaN            NaN            NaN            NaN
  1521.30        2500.00                 NaN            NaN            NaN            NaN            NaN            NaN            NaN            NaN
  1518.80        2500.00                 NaN            NaN            NaN            NaN            NaN            NaN            NaN            NaN
  1516.29        2500.00                 NaN            NaN            NaN            NaN            NaN            NaN            NaN            NaN
  1513.78        2500.00                 NaN            NaN            NaN            NaN            NaN            NaN            NaN            NaN
  1511.28        2500.00                 NaN            NaN            NaN            NaN            NaN            NaN            NaN            NaN
  1508.77        2500.00                 NaN            NaN            NaN            NaN            NaN            NaN            NaN            NaN
  1506.27        2500.00                 NaN            NaN            NaN            NaN            NaN            NaN            NaN            NaN
  1503.76        2500.00                 NaN            NaN            NaN            NaN            NaN            NaN            NaN            NaN
  1501.25        2500.00                 NaN            NaN            NaN            NaN            NaN            NaN            NaN            NaN
  1498.75        2500.00                 NaN            NaN            NaN            NaN            NaN            NaN            NaN            NaN
  1496.24        2500.00                 NaN            NaN            NaN            NaN            NaN            NaN            NaN            NaN
  1493.73        2500.00                 NaN            NaN            NaN            NaN            NaN            NaN            NaN            NaN
  1491.23        2500.00                 NaN            NaN            NaN            NaN            NaN            NaN            NaN            NaN
  1488.72        2500.00                 NaN            NaN            NaN            NaN            NaN            NaN            NaN            NaN
  1486.22        2500.00                 NaN            NaN            NaN            NaN            NaN            NaN            NaN            NaN
  1483.71        2500.00                 NaN            NaN            NaN            NaN            NaN            NaN            NaN            NaN
  1481.20        2500.00                 NaN            NaN            NaN            NaN            NaN            NaN            NaN            NaN
  1478.70        2500.00                 NaN            NaN            NaN            NaN            NaN            NaN            NaN            NaN
  1476.19        2500.00                 NaN            NaN            NaN            NaN            NaN            NaN            NaN            NaN
  1473.68        2500.00                 NaN            NaN            NaN            NaN            NaN            NaN            NaN            NaN
  1471.18        2500.00                 NaN            NaN            NaN            NaN            NaN            NaN            NaN            NaN
  1468.67        2500.00                 NaN            NaN            NaN            NaN            NaN            NaN            NaN            NaN
  1466.17        2500.00                 NaN            NaN            NaN            NaN            NaN            NaN            NaN            NaN
  1463.66        2500.00                 NaN            NaN            NaN            NaN            NaN            NaN            NaN            NaN
  1461.15        2500.00                 NaN            NaN            NaN            NaN            NaN            NaN            NaN            NaN
  1458.65        2500.00                 NaN            NaN            NaN            NaN            NaN            NaN            NaN            NaN
  1456.14        2500.00                 NaN            NaN            NaN            NaN            NaN            NaN            NaN            NaN
  1453.63        2500.00                 NaN            NaN            NaN            NaN            NaN            NaN            NaN            NaN
  1451.13        2500.00                 NaN            NaN            NaN            NaN            NaN            NaN            NaN            NaN
  1448.62        2500.00                 NaN            NaN            NaN            NaN            NaN            NaN            NaN            NaN
  1446.12        2500.00                 NaN            NaN            NaN            NaN            NaN            NaN            NaN            NaN
  1443.61        2500.00                 NaN            NaN            NaN            NaN            NaN            NaN            NaN            NaN
  1441.10        2500.00                 NaN            NaN            NaN            NaN            NaN            NaN            NaN            NaN
  1438.60        2500.00                 NaN            NaN            NaN            NaN            NaN            NaN            NaN            NaN
  1436.09        2500.00                 NaN            NaN            NaN            NaN            NaN            NaN            NaN            NaN
  1433.58        2500.00                 NaN            NaN            NaN            NaN            NaN            NaN            NaN            NaN
  1431.08        2500.00                 NaN            NaN            NaN            NaN            NaN            NaN            NaN            NaN
  1428.57        2500.00                 NaN            NaN            NaN            NaN            NaN            NaN            NaN            NaN
  1426.07        2500.00                 NaN            NaN            NaN            NaN            NaN            NaN            NaN            NaN
  1423.56        2500.00                 NaN            NaN            NaN            NaN            NaN            NaN            NaN            NaN
  1421.05        2500.00                 NaN            NaN            NaN            NaN            NaN            NaN            NaN            NaN
  1418.55        2500.00                 NaN            NaN            NaN            NaN            NaN            NaN            NaN            NaN
  1416.04        2500.00                 NaN            NaN            NaN            NaN            NaN            NaN            NaN            NaN
  1413.53        2500.00                 NaN            NaN            NaN            NaN            NaN            NaN            NaN            NaN
  1411.03        2500.00                 NaN            NaN            NaN            NaN            NaN            NaN            NaN            NaN
  1408.52        2500.00                 NaN            NaN            NaN            NaN            NaN            NaN            NaN            NaN
  1406.02        2500.00                 NaN            NaN            NaN            NaN            NaN            NaN            NaN            NaN
  1403.51        2500.00                 NaN            NaN            NaN            NaN            NaN            NaN            NaN            NaN
  1401.00        2500.00                 NaN            NaN            NaN            NaN            NaN            NaN            NaN            NaN
  1398.50        2500.00                 NaN            NaN            NaN            NaN            NaN            NaN            NaN            NaN
  1395.99        2500.00                 NaN            NaN            NaN            NaN            NaN            NaN            NaN            NaN
  1393.48        2500.00                 NaN            NaN            NaN            NaN            NaN            NaN            NaN            NaN
  1390.98        2500.00                 NaN            NaN            NaN            NaN            NaN            NaN            NaN            NaN
  1388.47        2500.00                 NaN            NaN            NaN            NaN            NaN            NaN            NaN            NaN
  1385.96        2500.00                 NaN            NaN            NaN            NaN            NaN            NaN            NaN            NaN
  1383.46        2500.00                 NaN            NaN            NaN            NaN            NaN            NaN            NaN            NaN
  1380.95        2500.00                 NaN            NaN            NaN            NaN            NaN            NaN            NaN            NaN
  1378.45        2500.00                 NaN            NaN            NaN            NaN            NaN            NaN            NaN            NaN
  1375.94        2500.00                 NaN            NaN            NaN            NaN            NaN            NaN            NaN            NaN
  1373.43        2500.00                 NaN            NaN            NaN            NaN            NaN            NaN            NaN            NaN
  1370.93        2500.00                 NaN            NaN            NaN            NaN            NaN            NaN            NaN            NaN
  1368.42        2500.00                 NaN            NaN            NaN            NaN            NaN            NaN            NaN            NaN
  1365.91        2500.00                 NaN            NaN            NaN            NaN            NaN            NaN            NaN            NaN
  1363.41        2500.00                 NaN            NaN            NaN            NaN            NaN            NaN            NaN            NaN
  1360.90        2500.00                 NaN            NaN            NaN            NaN            NaN            NaN            NaN            NaN
  1358.40        2500.00                 NaN            NaN            NaN            NaN            NaN            NaN            NaN            NaN
  1355.89        2500.00                 NaN            NaN            NaN            NaN            NaN            NaN            NaN            NaN
  1353.38        2500.00                 NaN            NaN            NaN            NaN            NaN            NaN            NaN            NaN
  1350.88        2500.00                 NaN            NaN            NaN            NaN            NaN            NaN            NaN            NaN
  1348.37        2500.00                 NaN            NaN            NaN            NaN            NaN            NaN            NaN            NaN
  1345.86        2500.00                 NaN            NaN            NaN            NaN            NaN            NaN            NaN            NaN
  1343.36        2500.00                 NaN            NaN            NaN            NaN            NaN            NaN            NaN            NaN
  1340.85        2500.00                 NaN            NaN            NaN            NaN            NaN            NaN            NaN            NaN
  1338.35        2500.00                 NaN            NaN            NaN            NaN            NaN            NaN            NaN            NaN
  1335.84        2500.00                 NaN            NaN            NaN            NaN            NaN            NaN            NaN            NaN
  1333.33        2500.00                 NaN            NaN            NaN            NaN            NaN            NaN            NaN            NaN
  1330.83        2500.00                 NaN            NaN            NaN            NaN            NaN            NaN            NaN            NaN
  1328.32        2500.00                 NaN            NaN            NaN            NaN            NaN            NaN            NaN            NaN
  1325.81        2500.00                 NaN            NaN            NaN            NaN            NaN            NaN            NaN            NaN
  1323.31        2500.00                 NaN            NaN            NaN            NaN            NaN            NaN            NaN            NaN
  1320.80        2500.00                 NaN            NaN            NaN            NaN            NaN            NaN            NaN            NaN
  1318.30        2500.00                 NaN            NaN            NaN            NaN            NaN            NaN            NaN            NaN
  1315.79        2500.00                 NaN            NaN            NaN            NaN            NaN            NaN            NaN            NaN
  1313.28        2500.00                 NaN            NaN            NaN            NaN            NaN            NaN            NaN            NaN
  1310.78        2500.00                 NaN            NaN            NaN            NaN            NaN            NaN            NaN            NaN
  1308.27        2500.00                 NaN            NaN            NaN            NaN            NaN            NaN            NaN            NaN
  1305.76        2500.00                 NaN            NaN            NaN            NaN            NaN            NaN            NaN            NaN
  1303.26        2500.00                 NaN            NaN            NaN            NaN            NaN            NaN            NaN            NaN
  1300.75        2500.00                 NaN            NaN            NaN            NaN            NaN            NaN            NaN            NaN
  1298.25        2500.00                 NaN            NaN            NaN            NaN            NaN            NaN            NaN            NaN
  1295.74        2500.00                 NaN            NaN            NaN            NaN            NaN            NaN            NaN            NaN
  1293.23        2500.00                 NaN            NaN            NaN            NaN            NaN            NaN            NaN            NaN
  1290.73        2500.00                 NaN            NaN            NaN            NaN            NaN            NaN            NaN            NaN
  1288.22        2500.00                 NaN            NaN            NaN            NaN            NaN            NaN            NaN            NaN
  1285.71        2500.00                 NaN            NaN            NaN            NaN            NaN            NaN            NaN            NaN
  1283.21        2500.00                 NaN            NaN            NaN            NaN            NaN            NaN            NaN            NaN
  1280.70        2500.00                 NaN            NaN            NaN            NaN            NaN            NaN            NaN            NaN
  1278.20        2500.00                 NaN            NaN            NaN            NaN            NaN            NaN            NaN            NaN
  1275.69        2500.00                 NaN            NaN            NaN            NaN            NaN            NaN            NaN            NaN
  1273.18        2500.00                 NaN            NaN            NaN            NaN            NaN            NaN            NaN            NaN
  1270.68        2500.00                 NaN            NaN            NaN            NaN            NaN            NaN            NaN            NaN
  1268.17        2500.00                 NaN            NaN            NaN            NaN            NaN            NaN            NaN            NaN
  1265.66        2500.00                 NaN            NaN            NaN            NaN            NaN            NaN            NaN            NaN
  1263.16        2500.00                 NaN            NaN            NaN            NaN            NaN            NaN            NaN            NaN
  1260.65        2500.00                 NaN            NaN            NaN            NaN            NaN            NaN            NaN            NaN
  1258.15        2500.00                 NaN            NaN            NaN            NaN            NaN            NaN            NaN            NaN
  1255.64        2500.00                 NaN            NaN            NaN            NaN            NaN            NaN            NaN            NaN
  1253.13        2500.00                 NaN            NaN            NaN            NaN            NaN            NaN            NaN            NaN
  1250.63        2500.00                 NaN            NaN            NaN            NaN            NaN            NaN            NaN            NaN
  1248.12        2500.00                 NaN            NaN            NaN            NaN            NaN            NaN            NaN            NaN
  1245.61        2500.00                 NaN            NaN            NaN            NaN            NaN            NaN            NaN            NaN
  1243.11        2500.00                 NaN            NaN            NaN            NaN            NaN            NaN            NaN            NaN
  1240.60        2500.00                 NaN            NaN            NaN            NaN            NaN            NaN            NaN            NaN
  1238.10        2500.00                 NaN            NaN            NaN            NaN            NaN            NaN            NaN            NaN
  1235.59        2500.00                 NaN            NaN            NaN            NaN            NaN            NaN            NaN            NaN
  1233.08        2500.00                 NaN            NaN            NaN            NaN            NaN            NaN            NaN            NaN
  1230.58        2500.00                 NaN            NaN            NaN            NaN            NaN            NaN            NaN            NaN
  1228.07        2500.00                 NaN            NaN            NaN            NaN            NaN            NaN            NaN            NaN
  1225.56        2500.00                 NaN            NaN            NaN            NaN            NaN            NaN            NaN            NaN
  1223.06        2500.00                 NaN            NaN            NaN            NaN            NaN            NaN            NaN            NaN
  1220.55        2500.00                 NaN            NaN            NaN            NaN            NaN            NaN            NaN            NaN
  1218.05        2500.00                 NaN            NaN            NaN            NaN            NaN            NaN            NaN            NaN
  1215.54        2500.00                 NaN            NaN            NaN            NaN            NaN            NaN            NaN            NaN
  1213.03        2500.00                 NaN            NaN            NaN            NaN            NaN            NaN            NaN            NaN
  1210.53        2500.00                 NaN            NaN            NaN            NaN            NaN            NaN            NaN            NaN
  1208.02        2500.00                 NaN            NaN            NaN            NaN            NaN            NaN            NaN            NaN
  1205.51        2500.00                 NaN            NaN            NaN            NaN            NaN            NaN            NaN            NaN
  1203.01        2500.00                 NaN            NaN            NaN            NaN            NaN            NaN            NaN            NaN
  1200.50        2500.00                 NaN            NaN            NaN            NaN            NaN            NaN            NaN            NaN
  1197.99        2500.00                 NaN            NaN            NaN            NaN            NaN            NaN            NaN            NaN
  1195.49        2500.00                 NaN            NaN            NaN            NaN            NaN            NaN            NaN            NaN
  1192.98        2500.00                 NaN            NaN            NaN            NaN            NaN            NaN            NaN            NaN
  1190.48        2500.00                 NaN            NaN            NaN            NaN            NaN            NaN            NaN            NaN
  1187.97        2500.00                 NaN            NaN            NaN            NaN            NaN            NaN            NaN            NaN
  1185.46        2500.00                 NaN            NaN            NaN            NaN            NaN            NaN            NaN            NaN
  1182.96        2500.00                 NaN            NaN            NaN            NaN            NaN            NaN            NaN            NaN
  1180.45        2500.00                 NaN            NaN            NaN            NaN            NaN            NaN            NaN            NaN
  1177.94        2500.00                 NaN            NaN            NaN            NaN            NaN            NaN            NaN            NaN
  1175.44        2500.00                 NaN            NaN            NaN            NaN            NaN            NaN            NaN            NaN
  1172.93        2500.00                 NaN            NaN            NaN            NaN            NaN            NaN            NaN            NaN
  1170.43        2500.00                 NaN            NaN            NaN            NaN            NaN            NaN            NaN            NaN
  1167.92        2500.00                 NaN            NaN            NaN            NaN            NaN            NaN            NaN            NaN
  1165.41        2500.00                 NaN            NaN            NaN            NaN            NaN            NaN            NaN            NaN
  1162.91        2500.00                 NaN            NaN            NaN            NaN            NaN            NaN            NaN            NaN
  1160.40        2500.00                 NaN            NaN            NaN            NaN            NaN            NaN            NaN            NaN
  1157.89        2500.00                 NaN            NaN            NaN            NaN            NaN            NaN            NaN            NaN
  1155.39        2500.00                 NaN            NaN            NaN            NaN            NaN            NaN            NaN            NaN
  1152.88        2500.00                 NaN            NaN            NaN            NaN            NaN            NaN            NaN            NaN
  1150.38        2500.00                 NaN            NaN            NaN            NaN            NaN            NaN            NaN            NaN
  1147.87        2500.00                 NaN            NaN            NaN            NaN            NaN            NaN            NaN            NaN
  1145.36        2500.00                 NaN            NaN            NaN            NaN            NaN            NaN            NaN            NaN
  1142.86        2500.00                 NaN            NaN            NaN            NaN            NaN            NaN            NaN            NaN
  1140.35        2500.00                 NaN            NaN            NaN            NaN            NaN            NaN            NaN            NaN
  1137.84        2500.00                 NaN            NaN            NaN            NaN            NaN            NaN            NaN            NaN
  1135.34        2500.00                 NaN            NaN            NaN            NaN            NaN            NaN            NaN            NaN
  1132.83        2500.00                 NaN            NaN            NaN            NaN            NaN            NaN            NaN            NaN
  1130.33        2500.00                 NaN            NaN            NaN            NaN            NaN            NaN            NaN            NaN
  1127.82        2500.00                 NaN            NaN            NaN            NaN            NaN            NaN            NaN            NaN
  1125.31        2500.00                 NaN            NaN            NaN            NaN            NaN            NaN            NaN            NaN
  1122.81        2500.00                 NaN            NaN            NaN            NaN            NaN            NaN            NaN            NaN
  1120.30        2500.00                 NaN            NaN            NaN            NaN            NaN            NaN            NaN            NaN
  1117.79        2500.00                 NaN            NaN            NaN            NaN            NaN            NaN            NaN            NaN
  1115.29        2500.00                 NaN            NaN            NaN            NaN            NaN            NaN            NaN            NaN
  1112.78        2500.00                 NaN            NaN            NaN            NaN            NaN            NaN            NaN            NaN
  1110.28        2500.00                 NaN            NaN            NaN            NaN            NaN            NaN            NaN            NaN
  1107.77        2500.00                 NaN            NaN            NaN            NaN            NaN            NaN            NaN            NaN
  1105.26        2500.00                 NaN            NaN            NaN            NaN            NaN            NaN            NaN            NaN
  1102.76        2500.00                 NaN            NaN            NaN            NaN            NaN            NaN            NaN            NaN
  1100.25        2500.00                 NaN            NaN            NaN            NaN            NaN            NaN            NaN            NaN
  1097.74        2500.00                 NaN            NaN            NaN            NaN            NaN            NaN            NaN            NaN
  1095.24        2500.00                 NaN            NaN            NaN            NaN            NaN            NaN            NaN            NaN
  1092.73        2500.00                 NaN            NaN            NaN            NaN            NaN            NaN            NaN            NaN
  1090.23        2500.00                 NaN            NaN            NaN            NaN            NaN            NaN            NaN            NaN
  1087.72        2500.00                 NaN            NaN            NaN            NaN            NaN            NaN            NaN            NaN
  1085.21        2500.00                 NaN            NaN            NaN            NaN            NaN            NaN            NaN            NaN
  1082.71        2500.00                 NaN            NaN            NaN            NaN            NaN            NaN            NaN            NaN
  1080.20        2500.00                 NaN            NaN            NaN            NaN            NaN            NaN            NaN            NaN
  1077.69        2500.00                 NaN            NaN            NaN            NaN            NaN            NaN            NaN            NaN
  1075.19        2500.00                 NaN            NaN            NaN            NaN            NaN            NaN            NaN            NaN
  1072.68        2500.00                 NaN            NaN            NaN            NaN            NaN            NaN            NaN            NaN
  1070.18        2500.00                 NaN            NaN            NaN            NaN            NaN            NaN            NaN            NaN
  1067.67        2500.00                 NaN            NaN            NaN            NaN            NaN            NaN            NaN            NaN
  1065.16        2500.00                 NaN            NaN            NaN            NaN            NaN            NaN            NaN            NaN
  1062.66        2500.00                 NaN            NaN            NaN            NaN            NaN            NaN            NaN            NaN
  1060.15        2500.00                 NaN            NaN            NaN            NaN            NaN            NaN            NaN            NaN
  1057.64        2500.00                 NaN            NaN            NaN            NaN            NaN            NaN            NaN            NaN
  1055.14        2500.00                 NaN            NaN            NaN            NaN            NaN            NaN            NaN            NaN
  1052.63        2500.00                 NaN            NaN            NaN            NaN            NaN            NaN            NaN            NaN
  1050.13        2500.00                 NaN            NaN            NaN            NaN            NaN            NaN            NaN            NaN
  1047.62        2500.00                 NaN            NaN            NaN            NaN            NaN            NaN            NaN            NaN
  1045.11        2500.00                 NaN            NaN            NaN            NaN            NaN            NaN            NaN            NaN
  1042.61        2500.00                 NaN            NaN            NaN            NaN            NaN            NaN            NaN            NaN
  1040.10        2500.00                 NaN            NaN            NaN            NaN            NaN            NaN            NaN            NaN
  1037.59        2500.00                 NaN            NaN            NaN            NaN            NaN            NaN            NaN            NaN
  1035.09        2500.00                 NaN            NaN            NaN            NaN            NaN            NaN            NaN            NaN
  1032.58        2500.00                 NaN            NaN            NaN            NaN            NaN            NaN            NaN            NaN
  1030.08        2500.00                 NaN            NaN            NaN            NaN            NaN            NaN            NaN            NaN
  1027.57        2500.00                 NaN            NaN            NaN            NaN            NaN            NaN            NaN            NaN
  1025.06        2500.00                 NaN            NaN            NaN            NaN            NaN            NaN            NaN            NaN
  1022.56        2500.00                 NaN            NaN            NaN            NaN            NaN            NaN            NaN            NaN
  1020.05        2500.00                 NaN            NaN            NaN            NaN            NaN            NaN            NaN            NaN
  1017.54        2500.00                 NaN            NaN            NaN            NaN            NaN            NaN            NaN            NaN
  1015.04        2500.00                 NaN            NaN            NaN            NaN            NaN            NaN            NaN            NaN
  1012.53        2500.00                 NaN            NaN            NaN            NaN            NaN            NaN            NaN            NaN
  1010.03        2500.00                 NaN            NaN            NaN            NaN            NaN            NaN            NaN            NaN
  1007.52        2500.00                 NaN            NaN            NaN            NaN            NaN            NaN            NaN            NaN
  1005.01        2500.00                 NaN            NaN            NaN            NaN            NaN            NaN            NaN            NaN
  1002.51        2500.00                 NaN            NaN            NaN            NaN            NaN            NaN            NaN            NaN
  1000.00        2500.00                 NaN            NaN            NaN            NaN            NaN            NaN            NaN            NaN
