|6.6.6
Archiving\03_Data\eq/QFM_m0.75/EETA/EETA_3.tab                            
           1
T(K)    
  0.000000000000000E+000
  0.000000000000000E+000
           0
          12
T(K)           P(bar)         melt(TH)       pxmn           Ni             O(HP)          Sp(TH)         Opx(TH)        Cpx(TH)        Cpx(TH)        an             San(TH)       
  2000.00        2500.00        99.2128       0.776066       0.111547E-001            NaN            NaN            NaN            NaN            NaN            NaN            NaN
  1996.79        2500.00        99.2127       0.776133       0.111546E-001            NaN            NaN            NaN            NaN            NaN            NaN            NaN
  1993.59        2500.00        99.2126       0.776201       0.111545E-001            NaN            NaN            NaN            NaN            NaN            NaN            NaN
  1990.38        2500.00        99.2126       0.776268       0.111545E-001            NaN            NaN            NaN            NaN            NaN            NaN            NaN
  1987.18        2500.00        99.2125       0.776336       0.111544E-001            NaN            NaN            NaN            NaN            NaN            NaN            NaN
  1983.97        2500.00        99.2124       0.776404       0.111544E-001            NaN            NaN            NaN            NaN            NaN            NaN            NaN
  1980.77        2500.00        99.2124       0.776471       0.111543E-001            NaN            NaN            NaN            NaN            NaN            NaN            NaN
  1977.56        2500.00        99.2123       0.776539       0.111542E-001            NaN            NaN            NaN            NaN            NaN            NaN            NaN
  1974.36        2500.00        99.2122       0.776607       0.111542E-001            NaN            NaN            NaN            NaN            NaN            NaN            NaN
  1971.15        2500.00        99.2122       0.776675       0.111542E-001            NaN            NaN            NaN            NaN            NaN            NaN            NaN
  1967.95        2500.00        99.2121       0.776743       0.111541E-001            NaN            NaN            NaN            NaN            NaN            NaN            NaN
  1964.74        2500.00        99.2120       0.776810       0.111541E-001            NaN            NaN            NaN            NaN            NaN            NaN            NaN
  1961.54        2500.00        99.2120       0.776878       0.111540E-001            NaN            NaN            NaN            NaN            NaN            NaN            NaN
  1958.33        2500.00        99.2119       0.776946       0.111540E-001            NaN            NaN            NaN            NaN            NaN            NaN            NaN
  1955.13        2500.00        99.2118       0.777014       0.111539E-001            NaN            NaN            NaN            NaN            NaN            NaN            NaN
  1951.92        2500.00        99.2118       0.777082       0.111539E-001            NaN            NaN            NaN            NaN            NaN            NaN            NaN
  1948.72        2500.00        99.2117       0.777150       0.111539E-001            NaN            NaN            NaN            NaN            NaN            NaN            NaN
  1945.51        2500.00        99.2116       0.777218       0.111538E-001            NaN            NaN            NaN            NaN            NaN            NaN            NaN
  1942.31        2500.00        99.2116       0.777286       0.111538E-001            NaN            NaN            NaN            NaN            NaN            NaN            NaN
  1939.10        2500.00        99.2115       0.777354       0.111538E-001            NaN            NaN            NaN            NaN            NaN            NaN            NaN
  1935.90        2500.00        99.2114       0.777422       0.111538E-001            NaN            NaN            NaN            NaN            NaN            NaN            NaN
  1932.69        2500.00        99.2114       0.777490       0.111537E-001            NaN            NaN            NaN            NaN            NaN            NaN            NaN
  1929.49        2500.00        99.2113       0.777559       0.111537E-001            NaN            NaN            NaN            NaN            NaN            NaN            NaN
  1926.28        2500.00        99.2112       0.777627       0.111537E-001            NaN            NaN            NaN            NaN            NaN            NaN            NaN
  1923.08        2500.00        99.2112       0.777695       0.111537E-001            NaN            NaN            NaN            NaN            NaN            NaN            NaN
  1919.87        2500.00        99.2111       0.777763       0.111537E-001            NaN            NaN            NaN            NaN            NaN            NaN            NaN
  1916.67        2500.00        99.2110       0.777831       0.111536E-001            NaN            NaN            NaN            NaN            NaN            NaN            NaN
  1913.46        2500.00        99.2109       0.777899       0.111536E-001            NaN            NaN            NaN            NaN            NaN            NaN            NaN
  1910.26        2500.00        99.2109       0.777968       0.111536E-001            NaN            NaN            NaN            NaN            NaN            NaN            NaN
  1907.05        2500.00        99.2108       0.778036       0.111536E-001            NaN            NaN            NaN            NaN            NaN            NaN            NaN
  1903.85        2500.00        99.2107       0.778104       0.111536E-001            NaN            NaN            NaN            NaN            NaN            NaN            NaN
  1900.64        2500.00        99.2107       0.778173       0.111536E-001            NaN            NaN            NaN            NaN            NaN            NaN            NaN
  1897.44        2500.00        99.2106       0.778241       0.111536E-001            NaN            NaN            NaN            NaN            NaN            NaN            NaN
  1894.23        2500.00        99.2105       0.778309       0.111536E-001            NaN            NaN            NaN            NaN            NaN            NaN            NaN
  1891.03        2500.00        99.2105       0.778378       0.111536E-001            NaN            NaN            NaN            NaN            NaN            NaN            NaN
  1887.82        2500.00        99.2104       0.778446       0.111536E-001            NaN            NaN            NaN            NaN            NaN            NaN            NaN
  1884.62        2500.00        99.2103       0.778514       0.111536E-001            NaN            NaN            NaN            NaN            NaN            NaN            NaN
  1881.41        2500.00        99.2103       0.778583       0.111536E-001            NaN            NaN            NaN            NaN            NaN            NaN            NaN
  1878.21        2500.00        99.2102       0.778651       0.111536E-001            NaN            NaN            NaN            NaN            NaN            NaN            NaN
  1875.00        2500.00        99.2101       0.778720       0.111536E-001            NaN            NaN            NaN            NaN            NaN            NaN            NaN
  1871.79        2500.00        99.2101       0.778789       0.111537E-001            NaN            NaN            NaN            NaN            NaN            NaN            NaN
  1868.59        2500.00        99.2100       0.778857       0.111537E-001            NaN            NaN            NaN            NaN            NaN            NaN            NaN
  1865.38        2500.00        99.2099       0.778925       0.111537E-001            NaN            NaN            NaN            NaN            NaN            NaN            NaN
  1862.18        2500.00        99.2099       0.778994       0.111537E-001            NaN            NaN            NaN            NaN            NaN            NaN            NaN
  1858.97        2500.00        99.2098       0.779062       0.111537E-001            NaN            NaN            NaN            NaN            NaN            NaN            NaN
  1855.77        2500.00        99.2097       0.779131       0.111537E-001            NaN            NaN            NaN            NaN            NaN            NaN            NaN
  1852.56        2500.00        99.2096       0.779199       0.111538E-001            NaN            NaN            NaN            NaN            NaN            NaN            NaN
  1849.36        2500.00        99.2096       0.779268       0.111538E-001            NaN            NaN            NaN            NaN            NaN            NaN            NaN
  1846.15        2500.00        99.2095       0.779337       0.111538E-001            NaN            NaN            NaN            NaN            NaN            NaN            NaN
  1842.95        2500.00        99.2094       0.779405       0.111538E-001            NaN            NaN            NaN            NaN            NaN            NaN            NaN
  1839.74        2500.00        99.2094       0.779474       0.111539E-001            NaN            NaN            NaN            NaN            NaN            NaN            NaN
  1836.54        2500.00        99.2093       0.779542       0.111539E-001            NaN            NaN            NaN            NaN            NaN            NaN            NaN
  1833.33        2500.00        99.2092       0.779611       0.111539E-001            NaN            NaN            NaN            NaN            NaN            NaN            NaN
  1830.13        2500.00        99.2092       0.779680       0.111540E-001            NaN            NaN            NaN            NaN            NaN            NaN            NaN
  1826.92        2500.00        99.2091       0.779748       0.111540E-001            NaN            NaN            NaN            NaN            NaN            NaN            NaN
  1823.72        2500.00        99.2090       0.779817       0.111540E-001            NaN            NaN            NaN            NaN            NaN            NaN            NaN
  1820.51        2500.00        99.2090       0.779886       0.111541E-001            NaN            NaN            NaN            NaN            NaN            NaN            NaN
  1817.31        2500.00        99.2089       0.779954       0.111541E-001            NaN            NaN            NaN            NaN            NaN            NaN            NaN
  1814.10        2500.00        99.2088       0.780023       0.111541E-001            NaN            NaN            NaN            NaN            NaN            NaN            NaN
  1810.90        2500.00        99.2088       0.780092       0.111542E-001            NaN            NaN            NaN            NaN            NaN            NaN            NaN
  1807.69        2500.00        99.2087       0.780160       0.111542E-001            NaN            NaN            NaN            NaN            NaN            NaN            NaN
  1804.49        2500.00        99.2086       0.780229       0.111543E-001            NaN            NaN            NaN            NaN            NaN            NaN            NaN
  1801.28        2500.00        99.2085       0.780298       0.111543E-001            NaN            NaN            NaN            NaN            NaN            NaN            NaN
  1798.08        2500.00        99.2085       0.780367       0.111544E-001            NaN            NaN            NaN            NaN            NaN            NaN            NaN
  1794.87        2500.00        99.2084       0.780436       0.111544E-001            NaN            NaN            NaN            NaN            NaN            NaN            NaN
  1791.67        2500.00        99.2083       0.780504       0.111545E-001            NaN            NaN            NaN            NaN            NaN            NaN            NaN
  1788.46        2500.00        99.2083       0.780573       0.111545E-001            NaN            NaN            NaN            NaN            NaN            NaN            NaN
  1785.26        2500.00        99.2082       0.780641       0.111546E-001            NaN            NaN            NaN            NaN            NaN            NaN            NaN
  1782.05        2500.00        99.2081       0.780710       0.111546E-001            NaN            NaN            NaN            NaN            NaN            NaN            NaN
  1778.85        2500.00        99.2081       0.780779       0.111547E-001            NaN            NaN            NaN            NaN            NaN            NaN            NaN
  1775.64        2500.00        99.2080       0.780847       0.111548E-001            NaN            NaN            NaN            NaN            NaN            NaN            NaN
  1772.44        2500.00        99.2079       0.780916       0.111548E-001            NaN            NaN            NaN            NaN            NaN            NaN            NaN
  1769.23        2500.00        99.2079       0.780985       0.111549E-001            NaN            NaN            NaN            NaN            NaN            NaN            NaN
  1766.03        2500.00        99.2078       0.781054       0.111549E-001            NaN            NaN            NaN            NaN            NaN            NaN            NaN
  1762.82        2500.00        99.2077       0.781122       0.111550E-001            NaN            NaN            NaN            NaN            NaN            NaN            NaN
  1759.62        2500.00        99.2077       0.781191       0.111551E-001            NaN            NaN            NaN            NaN            NaN            NaN            NaN
  1756.41        2500.00        99.2076       0.781260       0.111551E-001            NaN            NaN            NaN            NaN            NaN            NaN            NaN
  1753.21        2500.00        99.2075       0.781328       0.111552E-001            NaN            NaN            NaN            NaN            NaN            NaN            NaN
  1750.00        2500.00        99.2074       0.781397       0.111553E-001            NaN            NaN            NaN            NaN            NaN            NaN            NaN
  1746.79        2500.00        99.2074       0.781466       0.111553E-001            NaN            NaN            NaN            NaN            NaN            NaN            NaN
  1743.59        2500.00        99.2073       0.781535       0.111554E-001            NaN            NaN            NaN            NaN            NaN            NaN            NaN
  1740.38        2500.00        99.2072       0.781603       0.111555E-001            NaN            NaN            NaN            NaN            NaN            NaN            NaN
  1737.18        2500.00        99.2072       0.781672       0.111556E-001            NaN            NaN            NaN            NaN            NaN            NaN            NaN
  1733.97        2500.00        99.2071       0.781741       0.111556E-001            NaN            NaN            NaN            NaN            NaN            NaN            NaN
  1730.77        2500.00        99.0139       0.781832                 NaN  0.204298                 NaN            NaN            NaN            NaN            NaN            NaN
  1727.56        2500.00        99.0091       0.781902                 NaN  0.209039                 NaN            NaN            NaN            NaN            NaN            NaN
  1724.36        2500.00        99.0042       0.781973                 NaN  0.213781                 NaN            NaN            NaN            NaN            NaN            NaN
  1721.15        2500.00        98.9994       0.782043                 NaN  0.218523                 NaN            NaN            NaN            NaN            NaN            NaN
  1717.95        2500.00        98.9946       0.782113                 NaN  0.223267                 NaN            NaN            NaN            NaN            NaN            NaN
  1714.74        2500.00        98.9871       0.782184                 NaN  0.230751                 NaN            NaN            NaN            NaN            NaN            NaN
  1711.54        2500.00        98.9795       0.782255                 NaN  0.238236                 NaN            NaN            NaN            NaN            NaN            NaN
  1708.33        2500.00        98.9720       0.782326                 NaN  0.245722                 NaN            NaN            NaN            NaN            NaN            NaN
  1705.13        2500.00        98.9644       0.782397                 NaN  0.253209                 NaN            NaN            NaN            NaN            NaN            NaN
  1701.92        2500.00        98.9568       0.782468                 NaN  0.260698                 NaN            NaN            NaN            NaN            NaN            NaN
  1698.72        2500.00        98.9493       0.782539                 NaN  0.268187                 NaN            NaN            NaN            NaN            NaN            NaN
  1695.51        2500.00        98.9417       0.782610                 NaN  0.275678                 NaN            NaN            NaN            NaN            NaN            NaN
  1692.31        2500.00        98.9341       0.782682                 NaN  0.283170                 NaN            NaN            NaN            NaN            NaN            NaN
  1689.10        2500.00        98.9215       0.782754                 NaN  0.295793                 NaN            NaN            NaN            NaN            NaN            NaN
  1685.90        2500.00        98.9088       0.782827                 NaN  0.308417                 NaN            NaN            NaN            NaN            NaN            NaN
  1682.69        2500.00        98.8961       0.782899                 NaN  0.321043                 NaN            NaN            NaN            NaN            NaN            NaN
  1679.49        2500.00        98.8834       0.782972                 NaN  0.333671                 NaN            NaN            NaN            NaN            NaN            NaN
  1676.28        2500.00        98.8707       0.783044                 NaN  0.346301                 NaN            NaN            NaN            NaN            NaN            NaN
  1673.08        2500.00        98.8579       0.783117                 NaN  0.358934                 NaN            NaN            NaN            NaN            NaN            NaN
  1669.87        2500.00        98.8452       0.783190                 NaN  0.371568                 NaN            NaN            NaN            NaN            NaN            NaN
  1666.67        2500.00        98.8325       0.783263                 NaN  0.384204                 NaN            NaN            NaN            NaN            NaN            NaN
  1663.46        2500.00        98.8021       0.783349                 NaN  0.406423       0.811220E-002            NaN            NaN            NaN            NaN            NaN
  1660.26        2500.00        98.7740       0.783439                 NaN  0.423527       0.190550E-001            NaN            NaN            NaN            NaN            NaN
  1657.05        2500.00        98.7376       0.783530                 NaN  0.448993       0.298590E-001            NaN            NaN            NaN            NaN            NaN
  1653.85        2500.00        98.7012       0.783622                 NaN  0.474465       0.406657E-001            NaN            NaN            NaN            NaN            NaN
  1650.64        2500.00        98.6564       0.783716                 NaN  0.508663       0.511766E-001            NaN            NaN            NaN            NaN            NaN
  1647.44        2500.00        98.6116       0.783809                 NaN  0.542868       0.616901E-001            NaN            NaN            NaN            NaN            NaN
  1644.23        2500.00        98.5668       0.783903                 NaN  0.577081       0.722061E-001            NaN            NaN            NaN            NaN            NaN
  1641.03        2500.00        98.5220       0.783997                 NaN  0.611301       0.827248E-001            NaN            NaN            NaN            NaN            NaN
  1637.82        2500.00        98.4123       0.784112                 NaN  0.710840       0.927330E-001            NaN            NaN            NaN            NaN            NaN
  1634.62        2500.00        98.3026       0.784228                 NaN  0.810405       0.102744                 NaN            NaN            NaN            NaN            NaN
  1631.41        2500.00        98.1929       0.784343                 NaN  0.909996       0.112759                 NaN            NaN            NaN            NaN            NaN
  1628.21        2500.00        98.0832       0.784458                 NaN   1.00961       0.122776                 NaN            NaN            NaN            NaN            NaN
  1625.00        2500.00        97.9734       0.784572                 NaN   1.10926       0.132796                 NaN            NaN            NaN            NaN            NaN
  1621.79        2500.00        97.8636       0.784686                 NaN   1.20893       0.142819                 NaN            NaN            NaN            NaN            NaN
  1618.59        2500.00        97.7537       0.784801                 NaN   1.30862       0.152845                 NaN            NaN            NaN            NaN            NaN
  1615.38        2500.00        97.6439       0.784914                 NaN   1.40834       0.162874                 NaN            NaN            NaN            NaN            NaN
  1612.18        2500.00        97.2659       0.785121                 NaN   1.77670       0.172299                 NaN            NaN            NaN            NaN            NaN
  1608.97        2500.00        96.8877       0.785326                 NaN   2.14524       0.181729                 NaN            NaN            NaN            NaN            NaN
  1605.77        2500.00        96.5093       0.785531                 NaN   2.51396       0.191164                 NaN            NaN            NaN            NaN            NaN
  1602.56        2500.00        96.1308       0.785734                 NaN   2.88285       0.200603                 NaN            NaN            NaN            NaN            NaN
  1599.36        2500.00        95.7521       0.785935                 NaN   3.25192       0.210047                 NaN            NaN            NaN            NaN            NaN
  1596.15        2500.00        95.3732       0.786136                 NaN   3.62116       0.219496                 NaN            NaN            NaN            NaN            NaN
  1592.95        2500.00        94.9941       0.786335                 NaN   3.99058       0.228949                 NaN            NaN            NaN            NaN            NaN
  1589.74        2500.00        94.6149       0.786533                 NaN   4.36016       0.238406                 NaN            NaN            NaN            NaN            NaN
  1586.54        2500.00        93.3488       0.787658                 NaN   4.55868       0.236276        1.06855                 NaN            NaN            NaN            NaN
  1583.33        2500.00        91.8706       0.789049                 NaN   4.64586       0.230107        2.46441                 NaN            NaN            NaN            NaN
  1580.13        2500.00        90.4494       0.790389                 NaN   4.73215       0.223526        3.80455                 NaN            NaN            NaN            NaN
  1576.92        2500.00        89.0234       0.791731                 NaN   4.81873       0.216922        5.14918                 NaN            NaN            NaN            NaN
  1573.72        2500.00        87.6996       0.792990                 NaN   4.89707       0.209633        6.40074                 NaN            NaN            NaN            NaN
  1570.51        2500.00        86.3716       0.794250                 NaN   4.97564       0.202319        7.65623                 NaN            NaN            NaN            NaN
  1567.31        2500.00        85.0394       0.795513                 NaN   5.05446       0.194982        8.91566                 NaN            NaN            NaN            NaN
  1564.10        2500.00        83.7031       0.796778                 NaN   5.13351       0.187621        10.1790                 NaN            NaN            NaN            NaN
  1560.90        2500.00        82.5248       0.797918                 NaN   5.19782       0.178165        11.3013                 NaN            NaN            NaN            NaN
  1557.69        2500.00        81.3433       0.799060                 NaN   5.26231       0.168681        12.4267                 NaN            NaN            NaN            NaN
  1554.49        2500.00        80.1584       0.800204                 NaN   5.32697       0.159169        13.5552                 NaN            NaN            NaN            NaN
  1551.28        2500.00        78.9703       0.801350                 NaN   5.39180       0.149630        14.6870                 NaN            NaN            NaN            NaN
  1548.08        2500.00        77.7788       0.802497                 NaN   5.45681       0.140063        15.8219                 NaN            NaN            NaN            NaN
  1544.87        2500.00        76.5839       0.803646                 NaN   5.52199       0.130468        16.9599                 NaN            NaN            NaN            NaN
  1541.67        2500.00        75.3858       0.804796                 NaN   5.58735       0.120845        18.1012                 NaN            NaN            NaN            NaN
  1538.46        2500.00        74.1843       0.805949                 NaN   5.65288       0.111195        19.2457                 NaN            NaN            NaN            NaN
  1535.26        2500.00        73.1181       0.806999                 NaN   5.70608       0.976659E-001   20.2711                 NaN            NaN            NaN            NaN
  1532.05        2500.00        72.0493       0.808052                 NaN   5.75941       0.841010E-001   21.2991                 NaN            NaN            NaN            NaN
  1528.85        2500.00        70.9778       0.809106                 NaN   5.81286       0.705005E-001   22.3297                 NaN            NaN            NaN            NaN
  1525.64        2500.00        69.9036       0.810161                 NaN   5.86645       0.568643E-001   23.3630                 NaN            NaN            NaN            NaN
  1522.44        2500.00        68.8266       0.811218                 NaN   5.92017       0.431922E-001   24.3988                 NaN            NaN            NaN            NaN
  1519.23        2500.00        67.7470       0.812276                 NaN   5.97401       0.294842E-001   25.4372                 NaN            NaN            NaN            NaN
  1516.03        2500.00        66.6646       0.813336                 NaN   6.02799       0.157402E-001   26.4783                 NaN            NaN            NaN            NaN
  1512.82        2500.00        65.5795       0.814397                 NaN   6.08210       0.196015E-002   27.5220                 NaN            NaN            NaN            NaN
  1509.62        2500.00        64.5901       0.815369                 NaN   6.13565                 NaN   28.4589                 NaN            NaN            NaN            NaN
  1506.41        2500.00        63.6181       0.816324                 NaN   6.20625                 NaN   29.3594                 NaN            NaN            NaN            NaN
  1503.21        2500.00        62.6498       0.817278                 NaN   6.26680                 NaN   30.2661                 NaN            NaN            NaN            NaN
  1500.00        2500.00        61.6795       0.818234                 NaN   6.32749                 NaN   31.1748                 NaN            NaN            NaN            NaN
  1496.79        2500.00        60.7088       0.819192                 NaN   6.39081                 NaN   32.0812                 NaN            NaN            NaN            NaN
  1493.59        2500.00        59.5770       0.820332                 NaN   6.46570                 NaN   32.8767       0.260264                 NaN            NaN            NaN
  1490.38        2500.00        57.7051       0.822288                 NaN   6.59749                 NaN   32.6273       0.748497        1.49940                 NaN            NaN
  1487.18        2500.00        55.8240       0.824257                 NaN   6.70905                 NaN   32.1485        1.85838        2.63581                 NaN            NaN
  1483.97        2500.00        55.8221       0.824304                 NaN   6.70934                 NaN   32.1499        1.85846        2.63593                 NaN            NaN
  1480.77        2500.00        55.8202       0.824350                 NaN   6.70963                 NaN   32.1512        1.85854        2.63604                 NaN            NaN
  1477.56        2500.00        55.8183       0.824396                 NaN   6.70993                 NaN   32.1526        1.85862        2.63615                 NaN            NaN
  1474.36        2500.00        55.8164       0.824443                 NaN   6.71022                 NaN   32.1540        1.85871        2.63626                 NaN            NaN
  1471.15        2500.00        55.8144       0.824489                 NaN   6.71052                 NaN   32.1554        1.85879        2.63637                 NaN            NaN
  1467.95        2500.00        55.8125       0.824535                 NaN   6.71081                 NaN   32.1568        1.85887        2.63648                 NaN            NaN
  1464.74        2500.00        55.8106       0.824582                 NaN   6.71110                 NaN   32.1582        1.85895        2.63659                 NaN            NaN
  1461.54        2500.00        42.2144       0.838726                 NaN   7.35039                 NaN   28.3326        10.7644        10.4995                 NaN            NaN
  1458.33        2500.00        40.6941       0.840368                 NaN   7.40460                 NaN   27.9173        11.4624        11.6812                 NaN            NaN
  1455.13        2500.00        39.1841       0.842020                 NaN   7.43884       0.151910E-001   27.4106        12.5057        12.6036                 NaN            NaN
  1451.92        2500.00        39.1823       0.842054                 NaN   7.43906       0.151917E-001   27.4114        12.5061        12.6039                 NaN            NaN
  1448.72        2500.00        36.2992       0.845194                 NaN   7.48871       0.543229E-001   26.2907        14.3544        14.6674                 NaN            NaN
  1445.51        2500.00        36.2976       0.845226                 NaN   7.48891       0.543255E-001   26.2914        14.3547        14.6678                 NaN            NaN
  1442.31        2500.00        36.2959       0.845258                 NaN   7.48910       0.543282E-001   26.2920        14.3551        14.6682                 NaN            NaN
  1439.10        2500.00        36.2943       0.845289                 NaN   7.48929       0.543309E-001   26.2927        14.3554        14.6686                 NaN            NaN
  1435.90        2500.00        31.0315       0.851114                 NaN   7.51593       0.124239        24.9484        17.6787        17.8500                 NaN            NaN
  1432.69        2500.00        31.0301       0.851142                 NaN   7.51609       0.124244        24.9489        17.6791        17.8504                 NaN            NaN
  1429.49        2500.00        31.0286       0.851169                 NaN   7.51624       0.124250        24.9494        17.6794        17.8508                 NaN            NaN
  1426.28        2500.00        31.0272       0.851197                 NaN   7.51640       0.124256        24.9499        17.6798        17.8512                 NaN            NaN
  1423.08        2500.00        31.0258       0.851224                 NaN   7.51656       0.124261        24.9504        17.6801        17.8516                 NaN            NaN
  1419.87        2500.00        31.0243       0.851252                 NaN   7.51671       0.124267        24.9509        17.6805        17.8521                 NaN            NaN
  1416.67        2500.00        31.0229       0.851279                 NaN   7.51687       0.124272        24.9514        17.6808        17.8525                 NaN            NaN
  1413.46        2500.00        31.0214       0.851307                 NaN   7.51703       0.124278        24.9519        17.6812        17.8529                 NaN            NaN
  1410.26        2500.00        22.3318       0.861374                 NaN   7.29634       0.252735        24.6247        23.4238        21.2092                 NaN            NaN
  1407.05        2500.00        21.0215       0.862510                 NaN   7.39347       0.273532        24.2920        21.9492        23.8645       0.343254                 NaN
  1403.85        2500.00        19.5627       0.863561                 NaN   7.57678       0.295669        23.7179        22.9512        24.1398       0.892421                 NaN
  1400.64        2500.00        19.5618       0.863580                 NaN   7.57685       0.295680        23.7181        22.9515        24.1400       0.892483                 NaN
  1397.44        2500.00        16.9714       0.865432                 NaN   7.90135       0.334544        22.7110        24.5810        24.7290        1.90630                 NaN
  1394.23        2500.00        16.9706       0.865447                 NaN   7.90140       0.334555        22.7111        24.5812        24.7293        1.90642                 NaN
  1391.03        2500.00        16.9699       0.865463                 NaN   7.90146       0.334566        22.7113        24.5813        24.7295        1.90655                 NaN
  1387.82        2500.00        16.9691       0.865479                 NaN   7.90152       0.334577        22.7114        24.5815        24.7297        1.90668                 NaN
  1384.62        2500.00        12.7736       0.868500                 NaN   8.40141       0.397402        21.1679        27.5800        25.1488        3.66233                 NaN
  1381.41        2500.00        12.7730       0.868512                 NaN   8.40143       0.397414        21.1680        27.5802        25.1489        3.66255                 NaN
  1378.21        2500.00        12.7725       0.868524                 NaN   8.40146       0.397425        21.1680        27.5803        25.1490        3.66278                 NaN
  1375.00        2500.00        12.7719       0.868536                 NaN   8.40149       0.397437        21.1681        27.5805        25.1490        3.66301                 NaN
  1371.79        2500.00        12.7714       0.868548                 NaN   8.40151       0.397448        21.1681        27.5806        25.1491        3.66324                 NaN
  1368.59        2500.00        12.7708       0.868560                 NaN   8.40154       0.397460        21.1682        27.5808        25.1492        3.66347                 NaN
  1365.38        2500.00        12.7703       0.868572                 NaN   8.40156       0.397471        21.1682        27.5809        25.1492        3.66369                 NaN
  1362.18        2500.00        12.7698       0.868584                 NaN   8.40159       0.397483        21.1683        27.5811        25.1493        3.66392                 NaN
  1358.97        2500.00        6.80615       0.873024                 NaN   8.99963       0.481924        19.3509        25.5610        31.4450        6.48236                 NaN
  1355.77        2500.00        6.80590       0.873032                 NaN   8.99961       0.481935        19.3508        25.5610        31.4450        6.48273                 NaN
  1352.56        2500.00        6.80565       0.873039                 NaN   8.99959       0.481946        19.3508        25.5609        31.4450        6.48310                 NaN
  1349.36        2500.00        6.80540       0.873046                 NaN   8.99957       0.481958        19.3507        25.5609        31.4450        6.48347                 NaN
  1346.15        2500.00        6.80515       0.873053                 NaN   8.99955       0.481969        19.3506        25.5608        31.4450        6.48383                 NaN
  1342.95        2500.00        6.80490       0.873060                 NaN   8.99953       0.481981        19.3506        25.5607        31.4450        6.48420                 NaN
  1339.74        2500.00        6.80465       0.873068                 NaN   8.99951       0.481992        19.3505        25.5607        31.4450        6.48457                 NaN
  1336.54        2500.00        6.80440       0.873075                 NaN   8.99949       0.482003        19.3505        25.5606        31.4450        6.48494                 NaN
  1333.33        2500.00        2.52739       0.876562                 NaN   9.25420       0.532828        18.6087        25.5744        33.8764        8.74951                 NaN
  1330.13        2500.00        2.52731       0.876566                 NaN   9.25415       0.532839        18.6086        25.5743        33.8763        8.74998                 NaN
  1326.92        2500.00        2.52723       0.876570                 NaN   9.25409       0.532850        18.6084        25.5741        33.8762        8.75044                 NaN
  1323.72        2500.00        2.52716       0.876574                 NaN   9.25404       0.532861        18.6083        25.5740        33.8761        8.75091                 NaN
  1320.51        2500.00       0.727975       0.878190                 NaN   9.28856       0.549544        18.5175        34.7558        25.5432        9.73924                 NaN
  1317.31        2500.00       0.304174       0.878572                 NaN   9.29967       0.551651        18.5051        34.9435        25.5315        9.98584                 NaN
  1314.10        2500.00                 NaN  0.878868                 NaN   9.29177       0.555105        18.5791        25.5336        35.0115        10.1501                 NaN
  1310.90        2500.00                 NaN  0.878812                 NaN   9.31425       0.553471        18.7644        25.5410        34.7562        10.1919                 NaN
  1307.69        2500.00                 NaN  0.878753                 NaN   9.33658       0.552093        18.9499        34.4975        25.5509        10.2300       0.425583E-002
  1304.49        2500.00                 NaN  0.878756                 NaN   9.33651       0.552104        18.9497        34.4973        25.5507        10.2306       0.425589E-002
  1301.28        2500.00                 NaN  0.878758                 NaN   9.33644       0.552114        18.9496        34.4972        25.5506        10.2311       0.425595E-002
  1298.08        2500.00                 NaN  0.878761                 NaN   9.33637       0.552125        18.9494        34.4970        25.5504        10.2316       0.425600E-002
  1294.87        2500.00                 NaN  0.878763                 NaN   9.33630       0.552135        18.9493        34.4969        25.5502        10.2321       0.425606E-002
  1291.67        2500.00                 NaN  0.878766                 NaN   9.33623       0.552145        18.9492        34.4967        25.5501        10.2327       0.425612E-002
  1288.46        2500.00                 NaN  0.878768                 NaN   9.33616       0.552155        18.9490        34.4966        25.5499        10.2332       0.425617E-002
  1285.26        2500.00                 NaN  0.878770                 NaN   9.33609       0.552166        18.9489        34.4964        25.5497        10.2337       0.425623E-002
  1282.05        2500.00                 NaN  0.878308                 NaN   9.51317       0.543060        20.3518        25.5622        32.5872        10.5274       0.368675E-001
  1278.85        2500.00                 NaN  0.878310                 NaN   9.51310       0.543070        20.3516        25.5620        32.5870        10.5279       0.368680E-001
  1275.64        2500.00                 NaN  0.878312                 NaN   9.51302       0.543080        20.3515        25.5619        32.5869        10.5285       0.368685E-001
  1272.44        2500.00                 NaN  0.878314                 NaN   9.51295       0.543090        20.3513        25.5617        32.5868        10.5290       0.368689E-001
  1269.23        2500.00                 NaN  0.878316                 NaN   9.51288       0.543100        20.3512        25.5615        32.5866        10.5296       0.368694E-001
  1266.03        2500.00                 NaN  0.878318                 NaN   9.51280       0.543110        20.3510        25.5613        32.5865        10.5301       0.368699E-001
  1262.82        2500.00                 NaN  0.878320                 NaN   9.51273       0.543120        20.3508        25.5611        32.5863        10.5306       0.368704E-001
  1259.62        2500.00                 NaN  0.878322                 NaN   9.51265       0.543130        20.3507        25.5609        32.5862        10.5312       0.368708E-001
  1256.41        2500.00                 NaN  0.877919                 NaN   9.66992       0.539605        21.6177        30.9242        25.5098        10.8087       0.522455E-001
  1253.21        2500.00                 NaN  0.877921                 NaN   9.66984       0.539615        21.6175        30.9241        25.5096        10.8092       0.522462E-001
  1250.00        2500.00                 NaN  0.877923                 NaN   9.66976       0.539625        21.6173        30.9239        25.5094        10.8098       0.522468E-001
  1246.79        2500.00                 NaN  0.877924                 NaN   9.66969       0.539634        21.6172        30.9238        25.5092        10.8103       0.522475E-001
  1243.59        2500.00                 NaN  0.877926                 NaN   9.66961       0.539644        21.6170        30.9237        25.5090        10.8109       0.522482E-001
  1240.38        2500.00                 NaN  0.877928                 NaN   9.66953       0.539654        21.6168        30.9235        25.5088        10.8114       0.522488E-001
  1237.18        2500.00                 NaN  0.877929                 NaN   9.66945       0.539663        21.6167        30.9234        25.5086        10.8120       0.522495E-001
  1233.97        2500.00                 NaN  0.877931                 NaN   9.66938       0.539673        21.6165        30.9233        25.5085        10.8125       0.522501E-001
  1230.77        2500.00                 NaN  0.877582                 NaN   9.80762       0.540828        22.7795        25.4219        29.4460        11.0750       0.516025E-001
  1227.56        2500.00                 NaN  0.877583                 NaN   9.80754       0.540837        22.7793        25.4217        29.4458        11.0756       0.516032E-001
  1224.36        2500.00                 NaN  0.877584                 NaN   9.80746       0.540847        22.7792        25.4215        29.4457        11.0761       0.516038E-001
  1221.15        2500.00                 NaN  0.877586                 NaN   9.80738       0.540856        22.7790        25.4213        29.4456        11.0767       0.516045E-001
  1217.95        2500.00                 NaN  0.877587                 NaN   9.80730       0.540866        22.7788        25.4211        29.4455        11.0772       0.516051E-001
  1214.74        2500.00                 NaN  0.877589                 NaN   9.80722       0.540875        22.7786        25.4209        29.4454        11.0778       0.516057E-001
  1211.54        2500.00                 NaN  0.877590                 NaN   9.80714       0.540885        22.7785        25.4207        29.4452        11.0784       0.516064E-001
  1208.33        2500.00                 NaN  0.877591                 NaN   9.80706       0.540894        22.7783        25.4205        29.4451        11.0789       0.516070E-001
  1205.13        2500.00                 NaN  0.877293                 NaN   9.92647       0.546192        23.8716        25.3163        28.0996        11.3256       0.369827E-001
  1201.92        2500.00                 NaN  0.877294                 NaN   9.92639       0.546201        23.8714        25.3161        28.0995        11.3261       0.369832E-001
  1198.72        2500.00                 NaN  0.877295                 NaN   9.92631       0.546211        23.8712        25.3159        28.0994        11.3267       0.369836E-001
  1195.51        2500.00                 NaN  0.877296                 NaN   9.92623       0.546220        23.8710        25.3157        28.0993        11.3273       0.369841E-001
  1192.31        2500.00                 NaN  0.877297                 NaN   9.92614       0.546230        23.8709        25.3155        28.0992        11.3278       0.369845E-001
  1189.10        2500.00                 NaN  0.877298                 NaN   9.92606       0.546239        23.8707        25.3153        28.0990        11.3284       0.369850E-001
  1185.90        2500.00                 NaN  0.877299                 NaN   9.92598       0.546249        23.8705        25.3151        28.0989        11.3290       0.369854E-001
  1182.69        2500.00                 NaN  0.877300                 NaN   9.92589       0.546258        23.8703        25.3149        28.0988        11.3296       0.369859E-001
  1179.49        2500.00                 NaN  0.877050                 NaN   10.0270       0.555605        24.9039        26.8654        25.2006        11.5630       0.753182E-002
  1176.28        2500.00                 NaN  0.877023                 NaN   10.0378       0.557052        25.0258        26.7223        25.1856        11.5920       0.228451E-002
  1173.08        2500.00                 NaN  0.876992                 NaN   10.0508       0.558403        25.1507        25.1677        26.5749        11.6205                 NaN
  1169.87        2500.00                 NaN  0.876993                 NaN   10.0507       0.558413        25.1505        25.1675        26.5748        11.6210                 NaN
  1166.67        2500.00                 NaN  0.876932                 NaN   10.0747       0.561399        25.4032        25.1403        26.2721        11.6713                 NaN
  1163.46        2500.00                 NaN  0.876933                 NaN   10.0747       0.561409        25.4030        25.1400        26.2720        11.6719                 NaN
  1160.26        2500.00                 NaN  0.876933                 NaN   10.0746       0.561419        25.4028        25.1398        26.2719        11.6725                 NaN
  1157.05        2500.00                 NaN  0.876934                 NaN   10.0745       0.561428        25.4026        25.1396        26.2718        11.6731                 NaN
  1153.85        2500.00                 NaN  0.876811                 NaN   10.1220       0.568922        25.8856        25.0747        25.6990        11.7730                 NaN
  1150.64        2500.00                 NaN  0.876812                 NaN   10.1219       0.568932        25.8854        25.0745        25.6989        11.7736                 NaN
  1147.44        2500.00                 NaN  0.876812                 NaN   10.1218       0.568941        25.8852        25.0742        25.6988        11.7742                 NaN
  1144.23        2500.00                 NaN  0.876813                 NaN   10.1217       0.568951        25.8850        25.0740        25.6987        11.7747                 NaN
  1141.03        2500.00                 NaN  0.876813                 NaN   10.1217       0.568960        25.8848        25.0738        25.6986        11.7753                 NaN
  1137.82        2500.00                 NaN  0.876814                 NaN   10.1216       0.568970        25.8846        25.0736        25.6985        11.7759                 NaN
  1134.62        2500.00                 NaN  0.876814                 NaN   10.1215       0.568979        25.8844        25.0734        25.6984        11.7765                 NaN
  1131.41        2500.00                 NaN  0.876814                 NaN   10.1214       0.568988        25.8842        25.0732        25.6983        11.7771                 NaN
  1128.21        2500.00                 NaN  0.876594                 NaN   10.2063       0.586316        26.8308        24.5923        24.9468        11.9610                 NaN
  1125.00        2500.00                 NaN  0.876595                 NaN   10.2062       0.586326        26.8306        24.5922        24.9466        11.9616                 NaN
  1121.79        2500.00                 NaN  0.876595                 NaN   10.2061       0.586335        26.8304        24.5921        24.9464        11.9622                 NaN
  1118.59        2500.00                 NaN  0.876595                 NaN   10.2060       0.586345        26.8302        24.5920        24.9462        11.9627                 NaN
  1115.38        2500.00                 NaN  0.876595                 NaN   10.2059       0.586355        26.8299        24.5919        24.9460        11.9633                 NaN
  1112.18        2500.00                 NaN  0.876595                 NaN   10.2058       0.586364        26.8297        24.5918        24.9457        11.9639                 NaN
  1108.97        2500.00                 NaN  0.876595                 NaN   10.2057       0.586374        26.8295        24.5917        24.9455        11.9645                 NaN
  1105.77        2500.00                 NaN  0.876595                 NaN   10.2056       0.586383        26.8293        24.5917        24.9453        11.9651                 NaN
  1102.56        2500.00                 NaN  0.876400                 NaN   10.2790       0.607143        27.7479        23.5345        24.8212        12.1339                 NaN
  1099.36        2500.00                 NaN  0.876400                 NaN   10.2789       0.607153        27.7476        23.5344        24.8210        12.1345                 NaN
  1096.15        2500.00                 NaN  0.876400                 NaN   10.2788       0.607163        27.7474        23.5343        24.8208        12.1351                 NaN
  1092.95        2500.00                 NaN  0.876400                 NaN   10.2787       0.607173        27.7472        23.5342        24.8205        12.1357                 NaN
  1089.74        2500.00                 NaN  0.876400                 NaN   10.2786       0.607183        27.7470        23.5342        24.8203        12.1363                 NaN
  1086.54        2500.00                 NaN  0.876400                 NaN   10.2786       0.607193        27.7468        23.5341        24.8201        12.1369                 NaN
  1083.33        2500.00                 NaN  0.876399                 NaN   10.2785       0.607202        27.7466        23.5340        24.8199        12.1375                 NaN
  1080.13        2500.00                 NaN  0.876399                 NaN   10.2784       0.607212        27.7463        23.5339        24.8197        12.1381                 NaN
  1076.92        2500.00                 NaN  0.876224                 NaN   10.3419       0.633363        28.6332        22.5355        24.6842        12.2956                 NaN
  1073.72        2500.00                 NaN  0.876224                 NaN   10.3418       0.633373        28.6330        22.5354        24.6840        12.2962                 NaN
  1070.51        2500.00                 NaN  0.876223                 NaN   10.3417       0.633383        28.6327        22.5353        24.6837        12.2969                 NaN
  1067.31        2500.00                 NaN  0.876223                 NaN   10.3417       0.633393        28.6325        22.5352        24.6835        12.2975                 NaN
  1064.10        2500.00                 NaN  0.876222                 NaN   10.3416       0.633403        28.6323        22.5352        24.6833        12.2981                 NaN
  1060.90        2500.00                 NaN  0.876222                 NaN   10.3415       0.633413        28.6321        22.5351        24.6831        12.2987                 NaN
  1057.69        2500.00                 NaN  0.876221                 NaN   10.3414       0.633423        28.6318        22.5350        24.6828        12.2993                 NaN
  1054.49        2500.00                 NaN  0.876221                 NaN   10.3413       0.633433        28.6316        22.5350        24.6826        12.2999                 NaN
  1051.28        2500.00                 NaN  0.876068                 NaN   10.3941       0.663016        29.5034        24.5541        21.5649        12.4444                 NaN
  1048.08        2500.00                 NaN  0.876067                 NaN   10.3940       0.663027        29.5032        24.5539        21.5649        12.4450                 NaN
  1044.87        2500.00                 NaN  0.876066                 NaN   10.3939       0.663037        29.5030        24.5536        21.5648        12.4456                 NaN
  1041.67        2500.00                 NaN  0.876065                 NaN   10.3938       0.663048        29.5027        24.5534        21.5647        12.4462                 NaN
  1038.46        2500.00                 NaN  0.876065                 NaN   10.3937       0.663058        29.5025        24.5532        21.5647        12.4468                 NaN
  1035.26        2500.00                 NaN  0.876064                 NaN   10.3936       0.663068        29.5023        24.5530        21.5646        12.4474                 NaN
  1032.05        2500.00                 NaN  0.876063                 NaN   10.3935       0.663079        29.5021        24.5527        21.5646        12.4481                 NaN
  1028.85        2500.00                 NaN  0.876062                 NaN   10.3934       0.663089        29.5018        24.5525        21.5645        12.4487                 NaN
  1025.64        2500.00                 NaN  0.875931                 NaN   10.4356       0.697834        30.3588        24.4216        20.6294        12.5808                 NaN
  1022.44        2500.00                 NaN  0.875930                 NaN   10.4355       0.697845        30.3585        24.4214        20.6293        12.5815                 NaN
  1019.23        2500.00                 NaN  0.875929                 NaN   10.4354       0.697856        30.3583        24.4211        20.6293        12.5821                 NaN
  1016.03        2500.00                 NaN  0.875928                 NaN   10.4353       0.697866        30.3581        24.4209        20.6292        12.5827                 NaN
  1012.82        2500.00                 NaN  0.875927                 NaN   10.4352       0.697877        30.3578        24.4207        20.6292        12.5833                 NaN
  1009.62        2500.00                 NaN  0.875926                 NaN   10.4351       0.697888        30.3576        24.4204        20.6291        12.5839                 NaN
  1006.41        2500.00                 NaN  0.875925                 NaN   10.4350       0.697899        30.3573        24.4202        20.6291        12.5845                 NaN
  1003.21        2500.00                 NaN  0.875924                 NaN   10.4349       0.697909        30.3571        24.4200        20.6290        12.5851                 NaN
  1000.00        2500.00                 NaN  0.875805                 NaN   10.4700       0.738310        31.1945        24.2789        19.7314        12.7111                 NaN
