T(K)	P(bar)	SiO2	TiO2	Al2O3	Cr2O3	FeO	MnO	MgO	CaO	Na2O	K2O	NiO
  1877.19      500.000     0.705053     0.488318E-02 0.281480E-01 0.427660E-02 0.279611      0.00000     0.698593     0.563511E-01 0.758321E-02 0.318485E-03  0.00000    
  1874.69      500.000     0.700901     0.488318E-02 0.281480E-01 0.427660E-02 0.278523      0.00000     0.691376     0.563511E-01 0.758321E-02 0.318485E-03  0.00000    
  1872.18      500.000     0.696800     0.488318E-02 0.281480E-01 0.427660E-02 0.277440      0.00000     0.684258     0.563511E-01 0.758321E-02 0.318485E-03  0.00000    
  1869.67      500.000     0.692740     0.488318E-02 0.281480E-01 0.427660E-02 0.276357      0.00000     0.677222     0.563511E-01 0.758321E-02 0.318485E-03  0.00000    
  1867.17      500.000     0.688734     0.488318E-02 0.281480E-01 0.427660E-02 0.275279      0.00000     0.670286     0.563511E-01 0.758321E-02 0.318485E-03  0.00000    
  1864.66      500.000     0.684766     0.488318E-02 0.281480E-01 0.427660E-02 0.274201      0.00000     0.663429     0.563511E-01 0.758321E-02 0.318485E-03  0.00000    
  1862.16      500.000     0.680847     0.488318E-02 0.281480E-01 0.427660E-02 0.273126      0.00000     0.656666     0.563511E-01 0.758321E-02 0.318485E-03  0.00000    
  1859.65      500.000     0.676967     0.488318E-02 0.281480E-01 0.427660E-02 0.272052      0.00000     0.649979     0.563511E-01 0.758321E-02 0.318485E-03  0.00000    
  1857.14      500.000     0.673118     0.488318E-02 0.281480E-01 0.427660E-02 0.270979      0.00000     0.643355     0.563511E-01 0.758321E-02 0.318485E-03  0.00000    
  1854.64      500.000     0.669313     0.488318E-02 0.281480E-01 0.427660E-02 0.269906      0.00000     0.636819     0.563511E-01 0.758321E-02 0.318485E-03  0.00000    
  1852.13      500.000     0.665569     0.488318E-02 0.281480E-01 0.427660E-02 0.268841      0.00000     0.630395     0.563511E-01 0.758321E-02 0.318485E-03  0.00000    
  1849.62      500.000     0.661844     0.488318E-02 0.281480E-01 0.427660E-02 0.267773      0.00000     0.624012     0.563511E-01 0.758321E-02 0.318485E-03  0.00000    
  1847.12      500.000     0.658156     0.488318E-02 0.281480E-01 0.427660E-02 0.266706      0.00000     0.617704     0.563511E-01 0.758321E-02 0.318485E-03  0.00000    
  1844.61      500.000     0.654514     0.488318E-02 0.281480E-01 0.427660E-02 0.265641      0.00000     0.611484     0.563511E-01 0.758321E-02 0.318485E-03  0.00000    
  1842.11      500.000     0.650894     0.488318E-02 0.281480E-01 0.427660E-02 0.264574      0.00000     0.605311     0.563511E-01 0.758321E-02 0.318485E-03  0.00000    
  1839.60      500.000     0.647316     0.488318E-02 0.281480E-01 0.427660E-02 0.263510      0.00000     0.599221     0.563511E-01 0.758321E-02 0.318485E-03  0.00000    
  1837.09      500.000     0.643765     0.488318E-02 0.281480E-01 0.427660E-02 0.262443      0.00000     0.593185     0.563511E-01 0.758321E-02 0.318485E-03  0.00000    
  1834.59      500.000     0.640251     0.488318E-02 0.281480E-01 0.427660E-02 0.261378      0.00000     0.587222     0.563511E-01 0.758321E-02 0.318485E-03  0.00000    
  1832.08      500.000     0.636756     0.488318E-02 0.281480E-01 0.427660E-02 0.260311      0.00000     0.581300     0.563511E-01 0.758321E-02 0.318485E-03  0.00000    
  1829.57      500.000     0.631879     0.488318E-02 0.281477E-01 0.427283E-02 0.258791      0.00000     0.573058     0.563511E-01 0.758321E-02 0.318485E-03  0.00000    
  1827.07      500.000     0.630479     0.488316E-02 0.281457E-01 0.425360E-02 0.258338      0.00000     0.570681     0.563511E-01 0.758321E-02 0.318485E-03  0.00000    
  1824.56      500.000     0.626481     0.488311E-02 0.281401E-01 0.419839E-02 0.257035      0.00000     0.563898     0.563511E-01 0.758321E-02 0.318485E-03  0.00000    
  1822.06      500.000     0.623123     0.488307E-02 0.281355E-01 0.415205E-02 0.255933      0.00000     0.558211     0.563511E-01 0.758321E-02 0.318485E-03  0.00000    
  1819.55      500.000     0.619797     0.488303E-02 0.281309E-01 0.410621E-02 0.254828      0.00000     0.552589     0.563511E-01 0.758321E-02 0.318485E-03  0.00000    
  1817.04      500.000     0.616480     0.488299E-02 0.281262E-01 0.406053E-02 0.253714      0.00000     0.546997     0.563511E-01 0.758321E-02 0.318485E-03  0.00000    
  1814.54      500.000     0.605616     0.488279E-02 0.281096E-01 0.390571E-02 0.249928      0.00000     0.528803     0.563511E-01 0.758321E-02 0.318485E-03  0.00000    
  1812.03      500.000     0.605616     0.488279E-02 0.281096E-01 0.390571E-02 0.249928      0.00000     0.528803     0.563511E-01 0.758321E-02 0.318485E-03  0.00000    
  1809.52      500.000     0.605616     0.488279E-02 0.281086E-01 0.389604E-02 0.249919      0.00000     0.528796     0.563511E-01 0.758321E-02 0.318485E-03  0.00000    
  1807.02      500.000     0.603407     0.488277E-02 0.281071E-01 0.388167E-02 0.249168      0.00000     0.525106     0.563511E-01 0.758321E-02 0.318485E-03  0.00000    
  1804.51      500.000     0.600218     0.488274E-02 0.281026E-01 0.383798E-02 0.248055      0.00000     0.519772     0.563511E-01 0.758321E-02 0.318485E-03  0.00000    
  1802.01      500.000     0.597053     0.488270E-02 0.280981E-01 0.379464E-02 0.246942      0.00000     0.514486     0.563511E-01 0.758321E-02 0.318485E-03  0.00000    
  1799.50      500.000     0.593044     0.488266E-02 0.280925E-01 0.373969E-02 0.245517      0.00000     0.507804     0.563511E-01 0.758321E-02 0.318485E-03  0.00000    
  1796.99      500.000     0.590775     0.488263E-02 0.280893E-01 0.370893E-02 0.244704      0.00000     0.504029     0.563511E-01 0.758321E-02 0.318485E-03  0.00000    
  1794.49      500.000     0.587660     0.488259E-02 0.280849E-01 0.366654E-02 0.243578      0.00000     0.498858     0.563511E-01 0.758321E-02 0.318485E-03  0.00000    
  1791.98      500.000     0.584570     0.488256E-02 0.280805E-01 0.362460E-02 0.242454      0.00000     0.493736     0.563511E-01 0.758321E-02 0.318485E-03  0.00000    
  1789.47      500.000     0.579318     0.488253E-02 0.280737E-01 0.355253E-02 0.240567      0.00000     0.485003     0.563511E-01 0.758321E-02 0.318485E-03  0.00000    
  1786.97      500.000     0.578483     0.488252E-02 0.280726E-01 0.354168E-02 0.240258      0.00000     0.483625     0.563511E-01 0.758321E-02 0.318485E-03  0.00000    
  1784.46      500.000     0.575420     0.488249E-02 0.280683E-01 0.350035E-02 0.239113      0.00000     0.478577     0.563511E-01 0.758321E-02 0.318485E-03  0.00000    
  1781.95      500.000     0.572417     0.488245E-02 0.280641E-01 0.346009E-02 0.237984      0.00000     0.473637     0.563511E-01 0.758321E-02 0.318485E-03  0.00000    
  1779.45      500.000     0.569412     0.488242E-02 0.280598E-01 0.341986E-02 0.236846      0.00000     0.468701     0.563511E-01 0.758321E-02 0.318485E-03  0.00000    
  1776.94      500.000     0.566415     0.488238E-02 0.280556E-01 0.337986E-02 0.235699      0.00000     0.463790     0.563511E-01 0.758321E-02 0.318485E-03  0.00000    
  1774.44      500.000     0.566130     0.488237E-02 0.280545E-01 0.336980E-02 0.235584      0.00000     0.463320     0.563511E-01 0.758321E-02 0.318485E-03  0.00000    
  1771.93      500.000     0.560464     0.488231E-02 0.280471E-01 0.330090E-02 0.233389      0.00000     0.454071     0.563511E-01 0.758321E-02 0.318485E-03  0.00000    
  1769.42      500.000     0.557511     0.488228E-02 0.280429E-01 0.326189E-02 0.232233      0.00000     0.449259     0.563511E-01 0.758321E-02 0.318485E-03  0.00000    
  1766.92      500.000     0.554564     0.488224E-02 0.280387E-01 0.322313E-02 0.231067      0.00000     0.444469     0.563511E-01 0.758321E-02 0.318485E-03  0.00000    
  1764.41      500.000     0.551642     0.488221E-02 0.280346E-01 0.318484E-02 0.229905      0.00000     0.439727     0.563511E-01 0.758321E-02 0.318485E-03  0.00000    
  1761.90      500.000     0.548726     0.488218E-02 0.280304E-01 0.314676E-02 0.228736      0.00000     0.435002     0.563511E-01 0.758321E-02 0.318485E-03  0.00000    
  1759.40      500.000     0.544829     0.488213E-02 0.280248E-01 0.309612E-02 0.227157      0.00000     0.428707     0.563511E-01 0.758321E-02 0.318485E-03  0.00000    
  1756.89      500.000     0.542928     0.488211E-02 0.280221E-01 0.307156E-02 0.226383      0.00000     0.425640     0.563511E-01 0.758321E-02 0.318485E-03  0.00000    
  1754.39      500.000     0.540046     0.488208E-02 0.280180E-01 0.303440E-02 0.225201      0.00000     0.420999     0.563511E-01 0.758321E-02 0.318485E-03  0.00000    
  1751.88      500.000     0.537176     0.488204E-02 0.280139E-01 0.299762E-02 0.224013      0.00000     0.416389     0.563511E-01 0.758321E-02 0.318485E-03  0.00000    
  1749.37      500.000     0.534312     0.488201E-02 0.280099E-01 0.296106E-02 0.222817      0.00000     0.411798     0.563511E-01 0.758321E-02 0.318485E-03  0.00000    
  1746.87      500.000     0.531461     0.488198E-02 0.280059E-01 0.292481E-02 0.221621      0.00000     0.407235     0.563511E-01 0.758321E-02 0.318485E-03  0.00000    
  1744.36      500.000     0.528620     0.488195E-02 0.280019E-01 0.288889E-02 0.220419      0.00000     0.402698     0.563511E-01 0.758321E-02 0.318485E-03  0.00000    
  1741.85      500.000     0.525790     0.488191E-02 0.279979E-01 0.285324E-02 0.219215      0.00000     0.398185     0.563511E-01 0.758321E-02 0.318485E-03  0.00000    
  1739.35      500.000     0.522967     0.488188E-02 0.279939E-01 0.281788E-02 0.218003      0.00000     0.393693     0.563511E-01 0.758321E-02 0.318485E-03  0.00000    
  1736.84      500.000     0.520150     0.488185E-02 0.279899E-01 0.278284E-02 0.216781      0.00000     0.389227     0.563511E-01 0.758321E-02 0.318485E-03  0.00000    
  1734.34      500.000     0.517337     0.488181E-02 0.279859E-01 0.274801E-02 0.215550      0.00000     0.384776     0.563511E-01 0.758321E-02 0.318485E-03  0.00000    
  1731.83      500.000     0.514540     0.488178E-02 0.279820E-01 0.271355E-02 0.214320      0.00000     0.380357     0.563511E-01 0.758321E-02 0.318485E-03  0.00000    
  1729.32      500.000     0.511750     0.488175E-02 0.279781E-01 0.267935E-02 0.213085      0.00000     0.375959     0.563511E-01 0.758321E-02 0.318485E-03  0.00000    
  1726.82      500.000     0.508970     0.488172E-02 0.279742E-01 0.264545E-02 0.211846      0.00000     0.371583     0.563511E-01 0.758321E-02 0.318485E-03  0.00000    
  1724.31      500.000     0.506193     0.488169E-02 0.279703E-01 0.261179E-02 0.210597      0.00000     0.367224     0.563511E-01 0.758321E-02 0.318485E-03  0.00000    
  1721.80      500.000     0.503416     0.488166E-02 0.279663E-01 0.257831E-02 0.209338      0.00000     0.362875     0.563511E-01 0.758321E-02 0.318485E-03  0.00000    
  1719.30      500.000     0.500671     0.488162E-02 0.279624E-01 0.254539E-02 0.208091      0.00000     0.358581     0.563511E-01 0.758321E-02 0.318485E-03  0.00000    
  1716.79      500.000     0.497923     0.488159E-02 0.279586E-01 0.251263E-02 0.206830      0.00000     0.354295     0.563511E-01 0.758321E-02 0.318485E-03  0.00000    
  1714.29      500.000     0.495172     0.488156E-02 0.279547E-01 0.248002E-02 0.205557      0.00000     0.350013     0.563511E-01 0.758321E-02 0.318485E-03  0.00000    
  1711.78      500.000     0.492436     0.488152E-02 0.279509E-01 0.244778E-02 0.204280      0.00000     0.345766     0.563511E-01 0.758321E-02 0.318485E-03  0.00000    
  1709.27      500.000     0.488980     0.488148E-02 0.279460E-01 0.240723E-02 0.202665      0.00000     0.340406     0.563511E-01 0.758321E-02 0.318485E-03  0.00000    
  1706.77      500.000     0.487183     0.488146E-02 0.279435E-01 0.238635E-02 0.201813      0.00000     0.337631     0.563511E-01 0.758321E-02 0.318485E-03  0.00000    
  1704.26      500.000     0.484286     0.488143E-02 0.279395E-01 0.235278E-02 0.200433      0.00000     0.333163     0.563511E-01 0.758321E-02 0.318485E-03  0.00000    
  1701.75      500.000     0.481582     0.488140E-02 0.279357E-01 0.232163E-02 0.199137      0.00000     0.329001     0.563511E-01 0.758321E-02 0.318485E-03  0.00000    
  1699.25      500.000     0.478894     0.488137E-02 0.279319E-01 0.229083E-02 0.197842      0.00000     0.324872     0.563511E-01 0.758321E-02 0.318485E-03  0.00000    
  1696.74      500.000     0.476205     0.488133E-02 0.279281E-01 0.226018E-02 0.196536      0.00000     0.320751     0.563511E-01 0.758321E-02 0.318485E-03  0.00000    
  1694.24      500.000     0.473530     0.488130E-02 0.279243E-01 0.222989E-02 0.195226      0.00000     0.316663     0.563511E-01 0.758321E-02 0.318485E-03  0.00000    
  1691.73      500.000     0.470859     0.488127E-02 0.279206E-01 0.219982E-02 0.193909      0.00000     0.312591     0.563511E-01 0.758321E-02 0.318485E-03  0.00000    
  1689.22      500.000     0.467077     0.488122E-02 0.279153E-01 0.215744E-02 0.192032      0.00000     0.306835     0.563511E-01 0.758321E-02 0.318485E-03  0.00000    
  1686.72      500.000     0.465551     0.488120E-02 0.279131E-01 0.214050E-02 0.191270      0.00000     0.304520     0.563511E-01 0.758321E-02 0.318485E-03  0.00000    
  1684.21      500.000     0.462906     0.488117E-02 0.279093E-01 0.211119E-02 0.189939      0.00000     0.300513     0.563511E-01 0.758321E-02 0.318485E-03  0.00000    
  1681.70      500.000     0.460281     0.488113E-02 0.279056E-01 0.208223E-02 0.188613      0.00000     0.296543     0.563511E-01 0.758321E-02 0.318485E-03  0.00000    
  1679.20      500.000     0.457667     0.488110E-02 0.279019E-01 0.205355E-02 0.187286      0.00000     0.292598     0.563511E-01 0.758321E-02 0.318485E-03  0.00000    
  1676.69      500.000     0.455061     0.488107E-02 0.278982E-01 0.202512E-02 0.185949      0.00000     0.288676     0.563511E-01 0.758321E-02 0.318485E-03  0.00000    
  1674.19      500.000     0.452460     0.488103E-02 0.278945E-01 0.199689E-02 0.184608      0.00000     0.284771     0.563511E-01 0.758321E-02 0.318485E-03  0.00000    
  1671.68      500.000     0.449575     0.488100E-02 0.278901E-01 0.196419E-02 0.183113      0.00000     0.280443     0.563511E-01 0.758321E-02 0.318485E-03  0.00000    
  1669.17      500.000     0.447309     0.488097E-02 0.278871E-01 0.194137E-02 0.181928      0.00000     0.277061     0.563511E-01 0.758321E-02 0.318485E-03  0.00000    
  1666.67      500.000     0.444750     0.488094E-02 0.278834E-01 0.191399E-02 0.180582      0.00000     0.273244     0.563511E-01 0.758321E-02 0.318485E-03  0.00000    
  1664.16      500.000     0.442407     0.488091E-02 0.278800E-01 0.188904E-02 0.179341      0.00000     0.269760     0.563511E-01 0.758321E-02 0.318485E-03  0.00000    
  1661.65      500.000     0.439666     0.488088E-02 0.278760E-01 0.186001E-02 0.177880      0.00000     0.265692     0.563511E-01 0.758321E-02 0.318485E-03  0.00000    
  1659.15      500.000     0.436753     0.488084E-02 0.278718E-01 0.182925E-02 0.176321      0.00000     0.261376     0.563511E-01 0.758321E-02 0.318485E-03  0.00000    
  1656.64      500.000     0.434640     0.488081E-02 0.278687E-01 0.180704E-02 0.175185      0.00000     0.258250     0.563511E-01 0.758321E-02 0.318485E-03  0.00000    
  1654.14      500.000     0.432151     0.488077E-02 0.278651E-01 0.178102E-02 0.173834      0.00000     0.254582     0.563511E-01 0.758321E-02 0.318485E-03  0.00000    
  1651.63      500.000     0.429675     0.488074E-02 0.278613E-01 0.175517E-02 0.172490      0.00000     0.250933     0.563511E-01 0.758321E-02 0.318485E-03  0.00000    
  1649.12      500.000     0.427217     0.488071E-02 0.278576E-01 0.172969E-02 0.171137      0.00000     0.247329     0.563511E-01 0.758321E-02 0.318485E-03  0.00000    
  1646.62      500.000     0.424769     0.488067E-02 0.278539E-01 0.170440E-02 0.169782      0.00000     0.243747     0.563511E-01 0.758321E-02 0.318485E-03  0.00000    
  1644.11      500.000     0.422342     0.488064E-02 0.278503E-01 0.167943E-02 0.168432      0.00000     0.240205     0.563511E-01 0.758321E-02 0.318485E-03  0.00000    
  1641.60      500.000     0.419929     0.488060E-02 0.278466E-01 0.165463E-02 0.167087      0.00000     0.236682     0.563511E-01 0.758321E-02 0.318485E-03  0.00000    
  1639.10      500.000     0.417539     0.488057E-02 0.278430E-01 0.163022E-02 0.165740      0.00000     0.233211     0.563511E-01 0.758321E-02 0.318485E-03  0.00000    
  1636.59      500.000     0.415124     0.488053E-02 0.278393E-01 0.160560E-02 0.164374      0.00000     0.229708     0.563511E-01 0.758321E-02 0.318485E-03  0.00000    
  1634.09      500.000     0.412798     0.488050E-02 0.278356E-01 0.158200E-02 0.163048      0.00000     0.226344     0.563511E-01 0.758321E-02 0.318485E-03  0.00000    
  1631.58      500.000     0.410462     0.488046E-02 0.278320E-01 0.155836E-02 0.161709      0.00000     0.222972     0.563511E-01 0.758321E-02 0.318485E-03  0.00000    
  1629.07      500.000     0.408134     0.488043E-02 0.278284E-01 0.153483E-02 0.160371      0.00000     0.219617     0.563511E-01 0.758321E-02 0.318485E-03  0.00000    
  1626.57      500.000     0.405844     0.488039E-02 0.278248E-01 0.151179E-02 0.159043      0.00000     0.216327     0.563511E-01 0.758321E-02 0.318485E-03  0.00000    
  1624.06      500.000     0.403561     0.488036E-02 0.278211E-01 0.148889E-02 0.157712      0.00000     0.213056     0.563511E-01 0.758321E-02 0.318485E-03  0.00000    
  1621.55      500.000     0.401296     0.488032E-02 0.278175E-01 0.146624E-02 0.156380      0.00000     0.209823     0.563511E-01 0.758321E-02 0.318485E-03  0.00000    
  1619.05      500.000     0.399060     0.488029E-02 0.278139E-01 0.144391E-02 0.155061      0.00000     0.206631     0.563511E-01 0.758321E-02 0.318485E-03  0.00000    
  1616.54      500.000     0.396839     0.488025E-02 0.278103E-01 0.142179E-02 0.153743      0.00000     0.203472     0.563511E-01 0.758321E-02 0.318485E-03  0.00000    
  1614.04      500.000     0.394630     0.488021E-02 0.278066E-01 0.139984E-02 0.152424      0.00000     0.200338     0.563511E-01 0.758321E-02 0.318485E-03  0.00000    
  1611.53      500.000     0.393779     0.488020E-02 0.278050E-01 0.139034E-02 0.151915      0.00000     0.199131     0.563511E-01 0.758321E-02 0.318485E-03  0.00000    
  1609.02      500.000     0.390306     0.488014E-02 0.277994E-01 0.135701E-02 0.149823      0.00000     0.194223     0.563511E-01 0.758321E-02 0.318485E-03  0.00000    
  1606.52      500.000     0.388171     0.488011E-02 0.277958E-01 0.133591E-02 0.148526      0.00000     0.191214     0.563511E-01 0.758321E-02 0.318485E-03  0.00000    
  1604.01      500.000     0.386217     0.488007E-02 0.277925E-01 0.131663E-02 0.147336      0.00000     0.188465     0.563511E-01 0.758321E-02 0.318485E-03  0.00000    
  1601.50      500.000     0.383977     0.488004E-02 0.277887E-01 0.129457E-02 0.145964      0.00000     0.185322     0.563511E-01 0.758321E-02 0.318485E-03  0.00000    
  1599.00      500.000     0.381911     0.488000E-02 0.277851E-01 0.127426E-02 0.144690      0.00000     0.182430     0.563511E-01 0.758321E-02 0.318485E-03  0.00000    
  1596.49      500.000     0.379868     0.487996E-02 0.277815E-01 0.125420E-02 0.143425      0.00000     0.179578     0.563511E-01 0.758321E-02 0.318485E-03  0.00000    
  1593.98      500.000     0.377847     0.487992E-02 0.277779E-01 0.123437E-02 0.142167      0.00000     0.176761     0.563511E-01 0.758321E-02 0.318485E-03  0.00000    
  1591.48      500.000     0.375844     0.487989E-02 0.277744E-01 0.121480E-02 0.140907      0.00000     0.173984     0.563511E-01 0.758321E-02 0.318485E-03  0.00000    
  1588.97      500.000     0.373866     0.487985E-02 0.277709E-01 0.119542E-02 0.139666      0.00000     0.171237     0.563511E-01 0.758321E-02 0.318485E-03  0.00000    
  1586.47      500.000     0.371926     0.487981E-02 0.277673E-01 0.117647E-02 0.138439      0.00000     0.168554     0.563511E-01 0.758321E-02 0.318485E-03  0.00000    
  1583.96      500.000     0.370000     0.487977E-02 0.277638E-01 0.115767E-02 0.137213      0.00000     0.165896     0.563511E-01 0.758321E-02 0.318485E-03  0.00000    
  1581.45      500.000     0.368076     0.487973E-02 0.277603E-01 0.113886E-02 0.135988      0.00000     0.163243     0.563511E-01 0.758321E-02 0.318485E-03  0.00000    
  1578.95      500.000     0.366217     0.487970E-02 0.277568E-01 0.112077E-02 0.134793      0.00000     0.160690     0.563511E-01 0.758321E-02 0.318485E-03  0.00000    
  1576.44      500.000     0.364361     0.487966E-02 0.277533E-01 0.110270E-02 0.133595      0.00000     0.158146     0.563511E-01 0.758321E-02 0.318485E-03  0.00000    
  1573.93      500.000     0.362521     0.487962E-02 0.277498E-01 0.108480E-02 0.132399      0.00000     0.155633     0.563511E-01 0.758321E-02 0.318485E-03  0.00000    
  1571.43      500.000     0.360716     0.487958E-02 0.277463E-01 0.106725E-02 0.131222      0.00000     0.153170     0.563511E-01 0.758321E-02 0.318485E-03  0.00000    
  1568.92      500.000     0.358928     0.487954E-02 0.277428E-01 0.104989E-02 0.130049      0.00000     0.150741     0.563511E-01 0.758321E-02 0.318485E-03  0.00000    
  1566.42      500.000     0.357164     0.487951E-02 0.277393E-01 0.103277E-02 0.128885      0.00000     0.148348     0.563511E-01 0.758321E-02 0.318485E-03  0.00000    
  1563.91      500.000     0.355423     0.487947E-02 0.277358E-01 0.101586E-02 0.127734      0.00000     0.145988     0.563511E-01 0.758321E-02 0.318485E-03  0.00000    
  1561.40      500.000     0.353706     0.487943E-02 0.277323E-01 0.999203E-03 0.126592      0.00000     0.143669     0.563511E-01 0.758321E-02 0.318485E-03  0.00000    
  1558.90      500.000     0.350329     0.487936E-02 0.277251E-01 0.966161E-03 0.124300      0.00000     0.139154     0.563511E-01 0.758321E-02 0.318485E-03  0.00000    
  1556.39      500.000     0.350325     0.487936E-02 0.277247E-01 0.963952E-03 0.124294      0.00000     0.139147     0.563511E-01 0.758321E-02 0.318485E-03  0.00000    
  1553.88      500.000     0.349242     0.487934E-02 0.277230E-01 0.956091E-03 0.123556      0.00000     0.137707     0.563511E-01 0.758321E-02 0.318485E-03  0.00000    
  1551.38      500.000     0.347278     0.487929E-02 0.277187E-01 0.936771E-03 0.122230      0.00000     0.135073     0.563511E-01 0.758321E-02 0.318485E-03  0.00000    
  1548.87      500.000     0.345442     0.487925E-02 0.277149E-01 0.919351E-03 0.120978      0.00000     0.132623     0.563511E-01 0.758321E-02 0.318485E-03  0.00000    
  1546.37      500.000     0.343170     0.487921E-02 0.277093E-01 0.897043E-03 0.119376      0.00000     0.129644     0.563511E-01 0.758321E-02 0.318485E-03  0.00000    
  1543.86      500.000     0.342281     0.487919E-02 0.277075E-01 0.889026E-03 0.118766      0.00000     0.128464     0.563511E-01 0.758321E-02 0.318485E-03  0.00000    
  1541.35      500.000     0.340743     0.487915E-02 0.277041E-01 0.874153E-03 0.117702      0.00000     0.126427     0.563511E-01 0.758321E-02 0.318485E-03  0.00000    
  1538.85      500.000     0.339222     0.487911E-02 0.277007E-01 0.859468E-03 0.116643      0.00000     0.124420     0.563511E-01 0.758321E-02 0.318485E-03  0.00000    
  1536.34      500.000     0.337652     0.487907E-02 0.276971E-01 0.844267E-03 0.115550      0.00000     0.122346     0.563511E-01 0.758321E-02 0.318485E-03  0.00000    
  1533.83      500.000     0.336257     0.487903E-02 0.276939E-01 0.830797E-03 0.114573      0.00000     0.120512     0.563511E-01 0.758321E-02 0.318485E-03  0.00000    
  1531.33      500.000     0.334804     0.487899E-02 0.276906E-01 0.816764E-03 0.113548      0.00000     0.118606     0.563511E-01 0.758321E-02 0.318485E-03  0.00000    
  1528.82      500.000     0.333369     0.487895E-02 0.276872E-01 0.802928E-03 0.112530      0.00000     0.116731     0.563511E-01 0.758321E-02 0.318485E-03  0.00000    
  1526.32      500.000     0.331956     0.487891E-02 0.276839E-01 0.789299E-03 0.111526      0.00000     0.114887     0.563511E-01 0.758321E-02 0.318485E-03  0.00000    
  1523.81      500.000     0.330564     0.487887E-02 0.276806E-01 0.775876E-03 0.110532      0.00000     0.113075     0.563511E-01 0.758321E-02 0.318485E-03  0.00000    
  1521.30      500.000     0.329190     0.487883E-02 0.276772E-01 0.762635E-03 0.109545      0.00000     0.111291     0.563511E-01 0.758321E-02 0.318485E-03  0.00000    
  1518.80      500.000     0.327126     0.487853E-02 0.276531E-01 0.747504E-03 0.108528      0.00000     0.109315     0.563203E-01 0.758284E-02 0.318485E-03  0.00000    
  1516.29      500.000     0.323655     0.487761E-02 0.275841E-01 0.715833E-03 0.107424      0.00000     0.106914     0.562250E-01 0.758168E-02 0.318485E-03  0.00000    
  1513.78      500.000     0.320254     0.487668E-02 0.275161E-01 0.685542E-03 0.106341      0.00000     0.104576     0.561298E-01 0.758056E-02 0.318485E-03  0.00000    
  1511.28      500.000     0.316932     0.487576E-02 0.274497E-01 0.656020E-03 0.105275      0.00000     0.102300     0.560340E-01 0.757944E-02 0.318485E-03  0.00000    
  1508.77      500.000     0.313669     0.487480E-02 0.273844E-01 0.627628E-03 0.104224      0.00000     0.100077     0.559382E-01 0.757834E-02 0.318485E-03  0.00000    
  1506.27      500.000     0.310483     0.487384E-02 0.273201E-01 0.600480E-03 0.103193      0.00000     0.979189E-01 0.558429E-01 0.757728E-02 0.318485E-03  0.00000    
  1503.76      500.000     0.307383     0.487289E-02 0.272573E-01 0.573578E-03 0.102185      0.00000     0.958145E-01 0.557467E-01 0.757621E-02 0.318485E-03  0.00000    
  1501.25      500.000     0.304327     0.487189E-02 0.271960E-01 0.547948E-03 0.101187      0.00000     0.937582E-01 0.556500E-01 0.757515E-02 0.318485E-03  0.00000    
  1498.75      500.000     0.301325     0.487089E-02 0.271361E-01 0.523948E-03 0.100212      0.00000     0.917511E-01 0.555529E-01 0.757409E-02 0.318485E-03  0.00000    
  1496.24      500.000     0.298406     0.486989E-02 0.270761E-01 0.499446E-03 0.992472E-01  0.00000     0.897970E-01 0.554565E-01 0.757306E-02 0.318485E-03  0.00000    
  1493.73      500.000     0.295560     0.486886E-02 0.270177E-01 0.475897E-03 0.983011E-01  0.00000     0.878989E-01 0.553603E-01 0.757205E-02 0.318485E-03  0.00000    
  1491.23      500.000     0.292738     0.486781E-02 0.269606E-01 0.453793E-03 0.973678E-01  0.00000     0.860350E-01 0.552625E-01 0.757103E-02 0.318485E-03  0.00000    
  1488.72      500.000     0.289984     0.486677E-02 0.269041E-01 0.432037E-03 0.964489E-01  0.00000     0.842184E-01 0.551633E-01 0.757005E-02 0.318485E-03  0.00000    
  1486.22      500.000     0.287293     0.486571E-02 0.268498E-01 0.411682E-03 0.955406E-01  0.00000     0.824421E-01 0.550658E-01 0.756908E-02 0.318485E-03  0.00000    
  1483.71      500.000     0.284622     0.486462E-02 0.267947E-01 0.391371E-03 0.946537E-01  0.00000     0.807139E-01 0.549649E-01 0.756809E-02 0.318485E-03  0.00000    
  1481.20      500.000     0.282014     0.486352E-02 0.267411E-01 0.372080E-03 0.937752E-01  0.00000     0.790217E-01 0.548654E-01 0.756712E-02 0.318485E-03  0.00000    
  1478.70      500.000     0.279455     0.486241E-02 0.266886E-01 0.353388E-03 0.929085E-01  0.00000     0.773690E-01 0.547645E-01 0.756615E-02 0.318485E-03  0.00000    
  1476.19      500.000     0.276846     0.485364E-02 0.266372E-01 0.338222E-03 0.920224E-01  0.00000     0.757049E-01 0.546516E-01 0.756344E-02 0.318369E-03  0.00000    
  1473.68      500.000     0.273771     0.480772E-02 0.265847E-01 0.336175E-03 0.909911E-01  0.00000     0.738341E-01 0.544750E-01 0.755221E-02 0.317677E-03  0.00000    
  1471.18      500.000     0.270741     0.476221E-02 0.265325E-01 0.334158E-03 0.899685E-01  0.00000     0.720046E-01 0.542948E-01 0.754096E-02 0.317016E-03  0.00000    
  1468.67      500.000     0.267756     0.471706E-02 0.264804E-01 0.331997E-03 0.889578E-01  0.00000     0.702111E-01 0.541115E-01 0.752972E-02 0.316312E-03  0.00000    
  1466.17      500.000     0.264811     0.467219E-02 0.264282E-01 0.329857E-03 0.879557E-01  0.00000     0.684543E-01 0.539220E-01 0.751850E-02 0.315645E-03  0.00000    
  1463.66      500.000     0.261900     0.462763E-02 0.263759E-01 0.327587E-03 0.869575E-01  0.00000     0.667313E-01 0.537306E-01 0.750727E-02 0.314961E-03  0.00000    
  1461.15      500.000     0.259015     0.458350E-02 0.263239E-01 0.325285E-03 0.859693E-01  0.00000     0.650348E-01 0.535288E-01 0.749586E-02 0.314307E-03  0.00000    
  1458.65      500.000     0.256174     0.453956E-02 0.262711E-01 0.322813E-03 0.849933E-01  0.00000     0.633741E-01 0.533226E-01 0.748467E-02 0.313663E-03  0.00000    
  1456.14      500.000     0.253354     0.449595E-02 0.262185E-01 0.320337E-03 0.840165E-01  0.00000     0.617410E-01 0.531101E-01 0.747340E-02 0.312971E-03  0.00000    
  1453.63      500.000     0.250552     0.445246E-02 0.261655E-01 0.317742E-03 0.830443E-01  0.00000     0.601323E-01 0.528883E-01 0.746199E-02 0.312289E-03  0.00000    
  1451.13      500.000     0.247765     0.440965E-02 0.261125E-01 0.315087E-03 0.820724E-01  0.00000     0.585494E-01 0.526558E-01 0.745059E-02 0.311606E-03  0.00000    
  1448.62      500.000     0.244990     0.436708E-02 0.260589E-01 0.312271E-03 0.810995E-01  0.00000     0.569872E-01 0.524148E-01 0.743910E-02 0.310920E-03  0.00000    
  1446.12      500.000     0.242225     0.432479E-02 0.260049E-01 0.309364E-03 0.801294E-01  0.00000     0.554482E-01 0.521598E-01 0.742744E-02 0.310204E-03  0.00000    
  1443.61      500.000     0.239445     0.428268E-02 0.259497E-01 0.306309E-03 0.791534E-01  0.00000     0.539184E-01 0.518860E-01 0.741566E-02 0.309509E-03  0.00000    
  1441.10      500.000     0.236662     0.424098E-02 0.258942E-01 0.303047E-03 0.781754E-01  0.00000     0.524046E-01 0.515973E-01 0.740351E-02 0.308771E-03  0.00000    
  1438.60      500.000     0.233456     0.420303E-02 0.258322E-01 0.297179E-03 0.771309E-01  0.00000     0.507851E-01 0.510657E-01 0.738849E-02 0.307879E-03  0.00000    
  1436.09      500.000     0.229486     0.417363E-02 0.257591E-01 0.286389E-03 0.759903E-01  0.00000     0.489827E-01 0.500658E-01 0.736781E-02 0.306671E-03  0.00000    
  1433.58      500.000     0.225634     0.414408E-02 0.256853E-01 0.275888E-03 0.748729E-01  0.00000     0.472441E-01 0.490938E-01 0.734773E-02 0.305507E-03  0.00000    
  1431.08      500.000     0.221904     0.411433E-02 0.256099E-01 0.263533E-03 0.737745E-01  0.00000     0.455708E-01 0.481533E-01 0.732832E-02 0.304366E-03  0.00000    
  1428.57      500.000     0.218287     0.408472E-02 0.255343E-01 0.251217E-03 0.726954E-01  0.00000     0.439605E-01 0.472406E-01 0.730942E-02 0.303229E-03  0.00000    
  1426.07      500.000     0.214776     0.405519E-02 0.254584E-01 0.239457E-03 0.716368E-01  0.00000     0.424092E-01 0.463533E-01 0.729105E-02 0.302142E-03  0.00000    
  1423.56      500.000     0.211358     0.402593E-02 0.253822E-01 0.228195E-03 0.705949E-01  0.00000     0.409105E-01 0.454879E-01 0.727330E-02 0.301109E-03  0.00000    
  1421.05      500.000     0.208062     0.399651E-02 0.253060E-01 0.217508E-03 0.695806E-01  0.00000     0.394745E-01 0.446522E-01 0.725605E-02 0.300078E-03  0.00000    
  1418.55      500.000     0.204848     0.396695E-02 0.252292E-01 0.207268E-03 0.685814E-01  0.00000     0.380855E-01 0.438361E-01 0.723917E-02 0.299074E-03  0.00000    
  1416.04      500.000     0.201724     0.393737E-02 0.251521E-01 0.197483E-03 0.675990E-01  0.00000     0.367458E-01 0.430413E-01 0.722269E-02 0.298096E-03  0.00000    
  1413.53      500.000     0.198687     0.390775E-02 0.250747E-01 0.188134E-03 0.666349E-01  0.00000     0.354535E-01 0.422676E-01 0.720663E-02 0.297144E-03  0.00000    
  1411.03      500.000     0.195733     0.387827E-02 0.249974E-01 0.179202E-03 0.656869E-01  0.00000     0.342069E-01 0.415141E-01 0.719092E-02 0.296213E-03  0.00000    
  1408.52      500.000     0.192859     0.384867E-02 0.249194E-01 0.170665E-03 0.647558E-01  0.00000     0.330030E-01 0.407795E-01 0.717563E-02 0.295316E-03  0.00000    
  1406.02      500.000     0.190063     0.381918E-02 0.248413E-01 0.162508E-03 0.638397E-01  0.00000     0.318414E-01 0.400636E-01 0.716069E-02 0.294413E-03  0.00000    
  1403.51      500.000     0.187339     0.378967E-02 0.247628E-01 0.154714E-03 0.629387E-01  0.00000     0.307194E-01 0.393653E-01 0.714608E-02 0.293555E-03  0.00000    
  1401.00      500.000     0.184684     0.376031E-02 0.246841E-01 0.147257E-03 0.620500E-01  0.00000     0.296359E-01 0.386837E-01 0.713178E-02 0.292706E-03  0.00000    
  1398.50      500.000     0.182099     0.373084E-02 0.246050E-01 0.140135E-03 0.611766E-01  0.00000     0.285893E-01 0.380187E-01 0.711779E-02 0.291878E-03  0.00000    
  1395.99      500.000     0.179579     0.370137E-02 0.245256E-01 0.133325E-03 0.603164E-01  0.00000     0.275779E-01 0.373696E-01 0.710404E-02 0.291068E-03  0.00000    
  1393.48      500.000     0.177120     0.367187E-02 0.244457E-01 0.126811E-03 0.594692E-01  0.00000     0.265994E-01 0.367350E-01 0.709065E-02 0.290275E-03  0.00000    
  1390.98      500.000     0.174724     0.364251E-02 0.243657E-01 0.120590E-03 0.586339E-01  0.00000     0.256551E-01 0.361159E-01 0.707743E-02 0.289499E-03  0.00000    
  1388.47      500.000     0.172385     0.361324E-02 0.242853E-01 0.114640E-03 0.578110E-01  0.00000     0.247416E-01 0.355107E-01 0.706445E-02 0.288742E-03  0.00000    
  1385.96      500.000     0.168914     0.356856E-02 0.239213E-01 0.108208E-03 0.567076E-01  0.00000     0.235647E-01 0.345698E-01 0.704831E-02 0.287802E-03  0.00000    
  1383.46      500.000     0.164078     0.350555E-02 0.232114E-01 0.101014E-03 0.552590E-01  0.00000     0.220855E-01 0.332250E-01 0.702777E-02 0.286616E-03  0.00000    
  1380.95      500.000     0.159494     0.344544E-02 0.225390E-01 0.941864E-04 0.538642E-01  0.00000     0.207063E-01 0.319514E-01 0.700732E-02 0.285425E-03  0.00000    
  1378.45      500.000     0.155129     0.338778E-02 0.218997E-01 0.881272E-04 0.525158E-01  0.00000     0.194155E-01 0.307387E-01 0.698690E-02 0.284259E-03  0.00000    
  1375.94      500.000     0.150995     0.333269E-02 0.212952E-01 0.823209E-04 0.512166E-01  0.00000     0.182152E-01 0.295922E-01 0.696670E-02 0.283080E-03  0.00000    
  1373.43      500.000     0.147049     0.327958E-02 0.207190E-01 0.769488E-04 0.499574E-01  0.00000     0.170898E-01 0.284984E-01 0.694650E-02 0.281906E-03  0.00000    
  1370.93      500.000     0.143288     0.322862E-02 0.201704E-01 0.718230E-04 0.487378E-01  0.00000     0.160366E-01 0.274571E-01 0.692634E-02 0.280744E-03  0.00000    
  1368.42      500.000     0.139701     0.317964E-02 0.196482E-01 0.670196E-04 0.475587E-01  0.00000     0.150501E-01 0.264655E-01 0.690622E-02 0.279585E-03  0.00000    
  1365.91      500.000     0.136268     0.313244E-02 0.191494E-01 0.625814E-04 0.464114E-01  0.00000     0.141250E-01 0.255176E-01 0.688612E-02 0.278421E-03  0.00000    
  1363.41      500.000     0.132979     0.308690E-02 0.186726E-01 0.585320E-04 0.452950E-01  0.00000     0.132564E-01 0.246105E-01 0.686605E-02 0.277233E-03  0.00000    
  1360.90      500.000     0.129839     0.304298E-02 0.182183E-01 0.546510E-04 0.442141E-01  0.00000     0.124427E-01 0.237458E-01 0.684597E-02 0.276082E-03  0.00000    
  1358.40      500.000     0.126826     0.300047E-02 0.177832E-01 0.510276E-04 0.431618E-01  0.00000     0.116776E-01 0.229174E-01 0.682584E-02 0.274927E-03  0.00000    
  1355.89      500.000     0.123922     0.295918E-02 0.173643E-01 0.475135E-04 0.421284E-01  0.00000     0.109561E-01 0.221195E-01 0.680576E-02 0.273709E-03  0.00000    
  1353.38      500.000     0.121203     0.292561E-02 0.169643E-01 0.444155E-04 0.410887E-01  0.00000     0.102792E-01 0.213563E-01 0.678684E-02 0.272650E-03  0.00000    
  1350.88      500.000     0.118725     0.291405E-02 0.165688E-01 0.415610E-04 0.399070E-01  0.00000     0.963167E-02 0.205984E-01 0.677214E-02 0.271826E-03  0.00000    
  1348.37      500.000     0.116355     0.290329E-02 0.161908E-01 0.388801E-04 0.387584E-01  0.00000     0.902575E-02 0.198726E-01 0.675753E-02 0.271016E-03  0.00000    
  1345.86      500.000     0.114081     0.289277E-02 0.158288E-01 0.362955E-04 0.376418E-01  0.00000     0.845777E-02 0.191771E-01 0.674289E-02 0.270190E-03  0.00000    
  1343.36      500.000     0.111897     0.288256E-02 0.154822E-01 0.339293E-04 0.365557E-01  0.00000     0.792556E-02 0.185098E-01 0.672823E-02 0.269378E-03  0.00000    
  1340.85      500.000     0.109795     0.287238E-02 0.151491E-01 0.316101E-04 0.354961E-01  0.00000     0.742585E-02 0.178681E-01 0.671354E-02 0.268534E-03  0.00000    
  1338.35      500.000     0.107784     0.286252E-02 0.148316E-01 0.294695E-04 0.344728E-01  0.00000     0.695867E-02 0.172556E-01 0.669885E-02 0.267725E-03  0.00000    
  1335.84      500.000     0.105847     0.285265E-02 0.145270E-01 0.275228E-04 0.334797E-01  0.00000     0.651894E-02 0.166674E-01 0.668409E-02 0.266913E-03  0.00000    
  1333.33      500.000     0.103983     0.284296E-02 0.142347E-01 0.257659E-04 0.325140E-01  0.00000     0.610598E-02 0.161019E-01 0.666928E-02 0.266100E-03  0.00000    
  1330.83      500.000     0.102188     0.283327E-02 0.139544E-01 0.240893E-04 0.315764E-01  0.00000     0.571846E-02 0.155589E-01 0.665442E-02 0.265280E-03  0.00000    
  1328.32      500.000     0.100460     0.282372E-02 0.136850E-01 0.224773E-04 0.306631E-01  0.00000     0.535491E-02 0.150363E-01 0.663947E-02 0.264475E-03  0.00000    
  1325.81      500.000     0.987966E-01 0.281427E-02 0.134269E-01 0.209628E-04 0.297781E-01  0.00000     0.501352E-02 0.145346E-01 0.662449E-02 0.263658E-03  0.00000    
  1323.31      500.000     0.971932E-01 0.280500E-02 0.131786E-01 0.194985E-04 0.289162E-01  0.00000     0.469324E-02 0.140514E-01 0.660945E-02 0.262838E-03  0.00000    
  1320.80      500.000     0.956384E-01 0.279289E-02 0.129386E-01 0.181592E-04 0.280697E-01  0.00000     0.439226E-02 0.135823E-01 0.659418E-02 0.261993E-03  0.00000    
  1318.30      500.000     0.940724E-01 0.273344E-02 0.126909E-01 0.156125E-04 0.271436E-01  0.00000     0.410638E-02 0.130924E-01 0.657729E-02 0.261079E-03  0.00000    
  1315.79      500.000     0.925199E-01 0.264548E-02 0.124427E-01 0.130367E-04 0.261853E-01  0.00000     0.383526E-02 0.125969E-01 0.655926E-02 0.260094E-03  0.00000    
  1313.28      500.000     0.910226E-01 0.255701E-02 0.122038E-01 0.108734E-04 0.252511E-01  0.00000     0.358217E-02 0.121175E-01 0.654108E-02 0.259121E-03  0.00000    
  1310.78      500.000     0.895807E-01 0.246865E-02 0.119745E-01 0.915381E-05 0.243451E-01  0.00000     0.334534E-02 0.116552E-01 0.652284E-02 0.258145E-03  0.00000    
  1308.27      500.000     0.881968E-01 0.238234E-02 0.117551E-01 0.773387E-05 0.234708E-01  0.00000     0.312415E-02 0.112116E-01 0.650463E-02 0.257180E-03  0.00000    
  1305.76      500.000     0.868695E-01 0.229876E-02 0.115450E-01 0.657836E-05 0.226263E-01  0.00000     0.291819E-02 0.107857E-01 0.648650E-02 0.256220E-03  0.00000    
  1303.26      500.000     0.855962E-01 0.221809E-02 0.113442E-01 0.564986E-05 0.218135E-01  0.00000     0.272591E-02 0.103775E-01 0.646846E-02 0.255266E-03  0.00000    
  1300.75      500.000     0.843760E-01 0.214075E-02 0.111524E-01 0.486537E-05 0.210322E-01  0.00000     0.254657E-02 0.998724E-02 0.645059E-02 0.254327E-03  0.00000    
  1298.25      500.000     0.832066E-01 0.206675E-02 0.109690E-01 0.421213E-05 0.202806E-01  0.00000     0.237939E-02 0.961370E-02 0.643288E-02 0.253397E-03  0.00000    
  1295.74      500.000     0.820854E-01 0.199611E-02 0.107936E-01 0.366279E-05 0.195575E-01  0.00000     0.222372E-02 0.925607E-02 0.641535E-02 0.252474E-03  0.00000    
  1293.23      500.000     0.810112E-01 0.192866E-02 0.106260E-01 0.319157E-05 0.188633E-01  0.00000     0.207836E-02 0.891427E-02 0.639800E-02 0.251569E-03  0.00000    
  1290.73      500.000     0.799803E-01 0.186428E-02 0.104656E-01 0.281042E-05 0.181951E-01  0.00000     0.194295E-02 0.858674E-02 0.638082E-02 0.250671E-03  0.00000    
  1288.22      500.000     0.789925E-01 0.180291E-02 0.103122E-01 0.248191E-05 0.175534E-01  0.00000     0.181656E-02 0.827354E-02 0.636384E-02 0.249791E-03  0.00000    
  1285.71      500.000     0.780442E-01 0.174448E-02 0.101653E-01 0.218700E-05 0.169359E-01  0.00000     0.169887E-02 0.797359E-02 0.634705E-02 0.248924E-03  0.00000    
  1283.21      500.000     0.771341E-01 0.168873E-02 0.100248E-01 0.193789E-05 0.163426E-01  0.00000     0.158896E-02 0.768650E-02 0.633046E-02 0.248072E-03  0.00000    
  1280.70      500.000     0.762607E-01 0.163557E-02 0.989011E-02 0.171946E-05 0.157719E-01  0.00000     0.148644E-02 0.741151E-02 0.631406E-02 0.247232E-03  0.00000    
  1278.20      500.000     0.754220E-01 0.158488E-02 0.976115E-02 0.152609E-05 0.152235E-01  0.00000     0.139070E-02 0.714824E-02 0.629786E-02 0.246409E-03  0.00000    
  1275.69      500.000     0.746162E-01 0.153649E-02 0.963749E-02 0.136387E-05 0.146957E-01  0.00000     0.130135E-02 0.689585E-02 0.628186E-02 0.245592E-03  0.00000    
  1273.18      500.000     0.738416E-01 0.149039E-02 0.951891E-02 0.121544E-05 0.141876E-01  0.00000     0.121810E-02 0.665387E-02 0.626604E-02 0.244801E-03  0.00000    
  1270.68      500.000     0.730970E-01 0.144631E-02 0.940521E-02 0.107969E-05 0.136996E-01  0.00000     0.114014E-02 0.642219E-02 0.625043E-02 0.244022E-03  0.00000    
  1268.17      500.000     0.723809E-01 0.140430E-02 0.929601E-02 0.956602E-06 0.132290E-01  0.00000     0.106759E-02 0.619967E-02 0.623500E-02 0.243242E-03  0.00000    
  1265.66      500.000     0.716921E-01 0.136415E-02 0.919127E-02 0.854973E-06 0.127765E-01  0.00000     0.999762E-03 0.598638E-02 0.621977E-02 0.242484E-03  0.00000    
  1263.16      500.000     0.710287E-01 0.132584E-02 0.909061E-02 0.761551E-06 0.123404E-01  0.00000     0.936559E-03 0.578153E-02 0.620472E-02 0.241737E-03  0.00000    
  1260.65      500.000     0.703900E-01 0.128909E-02 0.899389E-02 0.682446E-06 0.119210E-01  0.00000     0.877257E-03 0.558506E-02 0.618987E-02 0.240996E-03  0.00000    
  1258.15      500.000     0.697756E-01 0.125411E-02 0.890104E-02 0.598342E-06 0.115172E-01  0.00000     0.822077E-03 0.539661E-02 0.617523E-02 0.240273E-03  0.00000    
  1255.64      500.000     0.647829E-01 0.111843E-02 0.808256E-02 0.437370E-06 0.103483E-01  0.00000     0.676743E-03 0.484213E-02 0.560212E-02 0.233290E-03  0.00000    
  1253.13      500.000     0.599544E-01 0.978755E-03 0.729900E-02 0.334259E-06 0.926906E-02  0.00000     0.542512E-03 0.433205E-02 0.504951E-02 0.226221E-03  0.00000    
  1250.63      500.000     0.559076E-01 0.862757E-03 0.664286E-02 0.257014E-06 0.835527E-02  0.00000     0.438210E-03 0.390455E-02 0.458745E-02 0.219912E-03  0.00000    
  1248.12      500.000     0.524704E-01 0.765204E-03 0.608590E-02 0.213197E-06 0.757183E-02  0.00000     0.356177E-03 0.354155E-02 0.419563E-02 0.214258E-03  0.00000    
  1245.61      500.000     0.495167E-01 0.682313E-03 0.560775E-02 0.168186E-06 0.689451E-02  0.00000     0.290696E-03 0.323034E-02 0.385943E-02 0.209140E-03  0.00000    
  1243.11      500.000     0.469529E-01 0.611262E-03 0.519303E-02 0.131526E-06 0.630320E-02  0.00000     0.238128E-03 0.296097E-02 0.356785E-02 0.204505E-03  0.00000    
  1240.60      500.000     0.447036E-01 0.549799E-03 0.482955E-02 0.105229E-06 0.578070E-02  0.00000     0.195976E-03 0.272485E-02 0.331222E-02 0.200238E-03  0.00000    
  1238.10      500.000     0.427218E-01 0.496427E-03 0.450955E-02 0.843470E-07 0.531943E-02  0.00000     0.161457E-03 0.251794E-02 0.308703E-02 0.196317E-03  0.00000    
  1235.59      500.000     0.409617E-01 0.449771E-03 0.422563E-02 0.699537E-07 0.490854E-02  0.00000     0.133306E-03 0.233489E-02 0.288703E-02 0.192690E-03  0.00000    
  1233.08      500.000     0.393897E-01 0.408790E-03 0.397231E-02 0.593662E-07 0.454110E-02  0.00000     0.110166E-03 0.217227E-02 0.270834E-02 0.189316E-03  0.00000    
  1230.58      500.000     0.379709E-01 0.372590E-03 0.374453E-02 0.509226E-07 0.421077E-02  0.00000     0.909697E-04 0.202692E-02 0.254740E-02 0.186153E-03  0.00000    
  1228.07      500.000     0.366744E-01 0.340418E-03 0.353803E-02 0.435479E-07 0.391353E-02  0.00000     0.745998E-04 0.189661E-02 0.240123E-02 0.183142E-03  0.00000    
  1225.56      500.000     0.354959E-01 0.311834E-03 0.335085E-02 0.373474E-07 0.364397E-02  0.00000     0.610899E-04 0.177915E-02 0.226848E-02 0.180308E-03  0.00000    
  1223.06      500.000     0.344188E-01 0.286310E-03 0.318049E-02 0.319874E-07 0.339878E-02  0.00000     0.498864E-04 0.167286E-02 0.214738E-02 0.177626E-03  0.00000    
  1220.55      500.000     0.334296E-01 0.263477E-03 0.302479E-02 0.278600E-07 0.317508E-02  0.00000     0.405775E-04 0.157638E-02 0.203646E-02 0.175083E-03  0.00000    
  1218.05      500.000     0.325162E-01 0.242983E-03 0.288191E-02 0.244611E-07 0.297039E-02  0.00000     0.328289E-04 0.148850E-02 0.193439E-02 0.172655E-03  0.00000    
  1215.54      500.000     0.316679E-01 0.224514E-03 0.275017E-02 0.216281E-07 0.278249E-02  0.00000     0.263590E-04 0.140817E-02 0.184008E-02 0.170324E-03  0.00000    
  1213.03      500.000     0.308801E-01 0.207872E-03 0.262856E-02 0.196529E-07 0.260902E-02  0.00000     0.210552E-04 0.133445E-02 0.175282E-02 0.168097E-03  0.00000    
  1210.53      500.000     0.267663E-01 0.172644E-03 0.224594E-02 0.140399E-07 0.219118E-02  0.00000     0.132708E-04 0.112916E-02 0.148165E-02 0.161277E-03  0.00000    
  1208.02      500.000     0.179652E-01 0.113556E-03 0.150632E-02  0.00000     0.144221E-02  0.00000     0.505781E-05 0.744076E-03 0.963880E-03 0.143385E-03  0.00000    
  1205.51      500.000     0.131297E-01 0.813767E-04 0.110072E-02  0.00000     0.103330E-02  0.00000     0.240305E-05 0.532871E-03 0.682219E-03 0.130545E-03  0.00000    
  1203.01      500.000     0.987056E-02 0.601334E-04 0.827491E-03  0.00000     0.752601E-03  0.00000     0.111033E-05 0.390392E-03 0.494975E-03 0.119383E-03  0.00000    
  1200.50      500.000     0.729564E-02 0.436169E-04 0.610470E-03  0.00000     0.536327E-03  0.00000     0.988623E-06 0.279634E-03 0.348375E-03 0.108218E-03  0.00000    
  1197.99      500.000     0.596886E-02 0.352327E-04 0.501954E-03  0.00000     0.428087E-03  0.00000     0.702648E-07 0.224375E-03 0.276305E-03 0.101249E-03  0.00000    
  1195.49      500.000     0.522584E-02 0.302892E-04 0.438301E-03  0.00000     0.363610E-03  0.00000      0.00000     0.191707E-03 0.234078E-03 0.962531E-04  0.00000    
  1192.98      500.000     0.435416E-02 0.248416E-04 0.365226E-03  0.00000     0.293392E-03  0.00000      0.00000     0.155640E-03 0.187236E-03 0.892742E-04  0.00000    
  1190.48      500.000     0.344158E-02 0.193475E-04 0.289066E-03  0.00000     0.224131E-03  0.00000      0.00000     0.119568E-03 0.140115E-03 0.800260E-04  0.00000    
  1187.97      500.000     0.279134E-02 0.154464E-04 0.234263E-03  0.00000     0.176107E-03  0.00000      0.00000     0.945731E-04 0.108235E-03 0.708407E-04  0.00000    
  1185.46      500.000     0.279134E-02 0.154464E-04 0.234263E-03  0.00000     0.176107E-03  0.00000      0.00000     0.945731E-04 0.108235E-03 0.708407E-04  0.00000    
  1182.96      500.000     0.279134E-02 0.154464E-04 0.234263E-03  0.00000     0.176107E-03  0.00000      0.00000     0.945731E-04 0.108235E-03 0.708407E-04  0.00000    
  1180.45      500.000     0.279134E-02 0.154464E-04 0.234263E-03  0.00000     0.176107E-03  0.00000      0.00000     0.945731E-04 0.108235E-03 0.708407E-04  0.00000    
  1177.94      500.000     0.279134E-02 0.154464E-04 0.234263E-03  0.00000     0.176107E-03  0.00000      0.00000     0.945731E-04 0.108235E-03 0.708407E-04  0.00000    
  1175.44      500.000     0.279134E-02 0.154464E-04 0.234263E-03  0.00000     0.176107E-03  0.00000      0.00000     0.945731E-04 0.108235E-03 0.708407E-04  0.00000    
  1172.93      500.000     0.279134E-02 0.154464E-04 0.234263E-03  0.00000     0.176107E-03  0.00000      0.00000     0.945731E-04 0.108235E-03 0.708407E-04  0.00000    
  1170.43      500.000     0.279134E-02 0.154464E-04 0.234263E-03  0.00000     0.176107E-03  0.00000      0.00000     0.945731E-04 0.108235E-03 0.708407E-04  0.00000    
  1167.92      500.000     0.279134E-02 0.154464E-04 0.234263E-03  0.00000     0.176107E-03  0.00000      0.00000     0.945731E-04 0.108235E-03 0.708407E-04  0.00000    
  1165.41      500.000     0.279134E-02 0.154464E-04 0.234263E-03  0.00000     0.176107E-03  0.00000      0.00000     0.945731E-04 0.108235E-03 0.708407E-04  0.00000    
  1162.91      500.000     0.279134E-02 0.154464E-04 0.234263E-03  0.00000     0.176107E-03  0.00000      0.00000     0.945731E-04 0.108235E-03 0.708407E-04  0.00000    
  1160.40      500.000     0.279134E-02 0.154464E-04 0.234263E-03  0.00000     0.176107E-03  0.00000      0.00000     0.945731E-04 0.108235E-03 0.708407E-04  0.00000    
  1157.89      500.000     0.279134E-02 0.154464E-04 0.234263E-03  0.00000     0.176107E-03  0.00000      0.00000     0.945731E-04 0.108235E-03 0.708407E-04  0.00000    
  1155.39      500.000     0.279134E-02 0.154464E-04 0.234263E-03  0.00000     0.176107E-03  0.00000      0.00000     0.945731E-04 0.108235E-03 0.708407E-04  0.00000    
  1152.88      500.000     0.279134E-02 0.154464E-04 0.234263E-03  0.00000     0.176107E-03  0.00000      0.00000     0.945731E-04 0.108235E-03 0.708407E-04  0.00000    
  1150.38      500.000     0.279134E-02 0.154464E-04 0.234263E-03  0.00000     0.176107E-03  0.00000      0.00000     0.945731E-04 0.108235E-03 0.708407E-04  0.00000    
  1147.87      500.000     0.279134E-02 0.154464E-04 0.234263E-03  0.00000     0.176107E-03  0.00000      0.00000     0.945731E-04 0.108235E-03 0.708407E-04  0.00000    
  1145.36      500.000     0.279134E-02 0.154464E-04 0.234263E-03  0.00000     0.176107E-03  0.00000      0.00000     0.945731E-04 0.108235E-03 0.708407E-04  0.00000    
  1142.86      500.000     0.279134E-02 0.154464E-04 0.234263E-03  0.00000     0.176107E-03  0.00000      0.00000     0.945731E-04 0.108235E-03 0.708407E-04  0.00000    
  1140.35      500.000     0.279134E-02 0.154464E-04 0.234263E-03  0.00000     0.176107E-03  0.00000      0.00000     0.945731E-04 0.108235E-03 0.708407E-04  0.00000    
  1137.84      500.000     0.279134E-02 0.154464E-04 0.234263E-03  0.00000     0.176107E-03  0.00000      0.00000     0.945731E-04 0.108235E-03 0.708407E-04  0.00000    
  1135.34      500.000     0.279134E-02 0.154464E-04 0.234263E-03  0.00000     0.176107E-03  0.00000      0.00000     0.945731E-04 0.108235E-03 0.708407E-04  0.00000    
  1132.83      500.000     0.279134E-02 0.154464E-04 0.234263E-03  0.00000     0.176107E-03  0.00000      0.00000     0.945731E-04 0.108235E-03 0.708407E-04  0.00000    
  1130.33      500.000     0.279134E-02 0.154464E-04 0.234263E-03  0.00000     0.176107E-03  0.00000      0.00000     0.945731E-04 0.108235E-03 0.708407E-04  0.00000    
  1127.82      500.000     0.279134E-02 0.154464E-04 0.234263E-03  0.00000     0.176107E-03  0.00000      0.00000     0.945731E-04 0.108235E-03 0.708407E-04  0.00000    
  1125.31      500.000     0.279134E-02 0.154464E-04 0.234263E-03  0.00000     0.176107E-03  0.00000      0.00000     0.945731E-04 0.108235E-03 0.708407E-04  0.00000    
  1122.81      500.000     0.279134E-02 0.154464E-04 0.234263E-03  0.00000     0.176107E-03  0.00000      0.00000     0.945731E-04 0.108235E-03 0.708407E-04  0.00000    
  1120.30      500.000     0.279134E-02 0.154464E-04 0.234263E-03  0.00000     0.176107E-03  0.00000      0.00000     0.945731E-04 0.108235E-03 0.708407E-04  0.00000    
  1117.79      500.000     0.279134E-02 0.154464E-04 0.234263E-03  0.00000     0.176107E-03  0.00000      0.00000     0.945731E-04 0.108235E-03 0.708407E-04  0.00000    
  1115.29      500.000     0.279134E-02 0.154464E-04 0.234263E-03  0.00000     0.176107E-03  0.00000      0.00000     0.945731E-04 0.108235E-03 0.708407E-04  0.00000    
  1112.78      500.000     0.279134E-02 0.154464E-04 0.234263E-03  0.00000     0.176107E-03  0.00000      0.00000     0.945731E-04 0.108235E-03 0.708407E-04  0.00000    
  1110.28      500.000     0.279134E-02 0.154464E-04 0.234263E-03  0.00000     0.176107E-03  0.00000      0.00000     0.945731E-04 0.108235E-03 0.708407E-04  0.00000    
  1107.77      500.000     0.279134E-02 0.154464E-04 0.234263E-03  0.00000     0.176107E-03  0.00000      0.00000     0.945731E-04 0.108235E-03 0.708407E-04  0.00000    
  1105.26      500.000     0.279134E-02 0.154464E-04 0.234263E-03  0.00000     0.176107E-03  0.00000      0.00000     0.945731E-04 0.108235E-03 0.708407E-04  0.00000    
  1102.76      500.000     0.279134E-02 0.154464E-04 0.234263E-03  0.00000     0.176107E-03  0.00000      0.00000     0.945731E-04 0.108235E-03 0.708407E-04  0.00000    
  1100.25      500.000     0.279134E-02 0.154464E-04 0.234263E-03  0.00000     0.176107E-03  0.00000      0.00000     0.945731E-04 0.108235E-03 0.708407E-04  0.00000    
  1097.74      500.000     0.279134E-02 0.154464E-04 0.234263E-03  0.00000     0.176107E-03  0.00000      0.00000     0.945731E-04 0.108235E-03 0.708407E-04  0.00000    
  1095.24      500.000     0.279134E-02 0.154464E-04 0.234263E-03  0.00000     0.176107E-03  0.00000      0.00000     0.945731E-04 0.108235E-03 0.708407E-04  0.00000    
  1092.73      500.000     0.279134E-02 0.154464E-04 0.234263E-03  0.00000     0.176107E-03  0.00000      0.00000     0.945731E-04 0.108235E-03 0.708407E-04  0.00000    
  1090.23      500.000     0.279134E-02 0.154464E-04 0.234263E-03  0.00000     0.176107E-03  0.00000      0.00000     0.945731E-04 0.108235E-03 0.708407E-04  0.00000    
  1087.72      500.000     0.279134E-02 0.154464E-04 0.234263E-03  0.00000     0.176107E-03  0.00000      0.00000     0.945731E-04 0.108235E-03 0.708407E-04  0.00000    
  1085.21      500.000     0.279134E-02 0.154464E-04 0.234263E-03  0.00000     0.176107E-03  0.00000      0.00000     0.945731E-04 0.108235E-03 0.708407E-04  0.00000    
  1082.71      500.000     0.279134E-02 0.154464E-04 0.234263E-03  0.00000     0.176107E-03  0.00000      0.00000     0.945731E-04 0.108235E-03 0.708407E-04  0.00000    
  1080.20      500.000     0.279134E-02 0.154464E-04 0.234263E-03  0.00000     0.176107E-03  0.00000      0.00000     0.945731E-04 0.108235E-03 0.708407E-04  0.00000    
  1077.69      500.000     0.279134E-02 0.154464E-04 0.234263E-03  0.00000     0.176107E-03  0.00000      0.00000     0.945731E-04 0.108235E-03 0.708407E-04  0.00000    
  1075.19      500.000     0.279134E-02 0.154464E-04 0.234263E-03  0.00000     0.176107E-03  0.00000      0.00000     0.945731E-04 0.108235E-03 0.708407E-04  0.00000    
  1072.68      500.000     0.279134E-02 0.154464E-04 0.234263E-03  0.00000     0.176107E-03  0.00000      0.00000     0.945731E-04 0.108235E-03 0.708407E-04  0.00000    
  1070.18      500.000     0.279134E-02 0.154464E-04 0.234263E-03  0.00000     0.176107E-03  0.00000      0.00000     0.945731E-04 0.108235E-03 0.708407E-04  0.00000    
  1067.67      500.000     0.279134E-02 0.154464E-04 0.234263E-03  0.00000     0.176107E-03  0.00000      0.00000     0.945731E-04 0.108235E-03 0.708407E-04  0.00000    
  1065.16      500.000     0.279134E-02 0.154464E-04 0.234263E-03  0.00000     0.176107E-03  0.00000      0.00000     0.945731E-04 0.108235E-03 0.708407E-04  0.00000    
  1062.66      500.000     0.279134E-02 0.154464E-04 0.234263E-03  0.00000     0.176107E-03  0.00000      0.00000     0.945731E-04 0.108235E-03 0.708407E-04  0.00000    
  1060.15      500.000     0.279134E-02 0.154464E-04 0.234263E-03  0.00000     0.176107E-03  0.00000      0.00000     0.945731E-04 0.108235E-03 0.708407E-04  0.00000    
  1057.64      500.000     0.279134E-02 0.154464E-04 0.234263E-03  0.00000     0.176107E-03  0.00000      0.00000     0.945731E-04 0.108235E-03 0.708407E-04  0.00000    
  1055.14      500.000     0.279134E-02 0.154464E-04 0.234263E-03  0.00000     0.176107E-03  0.00000      0.00000     0.945731E-04 0.108235E-03 0.708407E-04  0.00000    
  1052.63      500.000     0.279134E-02 0.154464E-04 0.234263E-03  0.00000     0.176107E-03  0.00000      0.00000     0.945731E-04 0.108235E-03 0.708407E-04  0.00000    
  1050.13      500.000     0.279134E-02 0.154464E-04 0.234263E-03  0.00000     0.176107E-03  0.00000      0.00000     0.945731E-04 0.108235E-03 0.708407E-04  0.00000    
  1047.62      500.000     0.279134E-02 0.154464E-04 0.234263E-03  0.00000     0.176107E-03  0.00000      0.00000     0.945731E-04 0.108235E-03 0.708407E-04  0.00000    
  1045.11      500.000     0.279134E-02 0.154464E-04 0.234263E-03  0.00000     0.176107E-03  0.00000      0.00000     0.945731E-04 0.108235E-03 0.708407E-04  0.00000    
  1042.61      500.000     0.279134E-02 0.154464E-04 0.234263E-03  0.00000     0.176107E-03  0.00000      0.00000     0.945731E-04 0.108235E-03 0.708407E-04  0.00000    
  1040.10      500.000     0.279134E-02 0.154464E-04 0.234263E-03  0.00000     0.176107E-03  0.00000      0.00000     0.945731E-04 0.108235E-03 0.708407E-04  0.00000    
  1037.59      500.000     0.279134E-02 0.154464E-04 0.234263E-03  0.00000     0.176107E-03  0.00000      0.00000     0.945731E-04 0.108235E-03 0.708407E-04  0.00000    
  1035.09      500.000     0.279134E-02 0.154464E-04 0.234263E-03  0.00000     0.176107E-03  0.00000      0.00000     0.945731E-04 0.108235E-03 0.708407E-04  0.00000    
  1032.58      500.000     0.279134E-02 0.154464E-04 0.234263E-03  0.00000     0.176107E-03  0.00000      0.00000     0.945731E-04 0.108235E-03 0.708407E-04  0.00000    
  1030.08      500.000     0.279134E-02 0.154464E-04 0.234263E-03  0.00000     0.176107E-03  0.00000      0.00000     0.945731E-04 0.108235E-03 0.708407E-04  0.00000    
  1027.57      500.000     0.279134E-02 0.154464E-04 0.234263E-03  0.00000     0.176107E-03  0.00000      0.00000     0.945731E-04 0.108235E-03 0.708407E-04  0.00000    
  1025.06      500.000     0.279134E-02 0.154464E-04 0.234263E-03  0.00000     0.176107E-03  0.00000      0.00000     0.945731E-04 0.108235E-03 0.708407E-04  0.00000    
  1022.56      500.000     0.279134E-02 0.154464E-04 0.234263E-03  0.00000     0.176107E-03  0.00000      0.00000     0.945731E-04 0.108235E-03 0.708407E-04  0.00000    
  1020.05      500.000     0.279134E-02 0.154464E-04 0.234263E-03  0.00000     0.176107E-03  0.00000      0.00000     0.945731E-04 0.108235E-03 0.708407E-04  0.00000    
  1017.54      500.000     0.279134E-02 0.154464E-04 0.234263E-03  0.00000     0.176107E-03  0.00000      0.00000     0.945731E-04 0.108235E-03 0.708407E-04  0.00000    
  1015.04      500.000     0.279134E-02 0.154464E-04 0.234263E-03  0.00000     0.176107E-03  0.00000      0.00000     0.945731E-04 0.108235E-03 0.708407E-04  0.00000    
  1012.53      500.000     0.279134E-02 0.154464E-04 0.234263E-03  0.00000     0.176107E-03  0.00000      0.00000     0.945731E-04 0.108235E-03 0.708407E-04  0.00000    
  1010.03      500.000     0.279134E-02 0.154464E-04 0.234263E-03  0.00000     0.176107E-03  0.00000      0.00000     0.945731E-04 0.108235E-03 0.708407E-04  0.00000    
  1007.52      500.000     0.279134E-02 0.154464E-04 0.234263E-03  0.00000     0.176107E-03  0.00000      0.00000     0.945731E-04 0.108235E-03 0.708407E-04  0.00000    
  1005.01      500.000     0.279134E-02 0.154464E-04 0.234263E-03  0.00000     0.176107E-03  0.00000      0.00000     0.945731E-04 0.108235E-03 0.708407E-04  0.00000    
  1002.51      500.000     0.279134E-02 0.154464E-04 0.234263E-03  0.00000     0.176107E-03  0.00000      0.00000     0.945731E-04 0.108235E-03 0.708407E-04  0.00000    
  1000.00      500.000     0.279134E-02 0.154464E-04 0.234263E-03  0.00000     0.176107E-03  0.00000      0.00000     0.945731E-04 0.108235E-03 0.708407E-04  0.00000    
