|6.6.6
Archiving\03_Data\frac/QFM_m4/GRV/GRV_4.tab                               
           1
T(K)    
  0.000000000000000E+000
  0.000000000000000E+000
           0
           3
T(K)           P(bar)         Sp(TH),m3     
  2000.00        2500.00                 NaN
  1997.49        2500.00                 NaN
  1994.99        2500.00                 NaN
  1992.48        2500.00                 NaN
  1989.97        2500.00                 NaN
  1987.47        2500.00                 NaN
  1984.96        2500.00                 NaN
  1982.46        2500.00                 NaN
  1979.95        2500.00                 NaN
  1977.44        2500.00                 NaN
  1974.94        2500.00                 NaN
  1972.43        2500.00                 NaN
  1969.92        2500.00                 NaN
  1967.42        2500.00                 NaN
  1964.91        2500.00                 NaN
  1962.41        2500.00                 NaN
  1959.90        2500.00                 NaN
  1957.39        2500.00                 NaN
  1954.89        2500.00                 NaN
  1952.38        2500.00                 NaN
  1949.87        2500.00                 NaN
  1947.37        2500.00                 NaN
  1944.86        2500.00                 NaN
  1942.36        2500.00                 NaN
  1939.85        2500.00                 NaN
  1937.34        2500.00                 NaN
  1934.84        2500.00                 NaN
  1932.33        2500.00                 NaN
  1929.82        2500.00                 NaN
  1927.32        2500.00                 NaN
  1924.81        2500.00                 NaN
  1922.31        2500.00                 NaN
  1919.80        2500.00                 NaN
  1917.29        2500.00                 NaN
  1914.79        2500.00                 NaN
  1912.28        2500.00                 NaN
  1909.77        2500.00                 NaN
  1907.27        2500.00                 NaN
  1904.76        2500.00                 NaN
  1902.26        2500.00                 NaN
  1899.75        2500.00                 NaN
  1897.24        2500.00                 NaN
  1894.74        2500.00                 NaN
  1892.23        2500.00                 NaN
  1889.72        2500.00                 NaN
  1887.22        2500.00                 NaN
  1884.71        2500.00                 NaN
  1882.21        2500.00                 NaN
  1879.70        2500.00                 NaN
  1877.19        2500.00                 NaN
  1874.69        2500.00                 NaN
  1872.18        2500.00                 NaN
  1869.67        2500.00                 NaN
  1867.17        2500.00                 NaN
  1864.66        2500.00                 NaN
  1862.16        2500.00                 NaN
  1859.65        2500.00                 NaN
  1857.14        2500.00                 NaN
  1854.64        2500.00                 NaN
  1852.13        2500.00                 NaN
  1849.62        2500.00                 NaN
  1847.12        2500.00                 NaN
  1844.61        2500.00                 NaN
  1842.11        2500.00                 NaN
  1839.60        2500.00                 NaN
  1837.09        2500.00                 NaN
  1834.59        2500.00                 NaN
  1832.08        2500.00                 NaN
  1829.57        2500.00                 NaN
  1827.07        2500.00                 NaN
  1824.56        2500.00                 NaN
  1822.06        2500.00                 NaN
  1819.55        2500.00                 NaN
  1817.04        2500.00       0.407696E-005
  1814.54        2500.00       0.352328E-003
  1812.03        2500.00       0.350679E-003
  1809.52        2500.00       0.347266E-003
  1807.02        2500.00       0.345937E-003
  1804.51        2500.00       0.341147E-003
  1802.01        2500.00       0.340290E-003
  1799.50        2500.00       0.336525E-003
  1796.99        2500.00       0.334170E-003
  1794.49        2500.00       0.331860E-003
  1791.98        2500.00       0.329610E-003
  1789.47        2500.00       0.326099E-003
  1786.97        2500.00       0.324070E-003
  1784.46        2500.00       0.323243E-003
  1781.95        2500.00       0.317157E-003
  1779.45        2500.00       0.318548E-003
  1776.94        2500.00       0.311390E-003
  1774.44        2500.00       0.311753E-003
  1771.93        2500.00       0.317390E-003
  1769.42        2500.00       0.313802E-003
  1766.92        2500.00       0.242171E-003
  1764.41        2500.00       0.380112E-003
  1761.90        2500.00       0.306329E-003
  1759.40        2500.00       0.304080E-003
  1756.89        2500.00       0.240151E-003
  1754.39        2500.00       0.360078E-003
  1751.88        2500.00       0.296569E-003
  1749.37        2500.00       0.294367E-003
  1746.87        2500.00       0.265629E-003
  1744.36        2500.00       0.316008E-003
  1741.85        2500.00       0.286981E-003
  1739.35        2500.00       0.430714E-003
  1736.84        2500.00       0.136208E-003
  1734.34        2500.00       0.279864E-003
  1731.83        2500.00       0.278742E-003
  1729.32        2500.00       0.274852E-003
  1726.82        2500.00       0.267928E-003
  1724.31        2500.00       0.183196E-004
  1721.80        2500.00       0.526125E-003
  1719.30        2500.00       0.265857E-003
  1716.79        2500.00       0.255830E-003
  1714.29        2500.00       0.269845E-003
  1711.78        2500.00       0.259945E-003
  1709.27        2500.00       0.257647E-003
  1706.77        2500.00       0.254280E-003
  1704.26        2500.00       0.252880E-003
  1701.75        2500.00       0.250864E-003
  1699.25        2500.00       0.248136E-003
  1696.74        2500.00       0.246072E-003
  1694.24        2500.00       0.203660E-003
  1691.73        2500.00       0.282772E-003
  1689.22        2500.00       0.239988E-003
  1686.72        2500.00       0.237794E-003
  1684.21        2500.00       0.235694E-003
  1681.70        2500.00       0.233035E-003
  1679.20        2500.00       0.231498E-003
  1676.69        2500.00       0.228641E-003
  1674.19        2500.00       0.226741E-003
  1671.68        2500.00       0.220383E-003
  1669.17        2500.00       0.148414E-003
  1666.67        2500.00       0.137808E-003
  1664.16        2500.00       0.144544E-004
  1661.65        2500.00       0.229464E-003
  1659.15        2500.00       0.111078E-003
  1656.64        2500.00       0.105704E-003
  1654.14        2500.00       0.982700E-004
  1651.63        2500.00       0.941739E-004
  1649.12        2500.00       0.838752E-004
  1646.62        2500.00       0.800043E-004
  1644.11        2500.00       0.726218E-004
  1641.60        2500.00       0.681687E-004
  1639.10        2500.00       0.651460E-004
  1636.59        2500.00       0.525783E-004
  1634.09        2500.00       0.466824E-004
  1631.58        2500.00       0.478319E-004
  1629.07        2500.00       0.445753E-004
  1626.57        2500.00       0.420563E-004
  1624.06        2500.00       0.345598E-004
  1621.55        2500.00       0.327693E-004
  1619.05        2500.00       0.282577E-004
  1616.54        2500.00       0.255087E-004
  1614.04        2500.00       0.214223E-004
  1611.53        2500.00       0.174575E-004
  1609.02        2500.00       0.154121E-004
  1606.52        2500.00       0.121552E-004
  1604.01        2500.00       0.927578E-005
  1601.50        2500.00       0.643668E-005
  1599.00        2500.00       0.498661E-005
  1596.49        2500.00       0.163124E-005
  1593.98        2500.00       0.465797E-005
  1591.48        2500.00       0.109590E-005
  1588.97        2500.00       0.697346E-005
  1586.47        2500.00                 NaN
  1583.96        2500.00                 NaN
  1581.45        2500.00                 NaN
  1578.95        2500.00                 NaN
  1576.44        2500.00                 NaN
  1573.93        2500.00       0.904872E-004
  1571.43        2500.00       0.147157E-003
  1568.92        2500.00       0.142516E-003
  1566.42        2500.00       0.139112E-003
  1563.91        2500.00       0.135511E-003
  1561.40        2500.00       0.132249E-003
  1558.90        2500.00       0.128370E-003
  1556.39        2500.00       0.125243E-003
  1553.88        2500.00       0.122038E-003
  1551.38        2500.00       0.117581E-003
  1548.87        2500.00       0.101149E-003
  1546.37        2500.00       0.919986E-004
  1543.86        2500.00       0.844735E-004
  1541.35        2500.00       0.772788E-004
  1538.85        2500.00       0.710034E-004
  1536.34        2500.00       0.789943E-004
  1533.83        2500.00       0.459606E-004
  1531.33        2500.00       0.555983E-004
  1528.82        2500.00       0.515859E-004
  1526.32        2500.00       0.472934E-004
  1523.81        2500.00       0.440480E-004
  1521.30        2500.00       0.407440E-004
  1518.80        2500.00       0.380105E-004
  1516.29        2500.00       0.348711E-004
  1513.78        2500.00       0.322309E-004
  1511.28        2500.00       0.296625E-004
  1508.77        2500.00       0.269308E-004
  1506.27        2500.00       0.249681E-004
  1503.76        2500.00       0.234306E-004
  1501.25        2500.00       0.216177E-004
  1498.75        2500.00       0.215143E-004
  1496.24        2500.00       0.177509E-004
  1493.73        2500.00       0.167649E-004
  1491.23        2500.00       0.152371E-004
  1488.72        2500.00       0.137424E-004
  1486.22        2500.00       0.130067E-004
  1483.71        2500.00       0.115341E-004
  1481.20        2500.00       0.107682E-004
  1478.70        2500.00       0.918207E-005
  1476.19        2500.00       0.854230E-005
  1473.68        2500.00       0.769748E-005
  1471.18        2500.00       0.684994E-005
  1468.67        2500.00       0.598073E-005
  1466.17        2500.00       0.523027E-005
  1463.66        2500.00       0.445893E-005
  1461.15        2500.00       0.398712E-005
  1458.65        2500.00       0.344079E-005
  1456.14        2500.00       0.271024E-005
  1453.63        2500.00       0.233055E-005
  1451.13        2500.00       0.182043E-005
  1448.62        2500.00       0.137924E-005
  1446.12        2500.00       0.147626E-005
  1443.61        2500.00       0.480100E-006
  1441.10        2500.00       0.150519E-005
  1438.60        2500.00                 NaN
  1436.09        2500.00       0.243045E-005
  1433.58        2500.00                 NaN
  1431.08        2500.00                 NaN
  1428.57        2500.00                 NaN
  1426.07        2500.00       0.527002E-006
  1423.56        2500.00                 NaN
  1421.05        2500.00                 NaN
  1418.55        2500.00                 NaN
  1416.04        2500.00                 NaN
  1413.53        2500.00                 NaN
  1411.03        2500.00                 NaN
  1408.52        2500.00                 NaN
  1406.02        2500.00                 NaN
  1403.51        2500.00                 NaN
  1401.00        2500.00                 NaN
  1398.50        2500.00                 NaN
  1395.99        2500.00                 NaN
  1393.48        2500.00                 NaN
  1390.98        2500.00                 NaN
  1388.47        2500.00                 NaN
  1385.96        2500.00                 NaN
  1383.46        2500.00                 NaN
  1380.95        2500.00                 NaN
  1378.45        2500.00                 NaN
  1375.94        2500.00                 NaN
  1373.43        2500.00                 NaN
  1370.93        2500.00                 NaN
  1368.42        2500.00                 NaN
  1365.91        2500.00                 NaN
  1363.41        2500.00                 NaN
  1360.90        2500.00                 NaN
  1358.40        2500.00                 NaN
  1355.89        2500.00                 NaN
  1353.38        2500.00                 NaN
  1350.88        2500.00                 NaN
  1348.37        2500.00                 NaN
  1345.86        2500.00                 NaN
  1343.36        2500.00                 NaN
  1340.85        2500.00                 NaN
  1338.35        2500.00                 NaN
  1335.84        2500.00                 NaN
  1333.33        2500.00                 NaN
  1330.83        2500.00                 NaN
  1328.32        2500.00                 NaN
  1325.81        2500.00                 NaN
  1323.31        2500.00                 NaN
  1320.80        2500.00                 NaN
  1318.30        2500.00                 NaN
  1315.79        2500.00                 NaN
  1313.28        2500.00                 NaN
  1310.78        2500.00                 NaN
  1308.27        2500.00                 NaN
  1305.76        2500.00                 NaN
  1303.26        2500.00                 NaN
  1300.75        2500.00                 NaN
  1298.25        2500.00                 NaN
  1295.74        2500.00                 NaN
  1293.23        2500.00                 NaN
  1290.73        2500.00                 NaN
  1288.22        2500.00                 NaN
  1285.71        2500.00                 NaN
  1283.21        2500.00                 NaN
  1280.70        2500.00                 NaN
  1278.20        2500.00                 NaN
  1275.69        2500.00                 NaN
  1273.18        2500.00                 NaN
  1270.68        2500.00                 NaN
  1268.17        2500.00                 NaN
  1265.66        2500.00                 NaN
  1263.16        2500.00                 NaN
  1260.65        2500.00                 NaN
  1258.15        2500.00                 NaN
  1255.64        2500.00                 NaN
  1253.13        2500.00                 NaN
  1250.63        2500.00                 NaN
  1248.12        2500.00                 NaN
  1245.61        2500.00                 NaN
  1243.11        2500.00                 NaN
  1240.60        2500.00                 NaN
  1238.10        2500.00                 NaN
  1235.59        2500.00                 NaN
  1233.08        2500.00                 NaN
  1230.58        2500.00                 NaN
  1228.07        2500.00                 NaN
  1225.56        2500.00                 NaN
  1223.06        2500.00                 NaN
  1220.55        2500.00                 NaN
  1218.05        2500.00                 NaN
  1215.54        2500.00                 NaN
  1213.03        2500.00                 NaN
  1210.53        2500.00                 NaN
  1208.02        2500.00                 NaN
  1205.51        2500.00                 NaN
  1203.01        2500.00                 NaN
  1200.50        2500.00                 NaN
  1197.99        2500.00                 NaN
  1195.49        2500.00                 NaN
  1192.98        2500.00                 NaN
  1190.48        2500.00                 NaN
  1187.97        2500.00                 NaN
  1185.46        2500.00                 NaN
  1182.96        2500.00                 NaN
  1180.45        2500.00                 NaN
  1177.94        2500.00                 NaN
  1175.44        2500.00                 NaN
  1172.93        2500.00                 NaN
  1170.43        2500.00                 NaN
  1167.92        2500.00                 NaN
  1165.41        2500.00                 NaN
  1162.91        2500.00                 NaN
  1160.40        2500.00                 NaN
  1157.89        2500.00                 NaN
  1155.39        2500.00                 NaN
  1152.88        2500.00                 NaN
  1150.38        2500.00                 NaN
  1147.87        2500.00                 NaN
  1145.36        2500.00                 NaN
  1142.86        2500.00                 NaN
  1140.35        2500.00                 NaN
  1137.84        2500.00                 NaN
  1135.34        2500.00                 NaN
  1132.83        2500.00                 NaN
  1130.33        2500.00                 NaN
  1127.82        2500.00                 NaN
  1125.31        2500.00                 NaN
  1122.81        2500.00                 NaN
  1120.30        2500.00                 NaN
  1117.79        2500.00                 NaN
  1115.29        2500.00                 NaN
  1112.78        2500.00                 NaN
  1110.28        2500.00                 NaN
  1107.77        2500.00                 NaN
  1105.26        2500.00                 NaN
  1102.76        2500.00                 NaN
  1100.25        2500.00                 NaN
  1097.74        2500.00                 NaN
  1095.24        2500.00                 NaN
  1092.73        2500.00                 NaN
  1090.23        2500.00                 NaN
  1087.72        2500.00                 NaN
  1085.21        2500.00                 NaN
  1082.71        2500.00                 NaN
  1080.20        2500.00                 NaN
  1077.69        2500.00                 NaN
  1075.19        2500.00                 NaN
  1072.68        2500.00                 NaN
  1070.18        2500.00                 NaN
  1067.67        2500.00                 NaN
  1065.16        2500.00                 NaN
  1062.66        2500.00                 NaN
  1060.15        2500.00                 NaN
  1057.64        2500.00                 NaN
  1055.14        2500.00                 NaN
  1052.63        2500.00                 NaN
  1050.13        2500.00                 NaN
  1047.62        2500.00                 NaN
  1045.11        2500.00                 NaN
  1042.61        2500.00                 NaN
  1040.10        2500.00                 NaN
  1037.59        2500.00                 NaN
  1035.09        2500.00                 NaN
  1032.58        2500.00                 NaN
  1030.08        2500.00                 NaN
  1027.57        2500.00                 NaN
  1025.06        2500.00                 NaN
  1022.56        2500.00                 NaN
  1020.05        2500.00                 NaN
  1017.54        2500.00                 NaN
  1015.04        2500.00                 NaN
  1012.53        2500.00                 NaN
  1010.03        2500.00                 NaN
  1007.52        2500.00                 NaN
  1005.01        2500.00                 NaN
  1002.51        2500.00                 NaN
  1000.00        2500.00                 NaN
