|6.6.6
Archiving\03_Data\eqfrac/QFM_m4/Y98/Y98_1.tab                             
           1
T(K)    
  0.000000000000000E+000
  0.000000000000000E+000
           0
          14
T(K)           P(bar)         melt(TH)       melt(TH)       Cpx(TH)        Cpx(TH)        Cpx(TH)        Opx(TH)        O(HP)          Sp(TH)         an             ilm            San(TH)        q             
  1490.38        2500.00        97.3302                 NaN  0.580846        1.86817                 NaN  0.220790       0.609597E-005            NaN            NaN            NaN            NaN            NaN
  1489.15        2500.00        99.0308                 NaN  0.316024       0.653154                 NaN            NaN            NaN            NaN            NaN            NaN            NaN            NaN
  1487.92        2500.00        99.0365                 NaN  0.649896       0.313636                 NaN            NaN            NaN            NaN            NaN            NaN            NaN            NaN
  1486.69        2500.00        99.0436                 NaN  0.638718       0.315660                 NaN            NaN            NaN  0.201441E-002            NaN            NaN            NaN            NaN
  1485.46        2500.00        99.0494                 NaN  0.313696       0.634777                 NaN            NaN            NaN  0.211511E-002            NaN            NaN            NaN            NaN
  1484.23        2500.00        99.0556                 NaN  0.631166       0.311153                 NaN            NaN            NaN  0.204283E-002            NaN            NaN            NaN            NaN
  1483.01        2500.00        99.0627                 NaN  0.309647       0.625668                 NaN            NaN            NaN  0.197341E-002            NaN            NaN            NaN            NaN
  1481.78        2500.00        99.0681                 NaN  0.622728       0.307283                 NaN            NaN            NaN  0.190194E-002            NaN            NaN            NaN            NaN
  1480.55        2500.00        99.0334                 NaN  0.318818       0.645823                 NaN            NaN            NaN  0.193661E-002            NaN            NaN            NaN            NaN
  1479.32        2500.00        99.8776                 NaN  0.815074E-001  0.406360E-001            NaN            NaN            NaN  0.237082E-003            NaN            NaN            NaN            NaN
  1478.09        2500.00        98.3300                 NaN  0.551159        1.11558                 NaN            NaN            NaN  0.321859E-002            NaN            NaN            NaN            NaN
  1476.86        2500.00        99.0939                 NaN  0.605081       0.299324                 NaN            NaN            NaN  0.164701E-002            NaN            NaN            NaN            NaN
  1475.63        2500.00        99.0661                 NaN  0.623873       0.308356                 NaN            NaN            NaN  0.165819E-002            NaN            NaN            NaN            NaN
  1474.40        2500.00        99.1385                 NaN  0.582052       0.266067                 NaN            NaN  0.120018E-001  0.142869E-002            NaN            NaN            NaN            NaN
  1473.17        2500.00        99.1121                 NaN  0.601623       0.269152                 NaN            NaN  0.156779E-001  0.141861E-002            NaN            NaN            NaN            NaN
  1471.94        2500.00        99.1139                 NaN  0.592370       0.292310                 NaN            NaN            NaN  0.140350E-002            NaN            NaN            NaN            NaN
  1470.72        2500.00        99.1236                 NaN  0.596206       0.258966                 NaN            NaN  0.199532E-001  0.129938E-002            NaN            NaN            NaN            NaN
  1469.49        2500.00        99.1291                 NaN  0.256518       0.593015                 NaN            NaN  0.201129E-001  0.124387E-002            NaN            NaN            NaN            NaN
  1468.26        2500.00        99.1335                 NaN  0.590043       0.255853                 NaN            NaN  0.194455E-001  0.119513E-002            NaN            NaN            NaN            NaN
  1467.03        2500.00        99.1373                 NaN  0.255914       0.587114                 NaN            NaN  0.185031E-001  0.114963E-002            NaN            NaN            NaN            NaN
  1465.80        2500.00        99.0888                 NaN  0.270807       0.619861                 NaN            NaN  0.193476E-001  0.117277E-002            NaN            NaN            NaN            NaN
  1464.57        2500.00        99.2008                 NaN  0.238238       0.543692                 NaN            NaN  0.163245E-001  0.991335E-003            NaN            NaN            NaN            NaN
  1463.34        2500.00        99.0487                 NaN  0.318564       0.528873                 NaN            NaN  0.870816E-001  0.168119E-001            NaN            NaN            NaN            NaN
  1462.11        2500.00        99.2727                 NaN  0.125925       0.601366                 NaN            NaN            NaN            NaN            NaN            NaN            NaN            NaN
  1460.88        2500.00        99.1584                 NaN  0.567465       0.274148                 NaN            NaN  0.334004E-005            NaN            NaN            NaN            NaN            NaN
  1459.65        2500.00        99.1625                 NaN  0.271781       0.565686                 NaN            NaN  0.199061E-005            NaN            NaN            NaN            NaN            NaN
  1458.43        2500.00        99.1666                 NaN  0.271347       0.562049                 NaN            NaN            NaN            NaN            NaN            NaN            NaN            NaN
  1457.20        2500.00        99.1706                 NaN  0.560307       0.269100                 NaN            NaN            NaN            NaN            NaN            NaN            NaN            NaN
  1455.97        2500.00        99.1768                 NaN  0.561590       0.250504                 NaN            NaN  0.111210E-001            NaN            NaN            NaN            NaN            NaN
  1454.74        2500.00        99.7481                 NaN  0.618280E-001  0.177367                 NaN            NaN  0.126850E-001            NaN            NaN            NaN            NaN            NaN
  1453.51        2500.00        98.6145                 NaN  0.940551       0.436359                 NaN            NaN  0.857165E-002            NaN            NaN            NaN            NaN            NaN
  1452.28        2500.00        99.1876                 NaN  0.555832       0.245045                 NaN            NaN  0.115185E-001            NaN            NaN            NaN            NaN            NaN
  1451.05        2500.00        99.1912                 NaN  0.244313       0.553612                 NaN            NaN  0.109210E-001            NaN            NaN            NaN            NaN            NaN
  1449.82        2500.00        97.7096                 NaN  0.804726       0.522022                 NaN            NaN  0.283907                 NaN  0.679795                 NaN            NaN            NaN
  1448.59        2500.00        97.6768                 NaN  0.518472       0.806554                 NaN            NaN  0.296637                 NaN  0.701490                 NaN            NaN            NaN
  1447.36        2500.00        97.7140                 NaN  0.501985       0.798153                 NaN            NaN  0.295474                 NaN  0.690402                 NaN            NaN            NaN
  1446.14        2500.00        97.7477                 NaN  0.790573       0.485646                 NaN            NaN  0.295355                 NaN  0.680707                 NaN            NaN            NaN
  1444.91        2500.00        97.7874                 NaN  0.469285       0.780285                 NaN            NaN  0.294129                 NaN  0.668891                 NaN            NaN            NaN
  1443.68        2500.00        97.0874                 NaN   1.05732       0.565393                 NaN            NaN  0.404612                 NaN  0.885241                 NaN            NaN            NaN
  1442.45        2500.00        98.5424                 NaN  0.513286       0.322520                 NaN            NaN  0.184650                 NaN  0.437161                 NaN            NaN            NaN
  1441.22        2500.00        97.8880                 NaN  0.756106       0.421265                 NaN            NaN  0.295044                 NaN  0.639566                 NaN            NaN            NaN
  1439.99        2500.00        97.9206                 NaN  0.409014       0.748619                 NaN            NaN  0.292146                 NaN  0.629630                 NaN            NaN            NaN
  1438.76        2500.00        97.9515                 NaN  0.397398       0.740278                 NaN            NaN  0.290565                 NaN  0.620209                 NaN            NaN            NaN
  1437.53        2500.00        97.9820                 NaN  0.734844       0.381554                 NaN            NaN  0.290362                 NaN  0.611242                 NaN            NaN            NaN
  1436.30        2500.00        98.0117                 NaN  0.726552       0.369304                 NaN            NaN  0.290062                 NaN  0.602343                 NaN            NaN            NaN
  1435.07        2500.00        98.0390                 NaN  0.721366       0.355703                 NaN            NaN  0.289757                 NaN  0.594169                 NaN            NaN            NaN
  1433.84        2500.00        98.0665                 NaN  0.342537       0.715651                 NaN            NaN  0.289189                 NaN  0.586112                 NaN            NaN            NaN
  1432.62        2500.00        98.0928                 NaN  0.329803       0.709385                 NaN            NaN  0.289430                 NaN  0.578600                 NaN            NaN            NaN
  1431.39        2500.00        98.1221                 NaN  0.702599       0.318203                 NaN            NaN  0.287795                 NaN  0.569310                 NaN            NaN            NaN
  1430.16        2500.00        98.1437                 NaN  0.700204       0.304242                 NaN            NaN  0.288565                 NaN  0.563334                 NaN            NaN            NaN
  1428.93        2500.00        98.1741                 NaN  0.691306       0.293910                 NaN            NaN  0.286862                 NaN  0.553776                 NaN            NaN            NaN
  1427.70        2500.00        98.1894                 NaN  0.263019       0.696081                 NaN            NaN  0.300088                 NaN  0.551399                 NaN            NaN            NaN
  1426.47        2500.00        98.2232                 NaN  0.289213       0.676247                 NaN            NaN  0.274189                 NaN  0.537155                 NaN            NaN            NaN
  1425.24        2500.00        98.2423                 NaN  0.678392       0.259135                 NaN            NaN  0.286576                 NaN  0.533574                 NaN            NaN            NaN
  1424.01        2500.00        98.2638                 NaN  0.248106       0.674507                 NaN            NaN  0.286454                 NaN  0.527139                 NaN            NaN            NaN
  1422.78        2500.00        98.2871                 NaN  0.238000       0.668767                 NaN            NaN  0.286027                 NaN  0.520143                 NaN            NaN            NaN
  1421.55        2500.00        98.3078                 NaN  0.665859       0.226737                 NaN            NaN  0.285734                 NaN  0.513840                 NaN            NaN            NaN
  1420.33        2500.00        98.3256                 NaN  0.662712       0.215667                 NaN            NaN  0.286867                 NaN  0.509180                 NaN            NaN            NaN
  1419.10        2500.00        98.3538                 NaN  0.656635       0.206276                 NaN            NaN  0.283629                 NaN  0.499660                 NaN            NaN            NaN
  1417.87        2500.00        98.3652                 NaN  0.656590       0.195863                 NaN            NaN  0.285677                 NaN  0.496629                 NaN            NaN            NaN
  1416.64        2500.00        98.3834                 NaN  0.653141       0.187360                 NaN            NaN  0.285138                 NaN  0.490968                 NaN            NaN            NaN
  1415.41        2500.00        98.8126                 NaN  0.129167       0.483822                 NaN            NaN  0.213113                 NaN  0.361336                 NaN            NaN            NaN
  1414.18        2500.00        98.0191                 NaN  0.214977       0.810791                 NaN            NaN  0.354683                 NaN  0.600407                 NaN            NaN            NaN
  1412.95        2500.00        98.4414                 NaN  0.157745       0.643555                 NaN            NaN  0.284117                 NaN  0.473185                 NaN            NaN            NaN
  1411.72        2500.00        98.4634                 NaN  0.639362       0.147730                 NaN            NaN  0.282866                 NaN  0.466597                 NaN            NaN            NaN
  1410.49        2500.00        98.8713                 NaN  0.995367E-001  0.473278                 NaN            NaN  0.211869                 NaN  0.343978                 NaN            NaN            NaN
  1409.26        2500.00        98.1010                 NaN  0.801269       0.168850                 NaN            NaN  0.353708                 NaN  0.575198                 NaN            NaN            NaN
  1408.04        2500.00        98.5116                 NaN  0.118482       0.635452                 NaN            NaN  0.282380                 NaN  0.452041                 NaN            NaN            NaN
  1406.81        2500.00        98.5299                 NaN  0.630267       0.112076                 NaN            NaN  0.281583                 NaN  0.446161                 NaN            NaN            NaN
  1405.58        2500.00        98.5423                 NaN  0.102638       0.630873                 NaN            NaN  0.281901                 NaN  0.442249                 NaN            NaN            NaN
  1404.35        2500.00        99.3853                 NaN  0.849952E-001  0.240553                 NaN            NaN  0.103804                 NaN  0.185338                 NaN            NaN            NaN
  1403.12        2500.00        97.7505                 NaN   1.00920       0.100917                 NaN            NaN  0.456615                 NaN  0.682723                 NaN            NaN            NaN
  1401.89        2500.00        98.5912                 NaN  0.623525       0.784060E-001            NaN            NaN  0.279760                 NaN  0.427159                 NaN            NaN            NaN
  1400.66        2500.00        98.6054                 NaN  0.622548       0.698861E-001            NaN            NaN  0.279340                 NaN  0.422834                 NaN            NaN            NaN
  1399.43        2500.00        98.6150                 NaN  0.625064       0.610152E-001            NaN            NaN  0.279276                 NaN  0.419600                 NaN            NaN            NaN
  1398.20        2500.00        98.6353                 NaN  0.534204E-001  0.620459                 NaN            NaN  0.277563                 NaN  0.413276                 NaN            NaN            NaN
  1396.97        2500.00        98.6482                 NaN  0.619232       0.456489E-001            NaN            NaN  0.277497                 NaN  0.409414                 NaN            NaN            NaN
  1395.75        2500.00        98.6610                 NaN  0.470480E-001  0.615237                 NaN            NaN  0.271975                 NaN  0.404767                 NaN            NaN            NaN
  1394.52        2500.00        98.6732                 NaN  0.213557E-001  0.621520                 NaN            NaN  0.281581                 NaN  0.402314                 NaN            NaN            NaN
  1393.29        2500.00        98.6887                 NaN  0.235064E-001  0.615961                 NaN            NaN  0.275259                 NaN  0.396580                 NaN            NaN            NaN
  1392.06        2500.00        98.6999                 NaN  0.617136       0.155112E-001            NaN            NaN  0.274565                 NaN  0.392918                 NaN            NaN            NaN
  1390.83        2500.00        98.7118                 NaN  0.618298       0.684580E-002            NaN            NaN  0.273884                 NaN  0.389137                 NaN            NaN            NaN
  1389.60        2500.00        98.7232                 NaN  0.109953E-001  0.609860                 NaN            NaN  0.270591                 NaN  0.385311                 NaN            NaN            NaN
  1388.37        2500.00        98.7384                 NaN  0.611019       0.132989E-002            NaN            NaN  0.269132                 NaN  0.380148                 NaN            NaN            NaN
  1387.14        2500.00        98.7458                 NaN  0.610094                 NaN            NaN            NaN  0.266646                 NaN  0.377505                 NaN            NaN            NaN
  1385.91        2500.00        98.7580                 NaN  0.603230                 NaN            NaN            NaN  0.265187                 NaN  0.373597                 NaN            NaN            NaN
  1384.68        2500.00        98.7724                 NaN  0.595243                 NaN            NaN            NaN  0.263575                 NaN  0.368799                 NaN            NaN            NaN
  1383.46        2500.00        98.7698                 NaN  0.554000       0.754778E-001            NaN            NaN  0.235766                 NaN  0.364964                 NaN            NaN            NaN
  1382.23        2500.00        98.7927                 NaN  0.584719                 NaN            NaN            NaN  0.260722                 NaN  0.361851                 NaN            NaN            NaN
  1381.00        2500.00        98.8031                 NaN  0.584218                 NaN            NaN            NaN  0.254846                 NaN  0.357825                 NaN            NaN            NaN
  1379.77        2500.00        98.8094                 NaN  0.587282                 NaN            NaN            NaN  0.248341                 NaN  0.354962                 NaN            NaN            NaN
  1378.54        2500.00        98.8219                 NaN  0.577334                 NaN            NaN            NaN  0.249852                 NaN  0.350927                 NaN            NaN            NaN
  1377.31        2500.00        98.8311                 NaN  0.567372                 NaN            NaN            NaN  0.252888                 NaN  0.348689                 NaN            NaN            NaN
  1376.08        2500.00        98.8436                 NaN  0.568210                 NaN            NaN            NaN  0.244737                 NaN  0.343443                 NaN            NaN            NaN
  1374.85        2500.00        98.8504                 NaN  0.562447                 NaN            NaN            NaN  0.245635                 NaN  0.341544                 NaN            NaN            NaN
  1373.62        2500.00        98.8625                 NaN  0.560548                 NaN            NaN            NaN  0.240127                 NaN  0.336824                 NaN            NaN            NaN
  1372.39        2500.00        98.8704                 NaN  0.556169                 NaN            NaN            NaN  0.239217                 NaN  0.334243                 NaN            NaN            NaN
  1371.16        2500.00        98.8788                 NaN  0.555251                 NaN            NaN            NaN  0.234940                 NaN  0.330977                 NaN            NaN            NaN
  1369.94        2500.00        98.8891                 NaN  0.549005                 NaN            NaN            NaN  0.234299                 NaN  0.327633                 NaN            NaN            NaN
  1368.71        2500.00        98.8975                 NaN  0.541920                 NaN            NaN            NaN  0.234976                 NaN  0.325572                 NaN            NaN            NaN
  1367.48        2500.00        98.9080                 NaN  0.542851                 NaN            NaN            NaN  0.228786                 NaN  0.320372                 NaN            NaN            NaN
  1366.25        2500.00        98.9141                 NaN  0.540896                 NaN            NaN            NaN  0.226487                 NaN  0.318493                 NaN            NaN            NaN
  1365.02        2500.00        98.9227                 NaN  0.537923                 NaN            NaN            NaN  0.224018                 NaN  0.315339                 NaN            NaN            NaN
  1363.79        2500.00        98.9311                 NaN  0.532274                 NaN            NaN            NaN  0.223948                 NaN  0.312668                 NaN            NaN            NaN
  1362.56        2500.00        98.9382                 NaN  0.534769                 NaN            NaN            NaN  0.217657                 NaN  0.309424                 NaN            NaN            NaN
  1361.33        2500.00        98.9451                 NaN  0.527290                 NaN            NaN            NaN  0.219858                 NaN  0.307794                 NaN            NaN            NaN
  1360.10        2500.00        98.9573                 NaN  0.524346                 NaN            NaN            NaN  0.215490                 NaN  0.302842                 NaN            NaN            NaN
  1358.87        2500.00        98.9630                 NaN  0.522126                 NaN            NaN            NaN  0.213861                 NaN  0.301039                 NaN            NaN            NaN
  1357.65        2500.00        98.9697                 NaN  0.524541                 NaN            NaN            NaN  0.207576                 NaN  0.298144                 NaN            NaN            NaN
  1356.42        2500.00        98.9787                 NaN  0.516105                 NaN            NaN            NaN  0.209757                 NaN  0.295423                 NaN            NaN            NaN
  1355.19        2500.00        98.9859                 NaN  0.504109                 NaN            NaN            NaN  0.215066                 NaN  0.294938                 NaN            NaN            NaN
  1353.96        2500.00        98.9966                 NaN  0.515724                 NaN            NaN            NaN  0.199557                 NaN  0.288092                 NaN            NaN            NaN
  1352.73        2500.00        99.0005                 NaN  0.510254                 NaN            NaN            NaN  0.201801                 NaN  0.287396                 NaN            NaN            NaN
  1351.50        2500.00        99.0063                 NaN  0.515210                 NaN            NaN            NaN  0.193157                 NaN  0.285348                 NaN            NaN            NaN
  1350.27        2500.00        99.0165                 NaN  0.503759                 NaN            NaN            NaN  0.198434                 NaN  0.281299                 NaN            NaN            NaN
  1349.04        2500.00        99.0206                 NaN  0.501333                 NaN            NaN            NaN  0.197747                 NaN  0.280286                 NaN            NaN            NaN
  1347.81        2500.00        99.0298                 NaN  0.499500                 NaN            NaN            NaN  0.193321                 NaN  0.277414                 NaN            NaN            NaN
  1346.58        2500.00        99.0311                 NaN  0.497527                 NaN            NaN            NaN  0.194982                 NaN  0.276381                 NaN            NaN            NaN
  1345.36        2500.00        99.0426                 NaN  0.496116                 NaN            NaN            NaN  0.189394                 NaN  0.271892                 NaN            NaN            NaN
  1344.13        2500.00        99.0466                 NaN  0.497633                 NaN            NaN            NaN  0.185431                 NaN  0.270384                 NaN            NaN            NaN
  1342.90        2500.00        99.0526                 NaN  0.493590                 NaN            NaN            NaN  0.185431                 NaN  0.268372                 NaN            NaN            NaN
  1341.67        2500.00        99.0597                 NaN  0.491455                 NaN            NaN            NaN  0.182943                 NaN  0.265889                 NaN            NaN            NaN
  1340.44        2500.00        99.0667                 NaN  0.488428                 NaN            NaN            NaN  0.181313                 NaN  0.263593                 NaN            NaN            NaN
  1339.21        2500.00        99.0723                 NaN  0.487493                 NaN            NaN            NaN  0.178849                 NaN  0.261404                 NaN            NaN            NaN
  1337.98        2500.00        99.0764                 NaN  0.490004                 NaN            NaN            NaN  0.174143                 NaN  0.259417                 NaN            NaN            NaN
  1336.75        2500.00        99.0821                 NaN  0.486519                 NaN            NaN            NaN  0.174018                 NaN  0.257401                 NaN            NaN            NaN
  1335.52        2500.00        99.0053                 NaN  0.518874                 NaN            NaN            NaN  0.161290                 NaN  0.272218       0.422720E-001            NaN            NaN
  1334.29        2500.00        98.9779                 NaN  0.528496                 NaN            NaN            NaN  0.156439                 NaN  0.277164       0.599509E-001            NaN            NaN
  1333.07        2500.00        98.9863                 NaN  0.525233                 NaN            NaN            NaN  0.154738                 NaN  0.274726       0.590082E-001            NaN            NaN
  1331.84        2500.00        98.9985                 NaN  0.514483                 NaN            NaN            NaN  0.157175                 NaN  0.271574       0.582188E-001            NaN            NaN
  1330.61        2500.00        99.0080                 NaN  0.511027                 NaN            NaN            NaN  0.154804                 NaN  0.268950       0.572283E-001            NaN            NaN
  1329.38        2500.00        99.0191                 NaN  0.505227                 NaN            NaN            NaN  0.153416                 NaN  0.265954       0.562976E-001            NaN            NaN
  1328.15        2500.00        99.0265                 NaN  0.504314                 NaN            NaN            NaN  0.150691                 NaN  0.263174       0.553373E-001            NaN            NaN
  1326.92        2500.00        99.0375                 NaN  0.496103                 NaN            NaN            NaN  0.151279                 NaN  0.260604       0.545355E-001            NaN            NaN
  1325.69        2500.00        99.0466                 NaN  0.492552                 NaN            NaN            NaN  0.149292                 NaN  0.257914       0.535948E-001            NaN            NaN
  1324.46        2500.00        99.0551                 NaN  0.489386                 NaN            NaN            NaN  0.147357                 NaN  0.255437       0.527064E-001            NaN            NaN
  1323.23        2500.00        99.0653                 NaN  0.484431                 NaN            NaN            NaN  0.145825                 NaN  0.252595       0.518180E-001            NaN            NaN
  1322.00        2500.00        99.0728                 NaN  0.481676                 NaN            NaN            NaN  0.144215                 NaN  0.250365       0.509721E-001            NaN            NaN
  1320.77        2500.00        99.0815                 NaN  0.480050                 NaN            NaN            NaN  0.140686                 NaN  0.247721       0.499966E-001            NaN            NaN
  1319.55        2500.00        99.0906                 NaN  0.472139                 NaN            NaN            NaN  0.142622                 NaN  0.245319       0.493499E-001            NaN            NaN
  1318.32        2500.00        99.0991                 NaN  0.471444                 NaN            NaN            NaN  0.138310                 NaN  0.242780       0.483604E-001            NaN            NaN
  1317.09        2500.00        99.1079                 NaN  0.467240                 NaN            NaN            NaN  0.137054                 NaN  0.240251       0.475628E-001            NaN            NaN
  1315.86        2500.00        99.1165                 NaN  0.462961                 NaN            NaN            NaN  0.135921                 NaN  0.237898       0.467624E-001            NaN            NaN
  1314.63        2500.00        99.1242                 NaN  0.459399                 NaN            NaN            NaN  0.134741                 NaN  0.235617       0.460263E-001            NaN            NaN
  1313.40        2500.00        99.1322                 NaN  0.457299                 NaN            NaN            NaN  0.132033                 NaN  0.233289       0.451347E-001            NaN            NaN
  1312.17        2500.00        99.1416                 NaN  0.452939                 NaN            NaN            NaN  0.130164                 NaN  0.230817       0.444375E-001            NaN            NaN
  1310.94        2500.00        99.1488                 NaN  0.450532                 NaN            NaN            NaN  0.128664                 NaN  0.228427       0.435745E-001            NaN            NaN
  1309.71        2500.00        99.1561                 NaN  0.448626                 NaN            NaN            NaN  0.126076                 NaN  0.226393       0.427931E-001            NaN            NaN
  1308.48        2500.00        99.1633                 NaN  0.446151                 NaN            NaN            NaN  0.124279                 NaN  0.224269       0.420147E-001            NaN            NaN
  1307.26        2500.00        99.1712                 NaN  0.442743                 NaN            NaN            NaN  0.122778                 NaN  0.221965       0.413016E-001            NaN            NaN
  1306.03        2500.00        99.1786                 NaN  0.440953                 NaN            NaN            NaN  0.120141                 NaN  0.219818       0.405197E-001            NaN            NaN
  1304.80        2500.00        99.1858                 NaN  0.438814                 NaN            NaN            NaN  0.117917                 NaN  0.217773       0.397294E-001            NaN            NaN
  1303.57        2500.00        99.1934                 NaN  0.436003                 NaN            NaN            NaN  0.115879                 NaN  0.215676       0.390116E-001            NaN            NaN
  1302.34        2500.00        85.1262                 NaN   3.49503                 NaN            NaN            NaN   1.02266                 NaN   2.01499       0.514550        7.82656                 NaN
  1301.11        2500.00        74.7394                 NaN   5.74382                 NaN            NaN            NaN   1.78405                 NaN   3.33806       0.849937        13.5447                 NaN
  1299.88        2500.00        76.5308                 NaN   5.38322                 NaN            NaN            NaN   1.71462                 NaN   3.10408       0.772892        12.4944                 NaN
  1298.65        2500.00        78.2228                 NaN   5.05566                 NaN            NaN            NaN   1.62393                 NaN   2.88294       0.701732        11.5129                 NaN
  1297.42        2500.00        79.7556                 NaN   4.76348                 NaN            NaN            NaN   1.53125                 NaN   2.68266       0.638379        10.6286                 NaN
  1296.19        2500.00        81.1659                 NaN   4.49825                 NaN            NaN            NaN   1.43341                 NaN   2.49793       0.581549        9.82295                 NaN
  1294.97        2500.00        81.9000                 NaN   4.34633                 NaN            NaN            NaN   1.36558                 NaN   2.40618       0.557040        9.42488                 NaN
  1293.74        2500.00        82.6442                 NaN   4.27734                 NaN            NaN            NaN   1.31732                 NaN   2.29775       0.515092        8.94833                 NaN
  1292.51        2500.00        85.2191                 NaN   3.34105                 NaN            NaN            NaN   1.19107                 NaN   1.99213       0.468684        7.78796                 NaN
  1291.28        2500.00        87.7039                 NaN   3.42923                 NaN            NaN            NaN  0.935299                 NaN   1.59316       0.311211        6.02725                 NaN
  1290.05        2500.00        84.6744                 NaN   3.94462                 NaN            NaN            NaN   1.08780                 NaN   2.02903       0.446913        7.81719                 NaN
  1288.82        2500.00        88.4382                 NaN   2.96867                 NaN            NaN            NaN  0.937447                 NaN   1.55284       0.311556        5.79128                 NaN
  1287.59        2500.00        88.2342                 NaN   3.09609                 NaN            NaN            NaN  0.782436                 NaN   1.56946       0.335024        5.98277                 NaN
  1286.36        2500.00        84.9994                 NaN   3.85907                 NaN            NaN            NaN   1.11022                 NaN   2.04330       0.425641        7.56232                 NaN
  1285.13        2500.00        96.1652                 NaN   1.25752                 NaN            NaN            NaN  0.236392                 NaN  0.459213       0.734100E-001   1.80827                 NaN
  1283.90        2500.00        92.0743                 NaN   2.19735                 NaN            NaN            NaN  0.550667                 NaN   1.05299       0.207126        3.91754                 NaN
  1282.68        2500.00        90.8271                 NaN   2.53204                 NaN            NaN            NaN  0.585789                 NaN   1.22653       0.244809        4.58369                 NaN
  1281.45        2500.00        92.3824                 NaN   2.16999                 NaN            NaN            NaN  0.466232                 NaN   1.01168       0.199593        3.77006                 NaN
  1280.22        2500.00        92.2038                 NaN   2.19335                 NaN            NaN            NaN  0.488388                 NaN   1.04166       0.203040        3.86980                 NaN
  1278.99        2500.00        91.4024                 NaN   2.13973                 NaN            NaN            NaN  0.540981                 NaN   1.18271       0.272204        4.46198                 NaN
  1277.76        2500.00        93.1661                 NaN   2.33496                 NaN            NaN            NaN  0.231414                 NaN  0.853487       0.142582        3.27146                 NaN
  1276.53        2500.00        92.0238                 NaN   1.91479                 NaN            NaN            NaN  0.698797                 NaN   1.10115       0.201955        4.05953                 NaN
  1275.30        2500.00        96.1905                 NaN   1.47699                 NaN            NaN            NaN  0.366163E-001            NaN  0.482873       0.917318E-001   1.72129                 NaN
  1274.07        2500.00        90.8965                 NaN   2.70763                 NaN            NaN            NaN  0.453663                 NaN   1.24402       0.257386        4.44084                 NaN
  1272.84        2500.00        97.4969                 NaN  0.711417                 NaN            NaN            NaN  0.142562                 NaN  0.295015       0.327548E-001   1.32137                 NaN
  1271.61        2500.00        94.2967                 NaN   1.79600                 NaN            NaN            NaN  0.211581                 NaN  0.760169       0.136830        2.79870                 NaN
  1270.38        2500.00        94.4531                 NaN   1.79518                 NaN            NaN            NaN  0.160773                 NaN  0.737764       0.131431        2.72180                 NaN
  1269.16        2500.00        94.6202                 NaN   1.79335                 NaN            NaN            NaN  0.113587                 NaN  0.714652       0.124457        2.63378                 NaN
  1267.93        2500.00        82.5889        7.84748       0.837568                 NaN            NaN            NaN   1.21525                 NaN   1.15204       0.341863        6.01687                 NaN
  1266.70        2500.00        81.9310                 NaN   6.93926                 NaN            NaN            NaN            NaN            NaN   2.44555       0.348234        8.33593                 NaN
  1265.47        2500.00        99.1155                 NaN  0.284917                 NaN            NaN            NaN            NaN            NaN  0.122245       0.182058E-001  0.459145                 NaN
  1264.24        2500.00        99.9280                 NaN  0.620953E-001            NaN            NaN            NaN            NaN            NaN  0.751348E-002  0.239509E-002            NaN            NaN
  1263.01        2500.00        99.3010                 NaN  0.231116                 NaN            NaN            NaN  0.444372E-001            NaN  0.100916       0.168537E-001  0.305662                 NaN
  1261.78        2500.00        98.8458                 NaN  0.499925                 NaN            NaN            NaN            NaN            NaN  0.145840       0.941699E-002  0.499019                 NaN
  1260.55        2500.00        91.6809                 NaN   2.83738                 NaN            NaN            NaN            NaN            NaN   1.15390       0.180981        4.14686                 NaN
  1259.32        2500.00        95.5595                 NaN  0.577955        1.12089                 NaN            NaN            NaN            NaN  0.622258       0.646942E-001   2.05474                 NaN
  1258.09        2500.00        98.5121                 NaN  0.783667                 NaN            NaN            NaN            NaN            NaN  0.195333       0.488366E-001  0.460055                 NaN
  1256.87        2500.00        98.6778                 NaN  0.220721                 NaN            NaN            NaN            NaN            NaN  0.561917E-001            NaN   1.04524                 NaN
  1255.64        2500.00        92.7471                 NaN   2.76233                 NaN            NaN            NaN            NaN            NaN   1.07749       0.163807        3.24927                 NaN
  1254.41        2500.00        99.7824                 NaN  0.620158E-001            NaN            NaN            NaN            NaN            NaN            NaN            NaN  0.155620                 NaN
  1253.18        2500.00        97.0116                 NaN  0.941804                 NaN            NaN            NaN            NaN            NaN  0.350463       0.839414E-001   1.61221                 NaN
  1251.95        2500.00        98.0415                 NaN  0.775579                 NaN            NaN            NaN            NaN            NaN  0.274848       0.230882E-001  0.884950                 NaN
  1250.72        2500.00        96.8347                 NaN   1.10321                 NaN            NaN            NaN            NaN            NaN  0.418108       0.678584E-001   1.57615                 NaN
  1249.49        2500.00        97.2351                 NaN  0.956949                 NaN            NaN            NaN            NaN            NaN  0.362421       0.605781E-001   1.38493                 NaN
  1248.26        2500.00        97.4130                 NaN  0.872796                 NaN            NaN            NaN            NaN            NaN  0.348532       0.540285E-001   1.31163                 NaN
  1247.03        2500.00        97.4247                 NaN  0.888936                 NaN            NaN            NaN            NaN            NaN  0.335964       0.556910E-001   1.29468                 NaN
  1245.80        2500.00        97.4304                 NaN  0.849985                 NaN            NaN            NaN            NaN            NaN  0.336461       0.571592E-001   1.32597                 NaN
  1244.58        2500.00        97.5257                 NaN  0.759786                 NaN            NaN            NaN            NaN            NaN  0.324709       0.574173E-001   1.33240                 NaN
  1243.35        2500.00        96.9555                 NaN   1.10062                 NaN            NaN            NaN            NaN            NaN  0.397406       0.801900E-001   1.46632                 NaN
  1242.12        2500.00        99.1928                 NaN  0.139570       0.118951                 NaN            NaN            NaN            NaN  0.872814E-001  0.628629E-002  0.455070                 NaN
  1240.89        2500.00        97.4198                 NaN  0.858637                 NaN            NaN            NaN            NaN            NaN  0.338406       0.532263E-001   1.32993                 NaN
  1239.66        2500.00        97.8645                 NaN  0.699618                 NaN            NaN            NaN            NaN            NaN  0.280058       0.434369E-001   1.11238                 NaN
  1238.43        2500.00        97.4620                 NaN  0.824882                 NaN            NaN            NaN            NaN            NaN  0.325363       0.543202E-001   1.33348                 NaN
  1237.20        2500.00        97.2217                 NaN  0.345559       0.442718                 NaN            NaN            NaN            NaN  0.386863       0.704165E-001   1.53270                 NaN
  1235.97        2500.00        98.4625                 NaN  0.164251                 NaN            NaN            NaN            NaN            NaN  0.131707       0.968135E-001   1.14476                 NaN
  1234.74        2500.00        97.8805                 NaN  0.961625                 NaN            NaN            NaN            NaN            NaN  0.298042                 NaN  0.859798                 NaN
  1233.51        2500.00        99.7034                 NaN  0.796278E-001            NaN            NaN            NaN            NaN            NaN  0.630228E-001  0.296043E-001  0.124367                 NaN
  1232.29        2500.00        96.1194                 NaN   1.13611                 NaN            NaN            NaN            NaN            NaN  0.430941       0.190954E-001   2.00628       0.288193     
  1231.06        2500.00        61.7617                 NaN   1.04475        5.16539                 NaN            NaN            NaN            NaN   3.35370       0.404327        15.9054        12.3647     
  1229.83        2500.00                 NaN            NaN   11.4976        3.58690                 NaN            NaN            NaN            NaN   8.48917       0.980502        43.9639        31.4819     
  1228.60        2500.00                 NaN            NaN   14.9677       0.247073E-002            NaN            NaN            NaN            NaN   8.24533        1.07283        44.2212        31.4905     
  1227.37        2500.00                 NaN            NaN   2.68633        12.2576                 NaN            NaN            NaN            NaN   8.24860        1.04916        44.2954        31.4629     
  1226.14        2500.00                 NaN            NaN   14.9828                 NaN            NaN            NaN            NaN            NaN   8.30878        1.04708        44.1743        31.4871     
  1224.91        2500.00                 NaN            NaN   11.4979        3.58665                 NaN            NaN            NaN            NaN   8.48916       0.980504        43.9639        31.4819     
  1223.68        2500.00                 NaN            NaN   14.9808                 NaN            NaN            NaN            NaN            NaN   8.25036        1.03988        44.2591        31.4698     
  1222.45        2500.00                 NaN            NaN   15.0845                 NaN            NaN            NaN            NaN            NaN   8.48917       0.980502        43.9639        31.4819     
  1221.22        2500.00                 NaN            NaN   14.9524                 NaN            NaN            NaN            NaN            NaN   8.25909        1.04591        44.2783        31.4643     
  1220.00        2500.00                 NaN            NaN   11.4976        3.58694                 NaN            NaN            NaN            NaN   8.48917       0.980502        43.9639        31.4819     
  1218.77        2500.00                 NaN            NaN  0.140986E-004   2.58693        12.4038                 NaN            NaN            NaN   8.31222        1.04675        44.1615        31.4888     
  1217.54        2500.00                 NaN            NaN   14.9890                 NaN            NaN            NaN            NaN            NaN   8.27052        1.03600        44.2329        31.4716     
  1216.31        2500.00                 NaN            NaN   11.5027        3.58173                 NaN            NaN            NaN            NaN   8.48891       0.980570        43.9642        31.4819     
  1215.08        2500.00                 NaN            NaN   11.5003        3.58415                 NaN            NaN            NaN            NaN   8.48903       0.980538        43.9641        31.4819     
  1213.85        2500.00                 NaN            NaN   15.0845                 NaN            NaN            NaN            NaN            NaN   8.48917       0.980502        43.9639        31.4819     
  1212.62        2500.00                 NaN            NaN   14.9946                 NaN            NaN            NaN            NaN            NaN   8.28273        1.03287        44.2178        31.4720     
  1211.39        2500.00                 NaN            NaN  0.181218        14.8211                 NaN            NaN            NaN            NaN   8.28862        1.02971        44.2061        31.4732     
  1210.16        2500.00                 NaN            NaN  0.147571        14.8560                 NaN            NaN            NaN            NaN   8.29140        1.02898        44.2027        31.4734     
  1208.93        2500.00                 NaN            NaN   11.4976        3.58691                 NaN            NaN            NaN            NaN   8.48917       0.980502        43.9639        31.4819     
  1207.70        2500.00                 NaN            NaN   11.4976        3.58691                 NaN            NaN            NaN            NaN   8.48917       0.980502        43.9639        31.4819     
  1206.48        2500.00                 NaN            NaN   11.4976        3.58691                 NaN            NaN            NaN            NaN   8.48917       0.980502        43.9639        31.4819     
  1205.25        2500.00                 NaN            NaN   11.4975        3.58708                 NaN            NaN            NaN            NaN   8.48916       0.980505        43.9639        31.4819     
  1204.02        2500.00                 NaN            NaN   11.4976        3.58691                 NaN            NaN            NaN            NaN   8.48917       0.980502        43.9639        31.4819     
  1202.79        2500.00                 NaN            NaN   11.4976        3.58691                 NaN            NaN            NaN            NaN   8.48917       0.980502        43.9639        31.4819     
  1201.56        2500.00                 NaN            NaN   11.4976        3.58691                 NaN            NaN            NaN            NaN   8.48917       0.980502        43.9639        31.4819     
  1200.33        2500.00                 NaN            NaN   11.4976        3.58691                 NaN            NaN            NaN            NaN   8.48917       0.980502        43.9639        31.4819     
  1199.10        2500.00                 NaN            NaN   11.4976        3.58691                 NaN            NaN            NaN            NaN   8.48917       0.980502        43.9639        31.4819     
  1197.87        2500.00                 NaN            NaN   11.4976        3.58691                 NaN            NaN            NaN            NaN   8.48917       0.980502        43.9639        31.4819     
  1196.64        2500.00                 NaN            NaN   11.4976        3.58691                 NaN            NaN            NaN            NaN   8.48917       0.980502        43.9639        31.4819     
  1195.41        2500.00                 NaN            NaN   11.4976        3.58691                 NaN            NaN            NaN            NaN   8.48917       0.980502        43.9639        31.4819     
  1194.19        2500.00                 NaN            NaN   11.4976        3.58691                 NaN            NaN            NaN            NaN   8.48917       0.980502        43.9639        31.4819     
  1192.96        2500.00                 NaN            NaN   11.4976        3.58691                 NaN            NaN            NaN            NaN   8.48917       0.980502        43.9639        31.4819     
  1191.73        2500.00                 NaN            NaN   11.4976        3.58691                 NaN            NaN            NaN            NaN   8.48917       0.980502        43.9639        31.4819     
  1190.50        2500.00                 NaN            NaN   11.4976        3.58694                 NaN            NaN            NaN            NaN   8.48917       0.980502        43.9639        31.4819     
  1189.27        2500.00                 NaN            NaN   11.4976        3.58691                 NaN            NaN            NaN            NaN   8.48917       0.980502        43.9639        31.4819     
  1188.04        2500.00                 NaN            NaN   11.4976        3.58691                 NaN            NaN            NaN            NaN   8.48917       0.980502        43.9639        31.4819     
  1186.81        2500.00                 NaN            NaN   11.4976        3.58691                 NaN            NaN            NaN            NaN   8.48917       0.980502        43.9639        31.4819     
  1185.58        2500.00                 NaN            NaN   11.4976        3.58691                 NaN            NaN            NaN            NaN   8.48917       0.980502        43.9639        31.4819     
  1184.35        2500.00                 NaN            NaN   15.0845                 NaN            NaN            NaN            NaN            NaN   8.48917       0.980502        43.9639        31.4819     
  1183.12        2500.00                 NaN            NaN   15.0383                 NaN            NaN            NaN            NaN            NaN   8.34265        1.01266        44.1253        31.4811     
  1181.90        2500.00                 NaN            NaN   15.0405       0.260834E-005            NaN            NaN            NaN            NaN   8.34611        1.01159        44.1203        31.4815     
  1180.67        2500.00                 NaN            NaN   15.0427       0.315880E-005            NaN            NaN            NaN            NaN   8.34984        1.01045        44.1150        31.4820     
  1179.44        2500.00                 NaN            NaN   15.0450                 NaN            NaN            NaN            NaN            NaN   8.35551        1.00902        44.1081        31.4824     
  1178.21        2500.00                 NaN            NaN   15.0531       0.502883E-005            NaN            NaN            NaN            NaN   8.36330        1.00504        44.0951        31.4834     
  1176.98        2500.00                 NaN            NaN   15.0604       0.596367E-005            NaN            NaN            NaN            NaN   8.37014        1.00137        44.0836        31.4844     
  1175.75        2500.00                 NaN            NaN   11.4976        3.58697                 NaN            NaN            NaN            NaN   8.48917       0.980502        43.9639        31.4819     
  1174.52        2500.00                 NaN            NaN   15.0653       0.595970E-005            NaN            NaN            NaN            NaN   8.38086       0.998110        44.0709        31.4848     
  1173.29        2500.00                 NaN            NaN   15.0639                 NaN            NaN            NaN            NaN            NaN   8.37038        1.00322        44.0760        31.4865     
  1172.06        2500.00                 NaN            NaN   11.4976        3.58691                 NaN            NaN            NaN            NaN   8.48917       0.980501        43.9639        31.4819     
  1170.83        2500.00                 NaN            NaN   15.0415       0.619486E-005            NaN            NaN            NaN            NaN   8.42533        1.00082        44.0567        31.4756     
  1169.61        2500.00                 NaN            NaN   15.0789       0.864459E-004            NaN            NaN            NaN            NaN   8.38362       0.997654        44.0503        31.4895     
  1168.38        2500.00                 NaN            NaN   15.0774                 NaN            NaN            NaN            NaN            NaN   8.37320        1.00248        44.0582        31.4887     
  1167.15        2500.00                 NaN            NaN   12.0498        3.03756                 NaN            NaN            NaN            NaN   8.47284       0.983922        43.9723        31.4836     
  1165.92        2500.00                 NaN            NaN   15.0842                 NaN            NaN            NaN            NaN            NaN   8.39427       0.995934        44.0348        31.4908     
  1164.69        2500.00                 NaN            NaN   15.0888                 NaN            NaN            NaN            NaN            NaN   8.38335       0.999498        44.0367        31.4917     
  1163.46        2500.00                 NaN            NaN   15.0436                 NaN            NaN            NaN            NaN            NaN   8.39520        1.00135        44.0810        31.4789     
  1162.23        2500.00                 NaN            NaN   15.0923                 NaN            NaN            NaN            NaN            NaN   8.38805       0.996798        44.0305        31.4923     
  1161.00        2500.00                 NaN            NaN   11.4976        3.58690                 NaN            NaN            NaN            NaN   8.48917       0.980502        43.9639        31.4819     
  1159.77        2500.00                 NaN            NaN   12.6168        2.47802                 NaN            NaN            NaN            NaN   8.44157       0.987656        43.9886        31.4874     
  1158.54        2500.00                 NaN            NaN   15.0975                 NaN            NaN            NaN            NaN            NaN   8.39602       0.993750        44.0195        31.4933     
  1157.31        2500.00                 NaN            NaN   15.1016                 NaN            NaN            NaN            NaN            NaN   8.39963       0.996578        44.0087        31.4936     
  1156.09        2500.00                 NaN            NaN   15.1046                 NaN            NaN            NaN            NaN            NaN   8.39810       0.994759        44.0081        31.4944     
  1154.86        2500.00                 NaN            NaN   12.6264        2.47693                 NaN            NaN            NaN            NaN   8.44968       0.983933        43.9743        31.4887     
  1153.63        2500.00                 NaN            NaN   13.0147        2.08435                 NaN            NaN            NaN            NaN   8.45005       0.983987        43.9789        31.4880     
  1152.40        2500.00                 NaN            NaN   12.9097        2.19211                 NaN            NaN            NaN            NaN   8.45271       0.982945        43.9740        31.4885     
  1151.17        2500.00                 NaN            NaN   12.8247        2.28009                 NaN            NaN            NaN            NaN   8.45433       0.982288        43.9696        31.4890     
  1149.94        2500.00                 NaN            NaN   12.6773        2.43084                 NaN            NaN            NaN            NaN   8.45684       0.981221        43.9641        31.4897     
  1148.71        2500.00                 NaN            NaN   12.0703        3.04584                 NaN            NaN            NaN            NaN   8.45543       0.978069        43.9598        31.4905     
  1147.48        2500.00                 NaN            NaN   12.0128        3.10582                 NaN            NaN            NaN            NaN   8.45784       0.977066        43.9556        31.4909     
  1146.25        2500.00                 NaN            NaN   11.9535        3.16742                 NaN            NaN            NaN            NaN   8.46022       0.976077        43.9514        31.4913     
  1145.02        2500.00                 NaN            NaN   11.4976        3.58691                 NaN            NaN            NaN            NaN   8.48917       0.980502        43.9639        31.4819     
  1143.80        2500.00                 NaN            NaN   11.5956        3.53079                 NaN            NaN            NaN            NaN   8.46613       0.973845        43.9414        31.4922     
  1142.57        2500.00                 NaN            NaN   11.4976        3.58691                 NaN            NaN            NaN            NaN   8.48917       0.980502        43.9639        31.4819     
  1141.34        2500.00                 NaN            NaN   11.5195        3.61156                 NaN            NaN            NaN            NaN   8.46995       0.971972        43.9339        31.4931     
  1140.11        2500.00                 NaN            NaN   11.4976        3.58691                 NaN            NaN            NaN            NaN   8.48917       0.980502        43.9639        31.4819     
  1138.88        2500.00                 NaN            NaN   3.23578        11.8979                 NaN            NaN            NaN            NaN   8.47325       0.971128        43.9285        31.4934     
  1137.65        2500.00                 NaN            NaN   11.4977        3.58682                 NaN            NaN            NaN            NaN   8.48917       0.980502        43.9639        31.4819     
  1136.42        2500.00                 NaN            NaN   3.33334        11.8017                 NaN            NaN            NaN            NaN   8.47996       0.970817        43.9205        31.4937     
  1135.19        2500.00                 NaN            NaN   1.09392        5.76921        8.27562                 NaN            NaN            NaN   8.51287       0.963303        43.8915        31.4935     
  1133.96        2500.00                 NaN            NaN   1.09645        5.76781        8.27448                 NaN            NaN            NaN   8.51286       0.963307        43.8915        31.4935     
  1132.73        2500.00                 NaN            NaN   1.09902        5.76638        8.27332                 NaN            NaN            NaN   8.51286       0.963311        43.8916        31.4935     
  1131.51        2500.00                 NaN            NaN   1.10166        5.76492        8.27213                 NaN            NaN            NaN   8.51285       0.963315        43.8916        31.4935     
  1130.28        2500.00                 NaN            NaN   1.10435        5.76343        8.27092                 NaN            NaN            NaN   8.51284       0.963320        43.8916        31.4935     
  1129.05        2500.00                 NaN            NaN   1.10711        5.76190        8.26968                 NaN            NaN            NaN   8.51284       0.963325        43.8916        31.4935     
  1127.82        2500.00                 NaN            NaN   1.11041        5.76006        8.26819                 NaN            NaN            NaN   8.51283       0.963330        43.8916        31.4935     
  1126.59        2500.00                 NaN            NaN   1.14663        5.73998        8.25187                 NaN            NaN            NaN   8.51275       0.963390        43.8919        31.4935     
  1125.36        2500.00                 NaN            NaN   1.17600        5.72369        8.23863                 NaN            NaN            NaN   8.51268       0.963438        43.8921        31.4935     
  1124.13        2500.00                 NaN            NaN   1.19234        5.71463        8.23127                 NaN            NaN            NaN   8.51264       0.963465        43.8922        31.4934     
  1122.90        2500.00                 NaN            NaN  0.859328        5.89928        8.38136                 NaN            NaN            NaN   8.51340       0.962916        43.8899        31.4938     
  1121.67        2500.00                 NaN            NaN   11.4988        3.58579                 NaN            NaN            NaN            NaN   8.48917       0.980499        43.9639        31.4819     
  1120.44        2500.00                 NaN            NaN   4.30684        10.8218                 NaN            NaN            NaN            NaN   8.47589       0.979619        43.9201        31.4957     
  1119.22        2500.00                 NaN            NaN   3.92738        11.3034                 NaN            NaN            NaN            NaN   8.54937       0.938460        43.7683        31.5131     
  1117.99        2500.00                 NaN            NaN   3.92716        11.3036                 NaN            NaN            NaN            NaN   8.54938       0.938459        43.7683        31.5131     
  1116.76        2500.00                 NaN            NaN   3.92694        11.3038                 NaN            NaN            NaN            NaN   8.54940       0.938457        43.7683        31.5131     
  1115.53        2500.00                 NaN            NaN   11.6479        3.52488                 NaN            NaN            NaN            NaN   8.51678       0.954785        43.8548        31.5009     
  1114.30        2500.00                 NaN            NaN   11.6746        3.50038                 NaN            NaN            NaN            NaN   8.51928       0.953803        43.8506        31.5013     
  1113.07        2500.00                 NaN            NaN   11.6967        3.48060                 NaN            NaN            NaN            NaN   8.52179       0.952807        43.8464        31.5017     
  1111.84        2500.00                 NaN            NaN   11.7178        3.46186                 NaN            NaN            NaN            NaN   8.52431       0.951803        43.8421        31.5021     
  1110.61        2500.00                 NaN            NaN   11.7357        3.44633                 NaN            NaN            NaN            NaN   8.52683       0.950793        43.8378        31.5025     
  1109.38        2500.00                 NaN            NaN   11.7516        3.43277                 NaN            NaN            NaN            NaN   8.52935       0.949777        43.8335        31.5030     
  1108.15        2500.00                 NaN            NaN   11.7636        3.42321                 NaN            NaN            NaN            NaN   8.53183       0.948782        43.8292        31.5034     
  1106.92        2500.00                 NaN            NaN   4.74225        10.4516                 NaN            NaN            NaN            NaN   8.53533       0.946501        43.8193        31.5050     
  1105.70        2500.00                 NaN            NaN   3.44760        11.7478                 NaN            NaN            NaN            NaN   8.53870       0.945174        43.8165        31.5042     
  1104.47        2500.00                 NaN            NaN   3.18127        12.0174                 NaN            NaN            NaN            NaN   8.54000       0.944256        43.8119        31.5051     
  1103.24        2500.00                 NaN            NaN   11.5678        3.62951                 NaN            NaN            NaN            NaN   8.53984       0.945052        43.8124        31.5054     
  1102.01        2500.00                 NaN            NaN   11.5420        3.65819                 NaN            NaN            NaN            NaN   8.54251       0.943906        43.8074        31.5060     
  1100.78        2500.00                 NaN            NaN   11.5201        3.68284                 NaN            NaN            NaN            NaN   8.54514       0.942803        43.8026        31.5065     
  1099.55        2500.00                 NaN            NaN   11.5007        3.70483                 NaN            NaN            NaN            NaN   8.54773       0.941734        43.7979        31.5071     
  1098.32        2500.00                 NaN            NaN   11.4986        3.70969                 NaN            NaN            NaN            NaN   8.55044       0.940627        43.7931        31.5076     
  1097.09        2500.00                 NaN            NaN   11.5018        3.70913                 NaN            NaN            NaN            NaN   8.55314       0.939534        43.7883        31.5081     
  1095.86        2500.00                 NaN            NaN   11.5069        3.70674                 NaN            NaN            NaN            NaN   8.55580       0.938460        43.7835        31.5086     
  1094.63        2500.00                 NaN            NaN   11.5130        3.70325                 NaN            NaN            NaN            NaN   8.55842       0.937399        43.7788        31.5091     
  1093.41        2500.00                 NaN            NaN   4.40436        10.8079                 NaN            NaN            NaN            NaN   8.56375       0.937216        43.7807        31.5061     
  1092.18        2500.00                 NaN            NaN   4.41729        10.7975                 NaN            NaN            NaN            NaN   8.56663       0.936037        43.7760        31.5065     
  1090.95        2500.00                 NaN            NaN   3.84819        11.3718                 NaN            NaN            NaN            NaN   8.56215       0.935498        43.7730        31.5094     
  1089.72        2500.00                 NaN            NaN   4.48519        10.7326                 NaN            NaN            NaN            NaN   8.56900       0.934964        43.7712        31.5070     
  1088.49        2500.00                 NaN            NaN   4.42629        10.7959                 NaN            NaN            NaN            NaN   8.57226       0.933113        43.7648        31.5076     
  1087.26        2500.00                 NaN            NaN   10.7652        4.45732                 NaN            NaN            NaN            NaN   8.57490       0.932830        43.7620        31.5077     
  1086.03        2500.00                 NaN            NaN   4.45883        10.7660                 NaN            NaN            NaN            NaN   8.57728       0.931820        43.7579        31.5081     
  1084.80        2500.00                 NaN            NaN   10.7505        4.47699                 NaN            NaN            NaN            NaN   8.57978       0.930757        43.7534        31.5086     
  1083.57        2500.00                 NaN            NaN   4.47675        10.7531                 NaN            NaN            NaN            NaN   8.58219       0.929756        43.7493        31.5090     
  1082.34        2500.00                 NaN            NaN   4.46087        10.7717                 NaN            NaN            NaN            NaN   8.58464       0.928733        43.7448        31.5093     
  1081.12        2500.00                 NaN            NaN   4.45062        10.7843                 NaN            NaN            NaN            NaN   8.58706       0.927728        43.7406        31.5097     
  1079.89        2500.00                 NaN            NaN   15.2697                 NaN            NaN            NaN            NaN            NaN   8.61428       0.914443        43.6864        31.5151     
  1078.66        2500.00                 NaN            NaN   4.46439        10.7757                 NaN            NaN            NaN            NaN   8.59214       0.925576        43.7316        31.5105     
  1077.43        2500.00                 NaN            NaN   4.48762        10.7552                 NaN            NaN            NaN            NaN   8.59482       0.924432        43.7269        31.5110     
  1076.20        2500.00                 NaN            NaN   4.52975        10.7161                 NaN            NaN            NaN            NaN   8.59770       0.923177        43.7217        31.5115     
  1074.97        2500.00                 NaN            NaN   3.92884        11.3349                 NaN            NaN            NaN            NaN   8.61080       0.916573        43.6943        31.5146     
  1073.74        2500.00                 NaN            NaN   3.94289        11.3234                 NaN            NaN            NaN            NaN   8.61329       0.915512        43.6899        31.5150     
  1072.51        2500.00                 NaN            NaN   3.95763        11.3112                 NaN            NaN            NaN            NaN   8.61578       0.914451        43.6855        31.5154     
  1071.28        2500.00                 NaN            NaN   3.97311        11.2983                 NaN            NaN            NaN            NaN   8.61826       0.913388        43.6812        31.5158     
  1070.05        2500.00                 NaN            NaN   3.98931        11.2846                 NaN            NaN            NaN            NaN   8.62073       0.912326        43.6768        31.5162     
  1068.83        2500.00                 NaN            NaN   1.35001        13.9793                 NaN            NaN            NaN            NaN   8.60311       0.902618        43.6357        31.5292     
  1067.60        2500.00                 NaN            NaN   4.01803        11.2610                 NaN            NaN            NaN            NaN   8.62572       0.910180        43.6680        31.5171     
  1066.37        2500.00                 NaN            NaN   1.34923        13.9801                 NaN            NaN            NaN            NaN   8.60315       0.902613        43.6357        31.5292     
  1065.14        2500.00                 NaN            NaN   4.03184        11.2524                 NaN            NaN            NaN            NaN   8.63077       0.907976        43.6590        31.5179     
  1063.91        2500.00                 NaN            NaN   4.02879        11.2582                 NaN            NaN            NaN            NaN   8.63338       0.906832        43.6544        31.5184     
  1062.68        2500.00                 NaN            NaN   4.02621        11.2636                 NaN            NaN            NaN            NaN   8.63599       0.905684        43.6497        31.5188     
  1061.45        2500.00                 NaN            NaN   4.02410        11.2684                 NaN            NaN            NaN            NaN   8.63861       0.904530        43.6450        31.5193     
  1060.22        2500.00                 NaN            NaN   4.02250        11.2728                 NaN            NaN            NaN            NaN   8.64122       0.903372        43.6404        31.5197     
  1058.99        2500.00                 NaN            NaN   4.02137        11.2767                 NaN            NaN            NaN            NaN   8.64384       0.902209        43.6357        31.5202     
  1057.76        2500.00                 NaN            NaN   4.02076        11.2801                 NaN            NaN            NaN            NaN   8.64647       0.901043        43.6309        31.5207     
  1056.54        2500.00                 NaN            NaN   4.02069        11.2830                 NaN            NaN            NaN            NaN   8.64909       0.899872        43.6262        31.5211     
  1055.31        2500.00                 NaN            NaN   4.02117        11.2854                 NaN            NaN            NaN            NaN   8.65171       0.898698        43.6215        31.5216     
  1054.08        2500.00                 NaN            NaN   4.02219        11.2872                 NaN            NaN            NaN            NaN   8.65434       0.897520        43.6167        31.5220     
  1052.85        2500.00                 NaN            NaN   4.02378        11.2884                 NaN            NaN            NaN            NaN   8.65696       0.896338        43.6120        31.5225     
  1051.62        2500.00                 NaN            NaN   4.02595        11.2891                 NaN            NaN            NaN            NaN   8.65959       0.895154        43.6072        31.5230     
  1050.39        2500.00                 NaN            NaN   4.02873        11.2892                 NaN            NaN            NaN            NaN   8.66221       0.893966        43.6025        31.5234     
  1049.16        2500.00                 NaN            NaN   4.03210        11.2887                 NaN            NaN            NaN            NaN   8.66483       0.892777        43.5977        31.5239     
  1047.93        2500.00                 NaN            NaN   4.03611        11.2875                 NaN            NaN            NaN            NaN   8.66745       0.891584        43.5929        31.5244     
  1046.70        2500.00                 NaN            NaN   4.04077        11.2858                 NaN            NaN            NaN            NaN   8.67007       0.890389        43.5882        31.5249     
  1045.47        2500.00                 NaN            NaN   11.2833        4.04608                 NaN            NaN            NaN            NaN   8.67268       0.889194        43.5834        31.5253     
  1044.24        2500.00                 NaN            NaN   12.4071        2.95549                 NaN            NaN            NaN            NaN   8.69747       0.877467        43.5308        31.5317     
  1043.02        2500.00                 NaN            NaN   12.5041        2.86183                 NaN            NaN            NaN            NaN   8.70046       0.876123        43.5252        31.5323     
  1041.79        2500.00                 NaN            NaN   12.5065        2.85782                 NaN            NaN            NaN            NaN   8.70033       0.876698        43.5265        31.5321     
  1040.56        2500.00                 NaN            NaN   12.7133        2.66028                 NaN            NaN            NaN            NaN   8.70724       0.873054        43.5124        31.5337     
  1039.33        2500.00                 NaN            NaN   12.8154        2.56154                 NaN            NaN            NaN            NaN   8.71024       0.871643        43.5069        31.5343     
  1038.10        2500.00                 NaN            NaN   12.9024       0.380220E-002   2.47457                 NaN            NaN            NaN   8.71361       0.870083        43.5006        31.5350     
  1036.87        2500.00                 NaN            NaN   12.9855        2.39912                 NaN            NaN            NaN            NaN   8.71701       0.868513        43.4942        31.5356     
  1035.64        2500.00                 NaN            NaN   13.0618        2.32679                 NaN            NaN            NaN            NaN   8.72046       0.866897        43.4877        31.5363     
  1034.41        2500.00                 NaN            NaN   13.1336        2.25895                 NaN            NaN            NaN            NaN   8.72391       0.865304        43.4812        31.5370     
  1033.18        2500.00                 NaN            NaN   13.2011        2.19539                 NaN            NaN            NaN            NaN   8.72739       0.863690        43.4747        31.5377     
  1031.95        2500.00                 NaN            NaN   13.1937        2.20294                 NaN            NaN            NaN            NaN   8.72831       0.863585        43.4736        31.5378     
  1030.73        2500.00                 NaN            NaN   13.2533        2.14764                 NaN            NaN            NaN            NaN   8.73201       0.861835        43.4666        31.5385     
  1029.50        2500.00                 NaN            NaN   13.2950        2.11057                 NaN            NaN            NaN            NaN   8.73583       0.860000        43.4593        31.5393     
  1028.27        2500.00                 NaN            NaN   2.08319        13.3271                 NaN            NaN            NaN            NaN   8.73970       0.858127        43.4518        31.5401     
  1027.04        2500.00                 NaN            NaN  0.196746E-002   13.3663        2.04668                 NaN            NaN            NaN   8.74352       0.856275        43.4444        31.5409     
  1025.81        2500.00                 NaN            NaN  0.231607E-002   13.4075        2.00972                 NaN            NaN            NaN   8.74731       0.854422        43.4371        31.5416     
  1024.58        2500.00                 NaN            NaN   13.4578        1.96682                 NaN            NaN            NaN            NaN   8.75156       0.852381        43.4289        31.5425     
  1023.35        2500.00                 NaN            NaN  0.105916E-001   13.5616        1.85829                 NaN            NaN            NaN   8.75639       0.849983        43.4197        31.5434     
  1022.12        2500.00                 NaN            NaN   2.21696        13.2277                 NaN            NaN            NaN            NaN   8.76607       0.844508        43.3993        31.5454     
  1020.89        2500.00                 NaN            NaN   1.96809        13.4813                 NaN            NaN            NaN            NaN   8.77006       0.842574        43.3917        31.5462     
  1019.66        2500.00                 NaN            NaN   1.75552        13.6993                 NaN            NaN            NaN            NaN   8.77450       0.840372        43.3832        31.5471     
  1018.44        2500.00                 NaN            NaN   1.55674        13.9034                 NaN            NaN            NaN            NaN   8.77899       0.838159        43.3747        31.5480     
  1017.21        2500.00                 NaN            NaN   14.1177        1.34885                 NaN            NaN            NaN            NaN   8.78408       0.835580        43.3648        31.5490     
  1015.98        2500.00                 NaN            NaN   13.9747        1.49437                 NaN            NaN            NaN            NaN   8.78621       0.834645        43.3605        31.5496     
  1014.75        2500.00                 NaN            NaN   13.7827        1.68827                 NaN            NaN            NaN            NaN   8.78789       0.833957        43.3572        31.5500     
  1013.52        2500.00                 NaN            NaN   1.85941        13.6137                 NaN            NaN            NaN            NaN   8.78974       0.833182        43.3534        31.5506     
  1012.29        2500.00                 NaN            NaN   2.01121        13.4642                 NaN            NaN            NaN            NaN   8.79167       0.832361        43.3495        31.5511     
  1011.06        2500.00                 NaN            NaN   2.14979        13.3279                 NaN            NaN            NaN            NaN   8.79362       0.831530        43.3455        31.5517     
  1009.83        2500.00                 NaN            NaN   2.27744        13.2026                 NaN            NaN            NaN            NaN   8.79558       0.830679        43.3415        31.5522     
  1008.60        2500.00                 NaN            NaN   13.1254        2.35673                 NaN            NaN            NaN            NaN   8.79804       0.829723        43.3373        31.5527     
  1007.37        2500.00                 NaN            NaN  0.576929E-002   9.28400        6.05185                 NaN            NaN            NaN   8.69089       0.886721        43.5482        31.5326     
  1006.15        2500.00                 NaN            NaN   12.9123        2.57554                 NaN            NaN            NaN            NaN   8.80200       0.827870        43.3283        31.5540     
  1004.92        2500.00                 NaN            NaN   2.67506        12.8152                 NaN            NaN            NaN            NaN   8.80403       0.826981        43.3241        31.5546     
  1003.69        2500.00                 NaN            NaN   2.79051        12.7020                 NaN            NaN            NaN            NaN   8.80582       0.826233        43.3203        31.5551     
  1002.46        2500.00                 NaN            NaN   12.5983        2.89647                 NaN            NaN            NaN            NaN   8.80769       0.825438        43.3164        31.5557     
  1001.23        2500.00                 NaN            NaN   2.99390        12.5032                 NaN            NaN            NaN            NaN   8.80960       0.824626        43.3124        31.5563     
  1000.00        2500.00                 NaN            NaN   3.08472        12.4148                 NaN            NaN            NaN            NaN   8.81153       0.823798        43.3083        31.5569     
