T(K)	P(bar)	SiO2	TiO2	Al2O3	Cr2O3	FeO	MnO	MgO	CaO	Na2O	K2O	NiO
  1592.95      2500.00     0.303264     0.175288E-02 0.264620E-01 0.890885E-03 0.768417E-01  0.00000     0.155426     0.418979E-01 0.806704E-02 0.424646E-03  0.00000    
  1591.46      2500.00     0.300891     0.175264E-02 0.264107E-01 0.865632E-03 0.762874E-01  0.00000     0.153373     0.418601E-01 0.806617E-02 0.424646E-03  0.00000    
  1589.98      2500.00     0.298510     0.175241E-02 0.263596E-01 0.844034E-03 0.757398E-01  0.00000     0.151336     0.418215E-01 0.806528E-02 0.424646E-03  0.00000    
  1588.49      2500.00     0.296162     0.175217E-02 0.263092E-01 0.823034E-03 0.751983E-01  0.00000     0.149331     0.417828E-01 0.806440E-02 0.424646E-03  0.00000    
  1587.01      2500.00     0.293857     0.175193E-02 0.262596E-01 0.802493E-03 0.746653E-01  0.00000     0.147364     0.417442E-01 0.806354E-02 0.424646E-03  0.00000    
  1585.52      2500.00     0.291585     0.175169E-02 0.262107E-01 0.782374E-03 0.741387E-01  0.00000     0.145429     0.417055E-01 0.806267E-02 0.424646E-03  0.00000    
  1584.03      2500.00     0.289331     0.175144E-02 0.261623E-01 0.763053E-03 0.736184E-01  0.00000     0.143513     0.416664E-01 0.806183E-02 0.424646E-03  0.00000    
  1582.55      2500.00     0.287151     0.175121E-02 0.261150E-01 0.743819E-03 0.731103E-01  0.00000     0.141660     0.416282E-01 0.806099E-02 0.424646E-03  0.00000    
  1581.06      2500.00     0.284940     0.175095E-02 0.260670E-01 0.724506E-03 0.725956E-01  0.00000     0.139782     0.415889E-01 0.806012E-02 0.424646E-03  0.00000    
  1579.58      2500.00     0.282867     0.175070E-02 0.260217E-01 0.706650E-03 0.721153E-01  0.00000     0.138039     0.415514E-01 0.805931E-02 0.424646E-03  0.00000    
  1578.09      2500.00     0.280774     0.175047E-02 0.259762E-01 0.688642E-03 0.716206E-01  0.00000     0.136254     0.415135E-01 0.805849E-02 0.424646E-03  0.00000    
  1576.60      2500.00     0.278711     0.175023E-02 0.259313E-01 0.671453E-03 0.711371E-01  0.00000     0.134513     0.414754E-01 0.805769E-02 0.424646E-03  0.00000    
  1575.12      2500.00     0.276659     0.174996E-02 0.258856E-01 0.653599E-03 0.706498E-01  0.00000     0.132780     0.414371E-01 0.805688E-02 0.424646E-03  0.00000    
  1573.63      2500.00     0.274704     0.174972E-02 0.258425E-01 0.637276E-03 0.701865E-01  0.00000     0.131134     0.413998E-01 0.805613E-02 0.424646E-03  0.00000    
  1572.14      2500.00     0.272737     0.174947E-02 0.257993E-01 0.620926E-03 0.697195E-01  0.00000     0.129481     0.413615E-01 0.805534E-02 0.424646E-03  0.00000    
  1570.66      2500.00     0.270806     0.174923E-02 0.257566E-01 0.604780E-03 0.692602E-01  0.00000     0.127858     0.413235E-01 0.805457E-02 0.424646E-03  0.00000    
  1569.17      2500.00     0.268903     0.174897E-02 0.257143E-01 0.589019E-03 0.688063E-01  0.00000     0.126262     0.412855E-01 0.805381E-02 0.424646E-03  0.00000    
  1567.69      2500.00     0.267021     0.174872E-02 0.256728E-01 0.573960E-03 0.683555E-01  0.00000     0.124689     0.412477E-01 0.805305E-02 0.424646E-03  0.00000    
  1566.20      2500.00     0.265153     0.174846E-02 0.256308E-01 0.558890E-03 0.679107E-01  0.00000     0.123126     0.412099E-01 0.805230E-02 0.424646E-03  0.00000    
  1564.71      2500.00     0.262559     0.174809E-02 0.255726E-01 0.538341E-03 0.672856E-01  0.00000     0.120966     0.411572E-01 0.805124E-02 0.424646E-03  0.00000    
  1563.23      2500.00     0.261560     0.174796E-02 0.255502E-01 0.530317E-03 0.670447E-01  0.00000     0.120134     0.411360E-01 0.805084E-02 0.424646E-03  0.00000    
  1561.74      2500.00     0.259780     0.174771E-02 0.255103E-01 0.516257E-03 0.666103E-01  0.00000     0.118655     0.410985E-01 0.805010E-02 0.424646E-03  0.00000    
  1560.26      2500.00     0.258050     0.174745E-02 0.254713E-01 0.502563E-03 0.661907E-01  0.00000     0.117218     0.410609E-01 0.804939E-02 0.424646E-03  0.00000    
  1558.77      2500.00     0.256333     0.174721E-02 0.254322E-01 0.488650E-03 0.657688E-01  0.00000     0.115792     0.410229E-01 0.804868E-02 0.424646E-03  0.00000    
  1557.28      2500.00     0.254580     0.174695E-02 0.253928E-01 0.475096E-03 0.653407E-01  0.00000     0.114344     0.409837E-01 0.804794E-02 0.424646E-03  0.00000    
  1555.80      2500.00     0.252970     0.174670E-02 0.253564E-01 0.462931E-03 0.649479E-01  0.00000     0.113015     0.409472E-01 0.804727E-02 0.424646E-03  0.00000    
  1554.31      2500.00     0.251242     0.174642E-02 0.253164E-01 0.449626E-03 0.645350E-01  0.00000     0.111617     0.409064E-01 0.804653E-02 0.424646E-03  0.00000    
  1552.83      2500.00     0.249699     0.174618E-02 0.252822E-01 0.438434E-03 0.641469E-01  0.00000     0.110322     0.408715E-01 0.804590E-02 0.424646E-03  0.00000    
  1551.34      2500.00     0.248096     0.174592E-02 0.252455E-01 0.426558E-03 0.637524E-01  0.00000     0.109005     0.408338E-01 0.804523E-02 0.424646E-03  0.00000    
  1549.85      2500.00     0.246517     0.174566E-02 0.252092E-01 0.414839E-03 0.633634E-01  0.00000     0.107710     0.407959E-01 0.804456E-02 0.424646E-03  0.00000    
  1548.37      2500.00     0.244959     0.174539E-02 0.251735E-01 0.403426E-03 0.629777E-01  0.00000     0.106434     0.407581E-01 0.804389E-02 0.424646E-03  0.00000    
  1546.88      2500.00     0.243422     0.174512E-02 0.251380E-01 0.392267E-03 0.625962E-01  0.00000     0.105179     0.407203E-01 0.804323E-02 0.424646E-03  0.00000    
  1545.40      2500.00     0.241860     0.174484E-02 0.251018E-01 0.381060E-03 0.622073E-01  0.00000     0.103905     0.406814E-01 0.804256E-02 0.424646E-03  0.00000    
  1543.91      2500.00     0.240405     0.174458E-02 0.250683E-01 0.370825E-03 0.618452E-01  0.00000     0.102721     0.406447E-01 0.804192E-02 0.424646E-03  0.00000    
  1542.42      2500.00     0.238918     0.174430E-02 0.250343E-01 0.360392E-03 0.614720E-01  0.00000     0.101506     0.406063E-01 0.804127E-02 0.424646E-03  0.00000    
  1540.94      2500.00     0.237470     0.174403E-02 0.250004E-01 0.350258E-03 0.611124E-01  0.00000     0.100338     0.405683E-01 0.804063E-02 0.424646E-03  0.00000    
  1539.45      2500.00     0.236030     0.174375E-02 0.249667E-01 0.340172E-03 0.607514E-01  0.00000     0.991711E-01 0.405302E-01 0.804000E-02 0.424646E-03  0.00000    
  1537.96      2500.00     0.234603     0.174347E-02 0.249333E-01 0.330292E-03 0.603928E-01  0.00000     0.980169E-01 0.404919E-01 0.803936E-02 0.424646E-03  0.00000    
  1536.48      2500.00     0.233211     0.174320E-02 0.249006E-01 0.320830E-03 0.600426E-01  0.00000     0.968931E-01 0.404541E-01 0.803874E-02 0.424646E-03  0.00000    
  1534.99      2500.00     0.231822     0.174293E-02 0.248680E-01 0.311588E-03 0.596921E-01  0.00000     0.957749E-01 0.404158E-01 0.803811E-02 0.424646E-03  0.00000    
  1533.51      2500.00     0.230455     0.174264E-02 0.248359E-01 0.302637E-03 0.593470E-01  0.00000     0.946779E-01 0.403777E-01 0.803750E-02 0.424646E-03  0.00000    
  1532.02      2500.00     0.229282     0.174239E-02 0.248082E-01 0.295048E-03 0.590494E-01  0.00000     0.937381E-01 0.403445E-01 0.803697E-02 0.424646E-03  0.00000    
  1530.53      2500.00     0.227767     0.174207E-02 0.247721E-01 0.285230E-03 0.586652E-01  0.00000     0.925259E-01 0.403011E-01 0.803628E-02 0.424646E-03  0.00000    
  1529.05      2500.00     0.226442     0.174178E-02 0.247404E-01 0.276577E-03 0.583276E-01  0.00000     0.914652E-01 0.402624E-01 0.803568E-02 0.424646E-03  0.00000    
  1527.56      2500.00     0.225139     0.174149E-02 0.247094E-01 0.268596E-03 0.579963E-01  0.00000     0.904292E-01 0.402242E-01 0.803508E-02 0.424646E-03  0.00000    
  1526.08      2500.00     0.223855     0.174120E-02 0.246789E-01 0.260651E-03 0.576687E-01  0.00000     0.894097E-01 0.401857E-01 0.803448E-02 0.424646E-03  0.00000    
  1524.59      2500.00     0.222579     0.174091E-02 0.246484E-01 0.252795E-03 0.573422E-01  0.00000     0.883973E-01 0.401469E-01 0.803388E-02 0.424646E-03  0.00000    
  1523.10      2500.00     0.221325     0.174062E-02 0.246183E-01 0.245126E-03 0.570208E-01  0.00000     0.874048E-01 0.401084E-01 0.803329E-02 0.424646E-03  0.00000    
  1521.62      2500.00     0.220084     0.174032E-02 0.245883E-01 0.237580E-03 0.567009E-01  0.00000     0.864238E-01 0.400697E-01 0.803270E-02 0.424646E-03  0.00000    
  1520.13      2500.00     0.218907     0.174003E-02 0.245597E-01 0.230517E-03 0.563976E-01  0.00000     0.854949E-01 0.400324E-01 0.803214E-02 0.424646E-03  0.00000    
  1518.65      2500.00     0.217739     0.173979E-02 0.245364E-01 0.224493E-03 0.560378E-01  0.00000     0.844298E-01 0.400015E-01 0.803166E-02 0.424646E-03  0.00000    
  1517.16      2500.00     0.216506     0.173946E-02 0.245051E-01 0.217157E-03 0.557335E-01  0.00000     0.834963E-01 0.399598E-01 0.803106E-02 0.424646E-03  0.00000    
  1515.67      2500.00     0.215315     0.173915E-02 0.244755E-01 0.210273E-03 0.554289E-01  0.00000     0.825737E-01 0.399201E-01 0.803048E-02 0.424646E-03  0.00000    
  1514.19      2500.00     0.214106     0.173881E-02 0.244446E-01 0.203495E-03 0.551326E-01  0.00000     0.816703E-01 0.398778E-01 0.802987E-02 0.424646E-03  0.00000    
  1512.70      2500.00     0.212927     0.173847E-02 0.244144E-01 0.196568E-03 0.548418E-01  0.00000     0.807909E-01 0.398358E-01 0.802926E-02 0.424646E-03  0.00000    
  1511.22      2500.00     0.211763     0.173813E-02 0.243849E-01 0.190034E-03 0.545483E-01  0.00000     0.799086E-01 0.397947E-01 0.802867E-02 0.424646E-03  0.00000    
  1509.73      2500.00     0.210204     0.173780E-02 0.243475E-01 0.181979E-03 0.541425E-01  0.00000     0.786955E-01 0.397409E-01 0.802786E-02 0.424646E-03  0.00000    
  1508.24      2500.00     0.209494     0.173759E-02 0.243294E-01 0.178103E-03 0.539631E-01  0.00000     0.781609E-01 0.397149E-01 0.802749E-02 0.424646E-03  0.00000    
  1506.76      2500.00     0.208385     0.173727E-02 0.243022E-01 0.172374E-03 0.536694E-01  0.00000     0.772976E-01 0.396754E-01 0.802694E-02 0.424646E-03  0.00000    
  1505.27      2500.00     0.207280     0.173694E-02 0.242748E-01 0.166636E-03 0.533800E-01  0.00000     0.764475E-01 0.396350E-01 0.802637E-02 0.424646E-03  0.00000    
  1503.78      2500.00     0.206192     0.173662E-02 0.242477E-01 0.161141E-03 0.530944E-01  0.00000     0.756125E-01 0.395947E-01 0.802581E-02 0.424646E-03  0.00000    
  1502.30      2500.00     0.205110     0.173628E-02 0.242206E-01 0.155767E-03 0.528097E-01  0.00000     0.747845E-01 0.395541E-01 0.802525E-02 0.424646E-03  0.00000    
  1500.81      2500.00     0.204041     0.173593E-02 0.241934E-01 0.150474E-03 0.525279E-01  0.00000     0.739682E-01 0.395137E-01 0.802470E-02 0.424646E-03  0.00000    
  1499.33      2500.00     0.202985     0.173559E-02 0.241669E-01 0.145345E-03 0.522493E-01  0.00000     0.731644E-01 0.394727E-01 0.802415E-02 0.424646E-03  0.00000    
  1497.84      2500.00     0.201935     0.173525E-02 0.241404E-01 0.140335E-03 0.519720E-01  0.00000     0.723668E-01 0.394316E-01 0.802359E-02 0.424646E-03  0.00000    
  1496.35      2500.00     0.200902     0.173490E-02 0.241141E-01 0.135414E-03 0.516981E-01  0.00000     0.715839E-01 0.393904E-01 0.802304E-02 0.424646E-03  0.00000    
  1494.87      2500.00     0.199875     0.173454E-02 0.240880E-01 0.130572E-03 0.514259E-01  0.00000     0.708077E-01 0.393486E-01 0.802248E-02 0.424646E-03  0.00000    
  1493.38      2500.00     0.198858     0.173419E-02 0.240620E-01 0.125948E-03 0.511559E-01  0.00000     0.700418E-01 0.393068E-01 0.802193E-02 0.424646E-03  0.00000    
  1491.90      2500.00     0.197847     0.173382E-02 0.240360E-01 0.121478E-03 0.508871E-01  0.00000     0.692834E-01 0.392646E-01 0.802139E-02 0.424646E-03  0.00000    
  1490.41      2500.00     0.196849     0.173346E-02 0.240103E-01 0.117097E-03 0.506212E-01  0.00000     0.685360E-01 0.392225E-01 0.802084E-02 0.424646E-03  0.00000    
  1488.92      2500.00     0.195860     0.173311E-02 0.239846E-01 0.112724E-03 0.503571E-01  0.00000     0.677958E-01 0.391801E-01 0.802029E-02 0.424646E-03  0.00000    
  1487.44      2500.00     0.194884     0.173274E-02 0.239592E-01 0.108500E-03 0.500966E-01  0.00000     0.670686E-01 0.391375E-01 0.801974E-02 0.424646E-03  0.00000    
  1485.95      2500.00     0.193627     0.173230E-02 0.239265E-01 0.103352E-03 0.497585E-01  0.00000     0.661393E-01 0.390811E-01 0.801904E-02 0.424646E-03  0.00000    
  1484.47      2500.00     0.192945     0.173202E-02 0.239086E-01 0.100537E-03 0.495759E-01  0.00000     0.656340E-01 0.390504E-01 0.801865E-02 0.424646E-03  0.00000    
  1482.98      2500.00     0.191986     0.173163E-02 0.238835E-01 0.967749E-04 0.493191E-01  0.00000     0.649285E-01 0.390065E-01 0.801810E-02 0.424646E-03  0.00000    
  1481.49      2500.00     0.191038     0.173124E-02 0.238588E-01 0.929503E-04 0.490634E-01  0.00000     0.642313E-01 0.389617E-01 0.801754E-02 0.424646E-03  0.00000    
  1480.01      2500.00     0.190102     0.173085E-02 0.238341E-01 0.893176E-04 0.488123E-01  0.00000     0.635448E-01 0.389172E-01 0.801699E-02 0.424646E-03  0.00000    
  1478.52      2500.00     0.189170     0.173045E-02 0.238093E-01 0.857485E-04 0.485613E-01  0.00000     0.628638E-01 0.388727E-01 0.801644E-02 0.424646E-03  0.00000    
  1477.03      2500.00     0.188248     0.173004E-02 0.237848E-01 0.823070E-04 0.483135E-01  0.00000     0.621923E-01 0.388274E-01 0.801588E-02 0.424646E-03  0.00000    
  1475.55      2500.00     0.187331     0.172963E-02 0.237604E-01 0.789714E-04 0.480662E-01  0.00000     0.615274E-01 0.387818E-01 0.801533E-02 0.424646E-03  0.00000    
  1474.06      2500.00     0.186421     0.172920E-02 0.237360E-01 0.757468E-04 0.478210E-01  0.00000     0.608695E-01 0.387358E-01 0.801477E-02 0.424646E-03  0.00000    
  1472.58      2500.00     0.185517     0.172877E-02 0.237118E-01 0.726071E-04 0.475779E-01  0.00000     0.602187E-01 0.386891E-01 0.801421E-02 0.424646E-03  0.00000    
  1471.09      2500.00     0.183933     0.172613E-02 0.236791E-01 0.695804E-04 0.472237E-01  0.00000     0.592720E-01 0.383283E-01 0.800682E-02 0.424174E-03  0.00000    
  1469.60      2500.00     0.182190     0.172282E-02 0.236438E-01 0.667191E-04 0.468440E-01  0.00000     0.582629E-01 0.378898E-01 0.799778E-02 0.423588E-03  0.00000    
  1468.12      2500.00     0.180481     0.171962E-02 0.236087E-01 0.639332E-04 0.464684E-01  0.00000     0.572761E-01 0.374587E-01 0.798884E-02 0.423024E-03  0.00000    
  1466.63      2500.00     0.178800     0.171638E-02 0.235733E-01 0.612750E-04 0.460978E-01  0.00000     0.563087E-01 0.370347E-01 0.798006E-02 0.422463E-03  0.00000    
  1465.15      2500.00     0.177147     0.171308E-02 0.235378E-01 0.587207E-04 0.457310E-01  0.00000     0.553609E-01 0.366174E-01 0.797141E-02 0.421913E-03  0.00000    
  1463.66      2500.00     0.175514     0.170984E-02 0.235021E-01 0.564604E-04 0.453686E-01  0.00000     0.544295E-01 0.362068E-01 0.796292E-02 0.421374E-03  0.00000    
  1462.17      2500.00     0.173920     0.170651E-02 0.234664E-01 0.540496E-04 0.450107E-01  0.00000     0.535205E-01 0.358029E-01 0.795452E-02 0.420836E-03  0.00000    
  1460.69      2500.00     0.172351     0.170325E-02 0.234306E-01 0.516842E-04 0.446573E-01  0.00000     0.526285E-01 0.354050E-01 0.794626E-02 0.420318E-03  0.00000    
  1459.20      2500.00     0.170814     0.169995E-02 0.233948E-01 0.493687E-04 0.443091E-01  0.00000     0.517559E-01 0.350141E-01 0.793809E-02 0.419807E-03  0.00000    
  1457.72      2500.00     0.169297     0.169660E-02 0.233587E-01 0.471913E-04 0.439638E-01  0.00000     0.508994E-01 0.346288E-01 0.793006E-02 0.419295E-03  0.00000    
  1456.23      2500.00     0.167807     0.169324E-02 0.233225E-01 0.450695E-04 0.436227E-01  0.00000     0.500596E-01 0.342495E-01 0.792213E-02 0.418794E-03  0.00000    
  1454.74      2500.00     0.166339     0.168987E-02 0.232862E-01 0.430486E-04 0.432854E-01  0.00000     0.492357E-01 0.338759E-01 0.791427E-02 0.418295E-03  0.00000    
  1453.26      2500.00     0.164895     0.168655E-02 0.232497E-01 0.410902E-04 0.429522E-01  0.00000     0.484272E-01 0.335078E-01 0.790655E-02 0.417822E-03  0.00000    
  1451.77      2500.00     0.163469     0.168318E-02 0.232130E-01 0.392662E-04 0.426212E-01  0.00000     0.476336E-01 0.331450E-01 0.789894E-02 0.417335E-03  0.00000    
  1450.29      2500.00     0.162067     0.167978E-02 0.231758E-01 0.374509E-04 0.422942E-01  0.00000     0.468541E-01 0.327869E-01 0.789149E-02 0.416860E-03  0.00000    
  1448.80      2500.00     0.160694     0.167637E-02 0.231389E-01 0.356831E-04 0.419720E-01  0.00000     0.460934E-01 0.324359E-01 0.788407E-02 0.416397E-03  0.00000    
  1447.31      2500.00     0.159338     0.167297E-02 0.231015E-01 0.339436E-04 0.416535E-01  0.00000     0.453434E-01 0.320886E-01 0.787682E-02 0.415955E-03  0.00000    
  1445.83      2500.00     0.158010     0.166489E-02 0.230671E-01 0.331305E-04 0.413467E-01  0.00000     0.446383E-01 0.317247E-01 0.786801E-02 0.415311E-03  0.00000    
  1444.34      2500.00     0.156677     0.166052E-02 0.230305E-01 0.316541E-04 0.410037E-01  0.00000     0.438549E-01 0.314115E-01 0.786116E-02 0.414876E-03  0.00000    
  1442.85      2500.00     0.155313     0.164933E-02 0.229900E-01 0.305519E-04 0.406951E-01  0.00000     0.431404E-01 0.310769E-01 0.785253E-02 0.414325E-03  0.00000    
  1441.37      2500.00     0.154024     0.164497E-02 0.229503E-01 0.289534E-04 0.403966E-01  0.00000     0.424580E-01 0.307480E-01 0.784538E-02 0.413877E-03  0.00000    
  1439.88      2500.00     0.152731     0.163552E-02 0.229117E-01 0.279519E-04 0.400893E-01  0.00000     0.417645E-01 0.304240E-01 0.783726E-02 0.413358E-03  0.00000    
  1438.40      2500.00     0.151457     0.162597E-02 0.228730E-01 0.269772E-04 0.397854E-01  0.00000     0.410832E-01 0.301044E-01 0.782918E-02 0.412850E-03  0.00000    
  1436.91      2500.00     0.150272     0.161680E-02 0.228359E-01 0.260759E-04 0.395020E-01  0.00000     0.404520E-01 0.298069E-01 0.782170E-02 0.412376E-03  0.00000    
  1435.42      2500.00     0.149243     0.160837E-02 0.228038E-01 0.252465E-04 0.392531E-01  0.00000     0.399042E-01 0.295474E-01 0.781496E-02 0.411947E-03  0.00000    
  1433.94      2500.00     0.147743     0.159642E-02 0.227552E-01 0.241570E-04 0.388910E-01  0.00000     0.391125E-01 0.291712E-01 0.780535E-02 0.411340E-03  0.00000    
  1432.45      2500.00     0.146539     0.158677E-02 0.227153E-01 0.232899E-04 0.385983E-01  0.00000     0.384784E-01 0.288682E-01 0.779762E-02 0.410848E-03  0.00000    
  1430.97      2500.00     0.145352     0.157705E-02 0.226751E-01 0.224348E-04 0.383084E-01  0.00000     0.378552E-01 0.285690E-01 0.778999E-02 0.410364E-03  0.00000    
  1429.48      2500.00     0.144180     0.156728E-02 0.226347E-01 0.216078E-04 0.380210E-01  0.00000     0.372430E-01 0.282737E-01 0.778240E-02 0.409882E-03  0.00000    
  1427.99      2500.00     0.143024     0.155736E-02 0.225940E-01 0.207868E-04 0.377365E-01  0.00000     0.366410E-01 0.279821E-01 0.777487E-02 0.409406E-03  0.00000    
  1426.51      2500.00     0.141883     0.154746E-02 0.225528E-01 0.200020E-04 0.374540E-01  0.00000     0.360487E-01 0.276937E-01 0.776746E-02 0.408927E-03  0.00000    
  1425.02      2500.00     0.140757     0.153754E-02 0.225115E-01 0.192140E-04 0.371743E-01  0.00000     0.354672E-01 0.274091E-01 0.776007E-02 0.408464E-03  0.00000    
  1423.54      2500.00     0.139648     0.152761E-02 0.224700E-01 0.184606E-04 0.368972E-01  0.00000     0.348962E-01 0.271286E-01 0.775274E-02 0.407997E-03  0.00000    
  1422.05      2500.00     0.138551     0.151770E-02 0.224279E-01 0.177245E-04 0.366222E-01  0.00000     0.343339E-01 0.268509E-01 0.774553E-02 0.407532E-03  0.00000    
  1420.56      2500.00     0.137468     0.150781E-02 0.223855E-01 0.170068E-04 0.363495E-01  0.00000     0.337812E-01 0.265766E-01 0.773838E-02 0.407082E-03  0.00000    
  1419.08      2500.00     0.136399     0.149799E-02 0.223428E-01 0.163109E-04 0.360794E-01  0.00000     0.332376E-01 0.263056E-01 0.773130E-02 0.406635E-03  0.00000    
  1417.59      2500.00     0.135343     0.148814E-02 0.222998E-01 0.156294E-04 0.358111E-01  0.00000     0.327031E-01 0.260378E-01 0.772425E-02 0.406186E-03  0.00000    
  1416.11      2500.00     0.134300     0.147826E-02 0.222565E-01 0.149616E-04 0.355448E-01  0.00000     0.321774E-01 0.257730E-01 0.771726E-02 0.405747E-03  0.00000    
  1414.62      2500.00     0.132839     0.146414E-02 0.220939E-01 0.144064E-04 0.351809E-01  0.00000     0.314840E-01 0.253784E-01 0.770920E-02 0.405230E-03  0.00000    
  1413.13      2500.00     0.130761     0.144680E-02 0.217546E-01 0.138477E-04 0.346711E-01  0.00000     0.305464E-01 0.247949E-01 0.770002E-02 0.404644E-03  0.00000    
  1411.65      2500.00     0.128749     0.143008E-02 0.214261E-01 0.133120E-04 0.341717E-01  0.00000     0.296432E-01 0.242302E-01 0.769093E-02 0.404064E-03  0.00000    
  1410.16      2500.00     0.126793     0.141391E-02 0.211062E-01 0.127714E-04 0.336807E-01  0.00000     0.287687E-01 0.236808E-01 0.768188E-02 0.403482E-03  0.00000    
  1408.67      2500.00     0.124915     0.139844E-02 0.207993E-01 0.122868E-04 0.332033E-01  0.00000     0.279329E-01 0.231534E-01 0.767299E-02 0.402925E-03  0.00000    
  1407.19      2500.00     0.123087     0.138343E-02 0.205002E-01 0.118376E-04 0.327334E-01  0.00000     0.271229E-01 0.226397E-01 0.766413E-02 0.402363E-03  0.00000    
  1405.70      2500.00     0.121314     0.136896E-02 0.202101E-01 0.113857E-04 0.322728E-01  0.00000     0.263413E-01 0.221418E-01 0.765536E-02 0.401801E-03  0.00000    
  1404.22      2500.00     0.119596     0.135497E-02 0.199288E-01 0.109499E-04 0.318209E-01  0.00000     0.255869E-01 0.216588E-01 0.764665E-02 0.401250E-03  0.00000    
  1402.73      2500.00     0.117929     0.134147E-02 0.196557E-01 0.105396E-04 0.313778E-01  0.00000     0.248585E-01 0.211903E-01 0.763802E-02 0.400699E-03  0.00000    
  1401.24      2500.00     0.116311     0.132831E-02 0.193906E-01 0.101272E-04 0.309430E-01  0.00000     0.241548E-01 0.207355E-01 0.762944E-02 0.400160E-03  0.00000    
  1399.76      2500.00     0.114740     0.131565E-02 0.191331E-01 0.974432E-05 0.305160E-01  0.00000     0.234750E-01 0.202939E-01 0.762094E-02 0.399624E-03  0.00000    
  1398.27      2500.00     0.113214     0.130341E-02 0.188828E-01 0.936257E-05 0.300965E-01  0.00000     0.228176E-01 0.198648E-01 0.761250E-02 0.399088E-03  0.00000    
  1396.79      2500.00     0.111733     0.129156E-02 0.186397E-01 0.900574E-05 0.296849E-01  0.00000     0.221822E-01 0.194482E-01 0.760412E-02 0.398559E-03  0.00000    
  1395.30      2500.00     0.110292     0.128011E-02 0.184031E-01 0.866515E-05 0.292802E-01  0.00000     0.215674E-01 0.190429E-01 0.759581E-02 0.398031E-03  0.00000    
  1393.81      2500.00     0.108892     0.126899E-02 0.181733E-01 0.834580E-05 0.288830E-01  0.00000     0.209729E-01 0.186491E-01 0.758755E-02 0.397510E-03  0.00000    
  1392.33      2500.00     0.107529     0.125824E-02 0.179496E-01 0.803349E-05 0.284920E-01  0.00000     0.203974E-01 0.182659E-01 0.757934E-02 0.396997E-03  0.00000    
  1390.84      2500.00     0.106204     0.124782E-02 0.177320E-01 0.773623E-05 0.281077E-01  0.00000     0.198403E-01 0.178931E-01 0.757120E-02 0.396484E-03  0.00000    
  1389.36      2500.00     0.104915     0.123772E-02 0.175201E-01 0.744669E-05 0.277300E-01  0.00000     0.193010E-01 0.175304E-01 0.756310E-02 0.395978E-03  0.00000    
  1387.87      2500.00     0.103651     0.122772E-02 0.173122E-01 0.721271E-05 0.273555E-01  0.00000     0.187749E-01 0.171744E-01 0.755498E-02 0.395487E-03  0.00000    
  1386.38      2500.00     0.102438     0.121829E-02 0.171130E-01 0.694142E-05 0.269928E-01  0.00000     0.182723E-01 0.168331E-01 0.754703E-02 0.394995E-03  0.00000    
  1384.90      2500.00     0.101242     0.120916E-02 0.169162E-01 0.667032E-05 0.266312E-01  0.00000     0.177796E-01 0.164966E-01 0.753905E-02 0.394518E-03  0.00000    
  1383.41      2500.00     0.100089     0.120023E-02 0.167268E-01 0.642875E-05 0.262799E-01  0.00000     0.173069E-01 0.161724E-01 0.753118E-02 0.394020E-03  0.00000    
  1381.93      2500.00     0.989597E-01 0.119156E-02 0.165411E-01 0.619456E-05 0.259315E-01  0.00000     0.168463E-01 0.158544E-01 0.752332E-02 0.393529E-03  0.00000    
  1380.44      2500.00     0.978561E-01 0.118312E-02 0.163595E-01 0.597997E-05 0.255878E-01  0.00000     0.163986E-01 0.155438E-01 0.751550E-02 0.393035E-03  0.00000    
  1378.95      2500.00     0.967848E-01 0.117489E-02 0.161833E-01 0.575881E-05 0.252511E-01  0.00000     0.159661E-01 0.152423E-01 0.750772E-02 0.392557E-03  0.00000    
  1377.47      2500.00     0.957370E-01 0.116696E-02 0.160109E-01 0.554676E-05 0.249181E-01  0.00000     0.155459E-01 0.149475E-01 0.749999E-02 0.392076E-03  0.00000    
  1375.98      2500.00     0.947118E-01 0.115925E-02 0.158422E-01 0.535220E-05 0.245888E-01  0.00000     0.151371E-01 0.146589E-01 0.749228E-02 0.391600E-03  0.00000    
  1374.49      2500.00     0.937173E-01 0.115173E-02 0.156787E-01 0.514952E-05 0.242669E-01  0.00000     0.147424E-01 0.143792E-01 0.748463E-02 0.391124E-03  0.00000    
  1373.01      2500.00     0.927440E-01 0.114442E-02 0.155184E-01 0.494324E-05 0.239486E-01  0.00000     0.143581E-01 0.141054E-01 0.747701E-02 0.390650E-03  0.00000    
  1371.52      2500.00     0.917938E-01 0.113730E-02 0.153621E-01 0.475071E-05 0.236350E-01  0.00000     0.139853E-01 0.138381E-01 0.746941E-02 0.390174E-03  0.00000    
  1370.04      2500.00     0.908665E-01 0.113037E-02 0.152096E-01 0.457025E-05 0.233262E-01  0.00000     0.136234E-01 0.135773E-01 0.746185E-02 0.389706E-03  0.00000    
  1368.55      2500.00     0.899602E-01 0.112363E-02 0.150605E-01 0.439793E-05 0.230214E-01  0.00000     0.132718E-01 0.133224E-01 0.745432E-02 0.389245E-03  0.00000    
  1367.06      2500.00     0.890745E-01 0.111708E-02 0.149149E-01 0.423662E-05 0.227209E-01  0.00000     0.129302E-01 0.130734E-01 0.744681E-02 0.388790E-03  0.00000    
  1365.58      2500.00     0.882085E-01 0.111067E-02 0.147725E-01 0.408306E-05 0.224242E-01  0.00000     0.125983E-01 0.128299E-01 0.743934E-02 0.388328E-03  0.00000    
  1364.09      2500.00     0.873629E-01 0.110443E-02 0.146334E-01 0.392303E-05 0.221321E-01  0.00000     0.122760E-01 0.125922E-01 0.743189E-02 0.387871E-03  0.00000    
  1362.61      2500.00     0.865360E-01 0.109837E-02 0.144975E-01 0.377184E-05 0.218438E-01  0.00000     0.119627E-01 0.123598E-01 0.742447E-02 0.387416E-03  0.00000    
  1361.12      2500.00     0.857258E-01 0.109235E-02 0.143642E-01 0.362285E-05 0.215588E-01  0.00000     0.116578E-01 0.121321E-01 0.741703E-02 0.386968E-03  0.00000    
  1359.63      2500.00     0.849364E-01 0.108657E-02 0.142346E-01 0.349048E-05 0.212790E-01  0.00000     0.113621E-01 0.119104E-01 0.740967E-02 0.386520E-03  0.00000    
  1358.15      2500.00     0.841629E-01 0.108091E-02 0.141076E-01 0.335480E-05 0.210025E-01  0.00000     0.110743E-01 0.116932E-01 0.740231E-02 0.386069E-03  0.00000    
  1356.66      2500.00     0.834053E-01 0.107543E-02 0.139831E-01 0.321791E-05 0.207292E-01  0.00000     0.107942E-01 0.114805E-01 0.739498E-02 0.385620E-03  0.00000    
  1355.18      2500.00     0.826641E-01 0.107000E-02 0.138615E-01 0.309948E-05 0.204596E-01  0.00000     0.105224E-01 0.112726E-01 0.738765E-02 0.385174E-03  0.00000    
  1353.69      2500.00     0.819386E-01 0.106472E-02 0.137426E-01 0.298319E-05 0.201937E-01  0.00000     0.102577E-01 0.110691E-01 0.738034E-02 0.384731E-03  0.00000    
  1352.20      2500.00     0.812284E-01 0.105956E-02 0.136261E-01 0.286961E-05 0.199314E-01  0.00000     0.100001E-01 0.108700E-01 0.737305E-02 0.384292E-03  0.00000    
  1350.72      2500.00     0.805336E-01 0.105453E-02 0.135122E-01 0.276908E-05 0.196730E-01  0.00000     0.974944E-02 0.106752E-01 0.736578E-02 0.383855E-03  0.00000    
  1349.23      2500.00     0.798525E-01 0.104957E-02 0.134006E-01 0.266592E-05 0.194175E-01  0.00000     0.950571E-02 0.104844E-01 0.735851E-02 0.383416E-03  0.00000    
  1347.75      2500.00     0.791854E-01 0.104473E-02 0.132914E-01 0.256901E-05 0.191654E-01  0.00000     0.926844E-02 0.102976E-01 0.735126E-02 0.382977E-03  0.00000    
  1346.26      2500.00     0.785311E-01 0.103997E-02 0.131843E-01 0.247090E-05 0.189161E-01  0.00000     0.903758E-02 0.101145E-01 0.734401E-02 0.382543E-03  0.00000    
  1344.77      2500.00     0.778789E-01 0.103544E-02 0.130764E-01 0.245126E-05 0.186645E-01  0.00000     0.880641E-02 0.993009E-02 0.733677E-02 0.382079E-03  0.00000    
  1343.29      2500.00     0.772642E-01 0.103057E-02 0.129772E-01 0.235367E-05 0.184293E-01  0.00000     0.859348E-02 0.975984E-02 0.732955E-02 0.381647E-03  0.00000    
  1341.80      2500.00     0.766475E-01 0.102608E-02 0.128765E-01 0.225995E-05 0.181890E-01  0.00000     0.838052E-02 0.958765E-02 0.732232E-02 0.381212E-03  0.00000    
  1340.31      2500.00     0.760429E-01 0.102164E-02 0.127779E-01 0.217192E-05 0.179520E-01  0.00000     0.817330E-02 0.941902E-02 0.731508E-02 0.380780E-03  0.00000    
  1338.83      2500.00     0.754498E-01 0.101728E-02 0.126812E-01 0.208632E-05 0.177178E-01  0.00000     0.797144E-02 0.925369E-02 0.730785E-02 0.380351E-03  0.00000    
  1337.34      2500.00     0.748677E-01 0.101299E-02 0.125864E-01 0.200107E-05 0.174863E-01  0.00000     0.777485E-02 0.909158E-02 0.730061E-02 0.379921E-03  0.00000    
  1335.86      2500.00     0.742967E-01 0.100876E-02 0.124934E-01 0.192165E-05 0.172578E-01  0.00000     0.758340E-02 0.893269E-02 0.729337E-02 0.379492E-03  0.00000    
  1334.37      2500.00     0.737361E-01 0.100459E-02 0.124023E-01 0.184612E-05 0.170321E-01  0.00000     0.739691E-02 0.877685E-02 0.728613E-02 0.379062E-03  0.00000    
  1332.88      2500.00     0.731856E-01 0.100047E-02 0.123129E-01 0.177707E-05 0.168089E-01  0.00000     0.721522E-02 0.862393E-02 0.727887E-02 0.378637E-03  0.00000    
  1331.40      2500.00     0.726455E-01 0.996385E-03 0.122252E-01 0.170370E-05 0.165889E-01  0.00000     0.703822E-02 0.847414E-02 0.727161E-02 0.378210E-03  0.00000    
  1329.91      2500.00     0.721146E-01 0.992357E-03 0.121392E-01 0.163349E-05 0.163711E-01  0.00000     0.686587E-02 0.832709E-02 0.726434E-02 0.377782E-03  0.00000    
  1328.43      2500.00     0.715933E-01 0.988374E-03 0.120548E-01 0.156720E-05 0.161561E-01  0.00000     0.669790E-02 0.818282E-02 0.725705E-02 0.377355E-03  0.00000    
  1326.94      2500.00     0.710812E-01 0.984434E-03 0.119720E-01 0.150166E-05 0.159436E-01  0.00000     0.653423E-02 0.804132E-02 0.724976E-02 0.376927E-03  0.00000    
  1325.45      2500.00     0.705778E-01 0.980532E-03 0.118906E-01 0.143809E-05 0.157336E-01  0.00000     0.637473E-02 0.790239E-02 0.724245E-02 0.376498E-03  0.00000    
  1323.97      2500.00     0.700832E-01 0.976659E-03 0.118109E-01 0.137445E-05 0.155263E-01  0.00000     0.621929E-02 0.776614E-02 0.723513E-02 0.376071E-03  0.00000    
  1322.48      2500.00     0.695972E-01 0.972814E-03 0.117324E-01 0.131067E-05 0.153213E-01  0.00000     0.606766E-02 0.763229E-02 0.722779E-02 0.375638E-03  0.00000    
  1321.00      2500.00     0.691192E-01 0.968973E-03 0.116556E-01 0.125492E-05 0.151191E-01  0.00000     0.592007E-02 0.750108E-02 0.722041E-02 0.375210E-03  0.00000    
  1319.51      2500.00     0.686490E-01 0.965182E-03 0.115800E-01 0.120122E-05 0.149190E-01  0.00000     0.577612E-02 0.737213E-02 0.721303E-02 0.374782E-03  0.00000    
  1318.02      2500.00     0.681865E-01 0.961407E-03 0.115058E-01 0.114773E-05 0.147213E-01  0.00000     0.563580E-02 0.724552E-02 0.720561E-02 0.374355E-03  0.00000    
  1316.54      2500.00     0.677316E-01 0.957642E-03 0.114329E-01 0.109853E-05 0.145260E-01  0.00000     0.549895E-02 0.712120E-02 0.719817E-02 0.373927E-03  0.00000    
  1315.05      2500.00     0.672840E-01 0.953889E-03 0.113613E-01 0.104845E-05 0.143330E-01  0.00000     0.536557E-02 0.699910E-02 0.719071E-02 0.373498E-03  0.00000    
  1313.57      2500.00     0.668436E-01 0.950147E-03 0.112910E-01 0.999548E-06 0.141423E-01  0.00000     0.523550E-02 0.687921E-02 0.718321E-02 0.373066E-03  0.00000    
  1312.08      2500.00     0.664097E-01 0.946404E-03 0.112218E-01 0.955132E-06 0.139538E-01  0.00000     0.510869E-02 0.676138E-02 0.717568E-02 0.372636E-03  0.00000    
  1310.59      2500.00     0.659828E-01 0.942673E-03 0.111538E-01 0.912903E-06 0.137675E-01  0.00000     0.498501E-02 0.664563E-02 0.716812E-02 0.372206E-03  0.00000    
  1309.11      2500.00     0.655627E-01 0.938945E-03 0.110870E-01 0.870553E-06 0.135837E-01  0.00000     0.486433E-02 0.653198E-02 0.716052E-02 0.371774E-03  0.00000    
  1307.62      2500.00     0.651489E-01 0.935213E-03 0.110213E-01 0.831061E-06 0.134021E-01  0.00000     0.474665E-02 0.642032E-02 0.715289E-02 0.371341E-03  0.00000    
  1306.13      2500.00     0.647411E-01 0.931469E-03 0.109567E-01 0.794002E-06 0.132224E-01  0.00000     0.463189E-02 0.631053E-02 0.714522E-02 0.370905E-03  0.00000    
  1304.65      2500.00     0.643393E-01 0.927711E-03 0.108932E-01 0.756474E-06 0.130449E-01  0.00000     0.451996E-02 0.620264E-02 0.713750E-02 0.370470E-03  0.00000    
  1303.16      2500.00     0.639435E-01 0.923945E-03 0.108307E-01 0.722816E-06 0.128696E-01  0.00000     0.441075E-02 0.609661E-02 0.712974E-02 0.370029E-03  0.00000    
  1301.68      2500.00     0.635530E-01 0.920166E-03 0.107691E-01 0.690569E-06 0.126961E-01  0.00000     0.430422E-02 0.599231E-02 0.712194E-02 0.369590E-03  0.00000    
  1300.19      2500.00     0.631683E-01 0.916364E-03 0.107087E-01 0.659492E-06 0.125248E-01  0.00000     0.420036E-02 0.588987E-02 0.711408E-02 0.369151E-03  0.00000    
  1298.70      2500.00     0.621338E-01 0.913769E-03 0.105360E-01 0.604330E-06 0.122524E-01  0.00000     0.404744E-02 0.573381E-02 0.702457E-02 0.367598E-03  0.00000    
  1297.22      2500.00     0.545216E-01 0.893869E-03 0.925692E-02 0.446887E-06 0.110108E-01  0.00000     0.337880E-02 0.505853E-02 0.614049E-02 0.353300E-03  0.00000    
  1295.73      2500.00     0.389255E-01 0.674030E-03 0.658350E-02 0.166349E-06 0.788079E-02  0.00000     0.229285E-02 0.358724E-02 0.431352E-02 0.312890E-03  0.00000    
  1294.25      2500.00     0.274713E-01 0.497528E-03 0.461117E-02 0.635803E-07 0.550158E-02  0.00000     0.152865E-02 0.249800E-02 0.297537E-02 0.274604E-03  0.00000    
  1292.76      2500.00     0.208775E-01 0.391900E-03 0.347766E-02 0.285097E-07 0.413537E-02  0.00000     0.109826E-02 0.187249E-02 0.221036E-02 0.247558E-03  0.00000    
  1291.27      2500.00     0.166570E-01 0.321948E-03 0.275319E-02 0.139977E-07 0.326286E-02  0.00000     0.828657E-03 0.147315E-02 0.172412E-02 0.226938E-03  0.00000    
  1289.79      2500.00     0.137532E-01 0.272663E-03 0.225541E-02  0.00000     0.266319E-02  0.00000     0.647230E-03 0.119911E-02 0.139203E-02 0.210417E-03  0.00000    
  1288.30      2500.00     0.115856E-01 0.234416E-03 0.188451E-02  0.00000     0.221722E-02  0.00000     0.515085E-03 0.995281E-03 0.114604E-02 0.196356E-03  0.00000    
  1286.82      2500.00     0.100201E-01 0.207372E-03 0.161678E-02  0.00000     0.189301E-02  0.00000     0.421909E-03 0.848198E-03 0.969797E-03 0.184856E-03  0.00000    
  1285.33      2500.00     0.880884E-02 0.185817E-03 0.140986E-02  0.00000     0.164295E-02  0.00000     0.351267E-03 0.734834E-03 0.834422E-03 0.174925E-03  0.00000    
  1283.84      2500.00     0.780489E-02 0.167041E-03 0.123846E-02  0.00000     0.143760E-02  0.00000     0.293832E-03 0.641274E-03 0.723101E-03 0.165599E-03  0.00000    
  1282.36      2500.00     0.699599E-02 0.151326E-03 0.110025E-02  0.00000     0.127084E-02  0.00000     0.248883E-03 0.565847E-03 0.633906E-03 0.157454E-03  0.00000    
  1280.87      2500.00     0.635352E-02 0.138889E-03 0.990664E-03  0.00000     0.113845E-02  0.00000     0.213947E-03 0.506172E-03 0.563725E-03 0.150392E-03  0.00000    
  1279.38      2500.00     0.531120E-02 0.119126E-03 0.808400E-03  0.00000     0.949136E-03  0.00000     0.169394E-03 0.401740E-03 0.446699E-03 0.137110E-03  0.00000    
  1277.90      2500.00     0.525297E-02 0.115353E-03 0.803735E-03  0.00000     0.909603E-03  0.00000     0.157789E-03 0.396932E-03 0.443959E-03 0.136530E-03  0.00000    
  1276.41      2500.00     0.487547E-02 0.107649E-03 0.737544E-03  0.00000     0.835609E-03  0.00000     0.137939E-03 0.368695E-03 0.403761E-03 0.131078E-03  0.00000    
  1274.93      2500.00     0.455627E-02 0.101549E-03 0.683741E-03  0.00000     0.769789E-03  0.00000     0.121306E-03 0.340233E-03 0.370628E-03 0.126351E-03  0.00000    
  1273.44      2500.00     0.423087E-02 0.947736E-04 0.628314E-03  0.00000     0.703007E-03  0.00000     0.105908E-03 0.310603E-03 0.336679E-03 0.120981E-03  0.00000    
  1271.95      2500.00     0.390974E-02 0.881466E-04 0.573282E-03  0.00000     0.634736E-03  0.00000     0.914448E-04 0.280706E-03 0.303717E-03 0.115209E-03  0.00000    
  1270.47      2500.00     0.359097E-02 0.744905E-04 0.520499E-03  0.00000     0.592750E-03  0.00000     0.834365E-04 0.241698E-03 0.278189E-03 0.101047E-03  0.00000    
  1268.98      2500.00     0.321711E-02 0.665918E-04 0.459087E-03  0.00000     0.508959E-03  0.00000     0.642855E-04 0.218428E-03 0.239876E-03 0.943268E-04  0.00000    
  1267.50      2500.00     0.306079E-02 0.636998E-04 0.431939E-03  0.00000     0.477262E-03  0.00000     0.571666E-04 0.207151E-03 0.224170E-03 0.913897E-04  0.00000    
  1266.01      2500.00     0.292194E-02 0.610271E-04 0.408060E-03  0.00000     0.448964E-03  0.00000     0.511915E-04 0.196327E-03 0.210308E-03 0.886762E-04  0.00000    
  1264.52      2500.00     0.278193E-02 0.578296E-04 0.384126E-03  0.00000     0.419176E-03  0.00000     0.457684E-04 0.183740E-03 0.196262E-03 0.857265E-04  0.00000    
  1263.04      2500.00     0.262206E-02 0.540646E-04 0.356686E-03  0.00000     0.383464E-03  0.00000     0.395406E-04 0.168703E-03 0.180866E-03 0.819999E-04  0.00000    
  1261.55      2500.00     0.253637E-02 0.523588E-04 0.342135E-03  0.00000     0.366833E-03  0.00000     0.368514E-04 0.161530E-03 0.172159E-03 0.799075E-04  0.00000    
  1260.07      2500.00     0.241985E-02 0.496192E-04 0.322053E-03  0.00000     0.342629E-03  0.00000     0.330690E-04 0.151047E-03 0.160795E-03 0.768521E-04  0.00000    
  1258.58      2500.00     0.232175E-02 0.473284E-04 0.305400E-03  0.00000     0.321034E-03  0.00000     0.295966E-04 0.142203E-03 0.151541E-03 0.743083E-04  0.00000    
  1257.09      2500.00     0.223892E-02 0.453535E-04 0.291235E-03  0.00000     0.303353E-03  0.00000     0.269786E-04 0.134803E-03 0.143532E-03 0.721353E-04  0.00000    
  1255.61      2500.00     0.215465E-02 0.433194E-04 0.276807E-03  0.00000     0.285281E-03  0.00000     0.244035E-04 0.127270E-03 0.135554E-03 0.697732E-04  0.00000    
  1254.12      2500.00     0.206351E-02 0.399030E-04 0.260397E-03  0.00000     0.262037E-03  0.00000     0.222116E-04 0.118351E-03 0.126732E-03 0.670620E-04  0.00000    
  1252.64      2500.00     0.198841E-02 0.386476E-04 0.247919E-03  0.00000     0.246786E-03  0.00000     0.194398E-04 0.111406E-03 0.120251E-03 0.649429E-04  0.00000    
  1251.15      2500.00     0.193683E-02 0.375134E-04 0.239488E-03  0.00000     0.239232E-03  0.00000     0.181485E-04 0.107925E-03 0.115172E-03 0.632764E-04  0.00000    
  1249.66      2500.00     0.187080E-02 0.349737E-04 0.228204E-03  0.00000     0.226771E-03  0.00000     0.164810E-04 0.102260E-03 0.109366E-03 0.608086E-04  0.00000    
  1248.18      2500.00     0.180254E-02 0.324039E-04 0.216916E-03  0.00000     0.213571E-03  0.00000     0.145701E-04 0.960228E-04 0.103546E-03 0.583425E-04  0.00000    
  1246.69      2500.00     0.174681E-02 0.306320E-04 0.207697E-03  0.00000     0.203833E-03  0.00000     0.129047E-04 0.919668E-04 0.985879E-04 0.565060E-04  0.00000    
  1245.20      2500.00     0.168311E-02 0.284685E-04 0.197035E-03  0.00000     0.191748E-03  0.00000     0.109738E-04 0.871040E-04 0.930836E-04 0.543290E-04  0.00000    
  1243.72      2500.00     0.164825E-02 0.270564E-04 0.191168E-03  0.00000     0.185285E-03  0.00000     0.103515E-04 0.835936E-04 0.899377E-04 0.530451E-04  0.00000    
  1242.23      2500.00     0.159780E-02 0.253167E-04 0.182760E-03  0.00000     0.176084E-03  0.00000     0.920611E-05 0.795035E-04 0.855093E-04 0.512408E-04  0.00000    
  1240.75      2500.00     0.155564E-02 0.238337E-04 0.175695E-03  0.00000     0.168063E-03  0.00000     0.831018E-05 0.759266E-04 0.818382E-04 0.497017E-04  0.00000    
  1239.26      2500.00     0.151416E-02 0.224319E-04 0.168841E-03  0.00000     0.160389E-03  0.00000     0.738301E-05 0.725780E-04 0.783078E-04 0.481903E-04  0.00000    
  1237.77      2500.00     0.147786E-02 0.211890E-04 0.162809E-03  0.00000     0.153464E-03  0.00000     0.663209E-05 0.695429E-04 0.752134E-04 0.468571E-04  0.00000    
  1236.29      2500.00     0.144235E-02 0.199939E-04 0.156902E-03  0.00000     0.146793E-03  0.00000     0.595121E-05 0.666286E-04 0.721978E-04 0.455043E-04  0.00000    
  1234.80      2500.00     0.140956E-02 0.188817E-04 0.151349E-03  0.00000     0.140028E-03  0.00000     0.534347E-05 0.639444E-04 0.695773E-04 0.441044E-04  0.00000    
  1233.32      2500.00     0.137212E-02 0.176859E-04 0.145199E-03  0.00000     0.133547E-03  0.00000     0.470349E-05 0.609624E-04 0.663895E-04 0.426530E-04  0.00000    
  1231.83      2500.00     0.134766E-02 0.168863E-04 0.141047E-03  0.00000     0.128286E-03  0.00000     0.433111E-05 0.588513E-04 0.642928E-04 0.417052E-04  0.00000    
  1230.34      2500.00     0.131827E-02 0.159231E-04 0.136189E-03  0.00000     0.123092E-03  0.00000     0.382672E-05 0.565047E-04 0.617840E-04 0.405987E-04  0.00000    
  1228.86      2500.00     0.129397E-02 0.151514E-04 0.132200E-03  0.00000     0.118673E-03  0.00000     0.340195E-05 0.545854E-04 0.597566E-04 0.396586E-04  0.00000    
  1227.37      2500.00     0.127294E-02 0.144652E-04 0.128703E-03  0.00000     0.114788E-03  0.00000     0.305339E-05 0.529357E-04 0.579716E-04 0.388909E-04  0.00000    
  1225.89      2500.00     0.125834E-02 0.137620E-04 0.125923E-03  0.00000     0.111290E-03  0.00000     0.298339E-05 0.514329E-04 0.567666E-04 0.382012E-04  0.00000    
  1224.40      2500.00     0.785277E-03 0.829688E-05 0.776362E-04  0.00000     0.681653E-04  0.00000     0.152924E-05 0.314724E-04 0.339151E-04 0.245422E-04  0.00000    
  1222.91      2500.00     0.785277E-03 0.829688E-05 0.776362E-04  0.00000     0.681653E-04  0.00000     0.152924E-05 0.314724E-04 0.339151E-04 0.245422E-04  0.00000    
  1221.43      2500.00     0.785277E-03 0.829688E-05 0.776362E-04  0.00000     0.681653E-04  0.00000     0.152924E-05 0.314724E-04 0.339151E-04 0.245422E-04  0.00000    
  1219.94      2500.00     0.785277E-03 0.829688E-05 0.776362E-04  0.00000     0.681653E-04  0.00000     0.152924E-05 0.314724E-04 0.339151E-04 0.245422E-04  0.00000    
  1218.46      2500.00     0.785277E-03 0.829688E-05 0.776362E-04  0.00000     0.681653E-04  0.00000     0.152924E-05 0.314724E-04 0.339151E-04 0.245422E-04  0.00000    
  1216.97      2500.00     0.785277E-03 0.829688E-05 0.776362E-04  0.00000     0.681653E-04  0.00000     0.152924E-05 0.314724E-04 0.339151E-04 0.245422E-04  0.00000    
  1215.48      2500.00     0.785277E-03 0.829688E-05 0.776362E-04  0.00000     0.681653E-04  0.00000     0.152924E-05 0.314724E-04 0.339151E-04 0.245422E-04  0.00000    
  1214.00      2500.00     0.785277E-03 0.829688E-05 0.776362E-04  0.00000     0.681653E-04  0.00000     0.152924E-05 0.314724E-04 0.339151E-04 0.245422E-04  0.00000    
  1212.51      2500.00     0.785277E-03 0.829688E-05 0.776362E-04  0.00000     0.681653E-04  0.00000     0.152924E-05 0.314724E-04 0.339151E-04 0.245422E-04  0.00000    
  1211.02      2500.00     0.785277E-03 0.829688E-05 0.776362E-04  0.00000     0.681653E-04  0.00000     0.152924E-05 0.314724E-04 0.339151E-04 0.245422E-04  0.00000    
  1209.54      2500.00     0.785277E-03 0.829688E-05 0.776362E-04  0.00000     0.681653E-04  0.00000     0.152924E-05 0.314724E-04 0.339151E-04 0.245422E-04  0.00000    
  1208.05      2500.00     0.785277E-03 0.829688E-05 0.776362E-04  0.00000     0.681653E-04  0.00000     0.152924E-05 0.314724E-04 0.339151E-04 0.245422E-04  0.00000    
  1206.57      2500.00     0.785277E-03 0.829688E-05 0.776362E-04  0.00000     0.681653E-04  0.00000     0.152924E-05 0.314724E-04 0.339151E-04 0.245422E-04  0.00000    
  1205.08      2500.00     0.785277E-03 0.829688E-05 0.776362E-04  0.00000     0.681653E-04  0.00000     0.152924E-05 0.314724E-04 0.339151E-04 0.245422E-04  0.00000    
  1203.59      2500.00     0.785277E-03 0.829688E-05 0.776362E-04  0.00000     0.681653E-04  0.00000     0.152924E-05 0.314724E-04 0.339151E-04 0.245422E-04  0.00000    
  1202.11      2500.00     0.785277E-03 0.829688E-05 0.776362E-04  0.00000     0.681653E-04  0.00000     0.152924E-05 0.314724E-04 0.339151E-04 0.245422E-04  0.00000    
  1200.62      2500.00     0.785277E-03 0.829688E-05 0.776362E-04  0.00000     0.681653E-04  0.00000     0.152924E-05 0.314724E-04 0.339151E-04 0.245422E-04  0.00000    
  1199.14      2500.00     0.785277E-03 0.829688E-05 0.776362E-04  0.00000     0.681653E-04  0.00000     0.152924E-05 0.314724E-04 0.339151E-04 0.245422E-04  0.00000    
  1197.65      2500.00     0.785277E-03 0.829688E-05 0.776362E-04  0.00000     0.681653E-04  0.00000     0.152924E-05 0.314724E-04 0.339151E-04 0.245422E-04  0.00000    
  1196.16      2500.00     0.785277E-03 0.829688E-05 0.776362E-04  0.00000     0.681653E-04  0.00000     0.152924E-05 0.314724E-04 0.339151E-04 0.245422E-04  0.00000    
  1194.68      2500.00     0.785277E-03 0.829688E-05 0.776362E-04  0.00000     0.681653E-04  0.00000     0.152924E-05 0.314724E-04 0.339151E-04 0.245422E-04  0.00000    
  1193.19      2500.00     0.785277E-03 0.829688E-05 0.776362E-04  0.00000     0.681653E-04  0.00000     0.152924E-05 0.314724E-04 0.339151E-04 0.245422E-04  0.00000    
  1191.71      2500.00     0.785277E-03 0.829688E-05 0.776362E-04  0.00000     0.681653E-04  0.00000     0.152924E-05 0.314724E-04 0.339151E-04 0.245422E-04  0.00000    
  1190.22      2500.00     0.785277E-03 0.829688E-05 0.776362E-04  0.00000     0.681653E-04  0.00000     0.152924E-05 0.314724E-04 0.339151E-04 0.245422E-04  0.00000    
  1188.73      2500.00     0.785277E-03 0.829688E-05 0.776362E-04  0.00000     0.681653E-04  0.00000     0.152924E-05 0.314724E-04 0.339151E-04 0.245422E-04  0.00000    
  1187.25      2500.00     0.785277E-03 0.829688E-05 0.776362E-04  0.00000     0.681653E-04  0.00000     0.152924E-05 0.314724E-04 0.339151E-04 0.245422E-04  0.00000    
  1185.76      2500.00     0.785277E-03 0.829688E-05 0.776362E-04  0.00000     0.681653E-04  0.00000     0.152924E-05 0.314724E-04 0.339151E-04 0.245422E-04  0.00000    
  1184.28      2500.00     0.785277E-03 0.829688E-05 0.776362E-04  0.00000     0.681653E-04  0.00000     0.152924E-05 0.314724E-04 0.339151E-04 0.245422E-04  0.00000    
  1182.79      2500.00     0.785277E-03 0.829688E-05 0.776362E-04  0.00000     0.681653E-04  0.00000     0.152924E-05 0.314724E-04 0.339151E-04 0.245422E-04  0.00000    
  1181.30      2500.00     0.785277E-03 0.829688E-05 0.776362E-04  0.00000     0.681653E-04  0.00000     0.152924E-05 0.314724E-04 0.339151E-04 0.245422E-04  0.00000    
  1179.82      2500.00     0.785277E-03 0.829688E-05 0.776362E-04  0.00000     0.681653E-04  0.00000     0.152924E-05 0.314724E-04 0.339151E-04 0.245422E-04  0.00000    
  1178.33      2500.00     0.785277E-03 0.829688E-05 0.776362E-04  0.00000     0.681653E-04  0.00000     0.152924E-05 0.314724E-04 0.339151E-04 0.245422E-04  0.00000    
  1176.84      2500.00     0.785277E-03 0.829688E-05 0.776362E-04  0.00000     0.681653E-04  0.00000     0.152924E-05 0.314724E-04 0.339151E-04 0.245422E-04  0.00000    
  1175.36      2500.00     0.785277E-03 0.829688E-05 0.776362E-04  0.00000     0.681653E-04  0.00000     0.152924E-05 0.314724E-04 0.339151E-04 0.245422E-04  0.00000    
  1173.87      2500.00     0.785277E-03 0.829688E-05 0.776362E-04  0.00000     0.681653E-04  0.00000     0.152924E-05 0.314724E-04 0.339151E-04 0.245422E-04  0.00000    
  1172.39      2500.00     0.785277E-03 0.829688E-05 0.776362E-04  0.00000     0.681653E-04  0.00000     0.152924E-05 0.314724E-04 0.339151E-04 0.245422E-04  0.00000    
  1170.90      2500.00     0.785277E-03 0.829688E-05 0.776362E-04  0.00000     0.681653E-04  0.00000     0.152924E-05 0.314724E-04 0.339151E-04 0.245422E-04  0.00000    
  1169.41      2500.00     0.785277E-03 0.829688E-05 0.776362E-04  0.00000     0.681653E-04  0.00000     0.152924E-05 0.314724E-04 0.339151E-04 0.245422E-04  0.00000    
  1167.93      2500.00     0.785277E-03 0.829688E-05 0.776362E-04  0.00000     0.681653E-04  0.00000     0.152924E-05 0.314724E-04 0.339151E-04 0.245422E-04  0.00000    
  1166.44      2500.00     0.785277E-03 0.829688E-05 0.776362E-04  0.00000     0.681653E-04  0.00000     0.152924E-05 0.314724E-04 0.339151E-04 0.245422E-04  0.00000    
  1164.96      2500.00     0.785277E-03 0.829688E-05 0.776362E-04  0.00000     0.681653E-04  0.00000     0.152924E-05 0.314724E-04 0.339151E-04 0.245422E-04  0.00000    
  1163.47      2500.00     0.785277E-03 0.829688E-05 0.776362E-04  0.00000     0.681653E-04  0.00000     0.152924E-05 0.314724E-04 0.339151E-04 0.245422E-04  0.00000    
  1161.98      2500.00     0.785277E-03 0.829688E-05 0.776362E-04  0.00000     0.681653E-04  0.00000     0.152924E-05 0.314724E-04 0.339151E-04 0.245422E-04  0.00000    
  1160.50      2500.00     0.785277E-03 0.829688E-05 0.776362E-04  0.00000     0.681653E-04  0.00000     0.152924E-05 0.314724E-04 0.339151E-04 0.245422E-04  0.00000    
  1159.01      2500.00     0.785277E-03 0.829688E-05 0.776362E-04  0.00000     0.681653E-04  0.00000     0.152924E-05 0.314724E-04 0.339151E-04 0.245422E-04  0.00000    
  1157.53      2500.00     0.785277E-03 0.829688E-05 0.776362E-04  0.00000     0.681653E-04  0.00000     0.152924E-05 0.314724E-04 0.339151E-04 0.245422E-04  0.00000    
  1156.04      2500.00     0.785277E-03 0.829688E-05 0.776362E-04  0.00000     0.681653E-04  0.00000     0.152924E-05 0.314724E-04 0.339151E-04 0.245422E-04  0.00000    
  1154.55      2500.00     0.785277E-03 0.829688E-05 0.776362E-04  0.00000     0.681653E-04  0.00000     0.152924E-05 0.314724E-04 0.339151E-04 0.245422E-04  0.00000    
  1153.07      2500.00     0.785277E-03 0.829688E-05 0.776362E-04  0.00000     0.681653E-04  0.00000     0.152924E-05 0.314724E-04 0.339151E-04 0.245422E-04  0.00000    
  1151.58      2500.00     0.785277E-03 0.829688E-05 0.776362E-04  0.00000     0.681653E-04  0.00000     0.152924E-05 0.314724E-04 0.339151E-04 0.245422E-04  0.00000    
  1150.10      2500.00     0.785277E-03 0.829688E-05 0.776362E-04  0.00000     0.681653E-04  0.00000     0.152924E-05 0.314724E-04 0.339151E-04 0.245422E-04  0.00000    
  1148.61      2500.00     0.785277E-03 0.829688E-05 0.776362E-04  0.00000     0.681653E-04  0.00000     0.152924E-05 0.314724E-04 0.339151E-04 0.245422E-04  0.00000    
  1147.12      2500.00     0.785277E-03 0.829688E-05 0.776362E-04  0.00000     0.681653E-04  0.00000     0.152924E-05 0.314724E-04 0.339151E-04 0.245422E-04  0.00000    
  1145.64      2500.00     0.785277E-03 0.829688E-05 0.776362E-04  0.00000     0.681653E-04  0.00000     0.152924E-05 0.314724E-04 0.339151E-04 0.245422E-04  0.00000    
  1144.15      2500.00     0.785277E-03 0.829688E-05 0.776362E-04  0.00000     0.681653E-04  0.00000     0.152924E-05 0.314724E-04 0.339151E-04 0.245422E-04  0.00000    
  1142.66      2500.00     0.785277E-03 0.829688E-05 0.776362E-04  0.00000     0.681653E-04  0.00000     0.152924E-05 0.314724E-04 0.339151E-04 0.245422E-04  0.00000    
  1141.18      2500.00     0.785277E-03 0.829688E-05 0.776362E-04  0.00000     0.681653E-04  0.00000     0.152924E-05 0.314724E-04 0.339151E-04 0.245422E-04  0.00000    
  1139.69      2500.00     0.785277E-03 0.829688E-05 0.776362E-04  0.00000     0.681653E-04  0.00000     0.152924E-05 0.314724E-04 0.339151E-04 0.245422E-04  0.00000    
  1138.21      2500.00     0.785277E-03 0.829688E-05 0.776362E-04  0.00000     0.681653E-04  0.00000     0.152924E-05 0.314724E-04 0.339151E-04 0.245422E-04  0.00000    
  1136.72      2500.00     0.785277E-03 0.829688E-05 0.776362E-04  0.00000     0.681653E-04  0.00000     0.152924E-05 0.314724E-04 0.339151E-04 0.245422E-04  0.00000    
  1135.23      2500.00     0.785277E-03 0.829688E-05 0.776362E-04  0.00000     0.681653E-04  0.00000     0.152924E-05 0.314724E-04 0.339151E-04 0.245422E-04  0.00000    
  1133.75      2500.00     0.785277E-03 0.829688E-05 0.776362E-04  0.00000     0.681653E-04  0.00000     0.152924E-05 0.314724E-04 0.339151E-04 0.245422E-04  0.00000    
  1132.26      2500.00     0.785277E-03 0.829688E-05 0.776362E-04  0.00000     0.681653E-04  0.00000     0.152924E-05 0.314724E-04 0.339151E-04 0.245422E-04  0.00000    
  1130.78      2500.00     0.785277E-03 0.829688E-05 0.776362E-04  0.00000     0.681653E-04  0.00000     0.152924E-05 0.314724E-04 0.339151E-04 0.245422E-04  0.00000    
  1129.29      2500.00     0.785277E-03 0.829688E-05 0.776362E-04  0.00000     0.681653E-04  0.00000     0.152924E-05 0.314724E-04 0.339151E-04 0.245422E-04  0.00000    
  1127.80      2500.00     0.785277E-03 0.829688E-05 0.776362E-04  0.00000     0.681653E-04  0.00000     0.152924E-05 0.314724E-04 0.339151E-04 0.245422E-04  0.00000    
  1126.32      2500.00     0.785277E-03 0.829688E-05 0.776362E-04  0.00000     0.681653E-04  0.00000     0.152924E-05 0.314724E-04 0.339151E-04 0.245422E-04  0.00000    
  1124.83      2500.00     0.785277E-03 0.829688E-05 0.776362E-04  0.00000     0.681653E-04  0.00000     0.152924E-05 0.314724E-04 0.339151E-04 0.245422E-04  0.00000    
  1123.35      2500.00     0.785277E-03 0.829688E-05 0.776362E-04  0.00000     0.681653E-04  0.00000     0.152924E-05 0.314724E-04 0.339151E-04 0.245422E-04  0.00000    
  1121.86      2500.00     0.785277E-03 0.829688E-05 0.776362E-04  0.00000     0.681653E-04  0.00000     0.152924E-05 0.314724E-04 0.339151E-04 0.245422E-04  0.00000    
  1120.37      2500.00     0.785277E-03 0.829688E-05 0.776362E-04  0.00000     0.681653E-04  0.00000     0.152924E-05 0.314724E-04 0.339151E-04 0.245422E-04  0.00000    
  1118.89      2500.00     0.785277E-03 0.829688E-05 0.776362E-04  0.00000     0.681653E-04  0.00000     0.152924E-05 0.314724E-04 0.339151E-04 0.245422E-04  0.00000    
  1117.40      2500.00     0.785277E-03 0.829688E-05 0.776362E-04  0.00000     0.681653E-04  0.00000     0.152924E-05 0.314724E-04 0.339151E-04 0.245422E-04  0.00000    
  1115.92      2500.00     0.785277E-03 0.829688E-05 0.776362E-04  0.00000     0.681653E-04  0.00000     0.152924E-05 0.314724E-04 0.339151E-04 0.245422E-04  0.00000    
  1114.43      2500.00     0.785277E-03 0.829688E-05 0.776362E-04  0.00000     0.681653E-04  0.00000     0.152924E-05 0.314724E-04 0.339151E-04 0.245422E-04  0.00000    
  1112.94      2500.00     0.785277E-03 0.829688E-05 0.776362E-04  0.00000     0.681653E-04  0.00000     0.152924E-05 0.314724E-04 0.339151E-04 0.245422E-04  0.00000    
  1111.46      2500.00     0.785277E-03 0.829688E-05 0.776362E-04  0.00000     0.681653E-04  0.00000     0.152924E-05 0.314724E-04 0.339151E-04 0.245422E-04  0.00000    
  1109.97      2500.00     0.785277E-03 0.829688E-05 0.776362E-04  0.00000     0.681653E-04  0.00000     0.152924E-05 0.314724E-04 0.339151E-04 0.245422E-04  0.00000    
  1108.48      2500.00     0.785277E-03 0.829688E-05 0.776362E-04  0.00000     0.681653E-04  0.00000     0.152924E-05 0.314724E-04 0.339151E-04 0.245422E-04  0.00000    
  1107.00      2500.00     0.785277E-03 0.829688E-05 0.776362E-04  0.00000     0.681653E-04  0.00000     0.152924E-05 0.314724E-04 0.339151E-04 0.245422E-04  0.00000    
  1105.51      2500.00     0.785277E-03 0.829688E-05 0.776362E-04  0.00000     0.681653E-04  0.00000     0.152924E-05 0.314724E-04 0.339151E-04 0.245422E-04  0.00000    
  1104.03      2500.00     0.785277E-03 0.829688E-05 0.776362E-04  0.00000     0.681653E-04  0.00000     0.152924E-05 0.314724E-04 0.339151E-04 0.245422E-04  0.00000    
  1102.54      2500.00     0.785277E-03 0.829688E-05 0.776362E-04  0.00000     0.681653E-04  0.00000     0.152924E-05 0.314724E-04 0.339151E-04 0.245422E-04  0.00000    
  1101.05      2500.00     0.785277E-03 0.829688E-05 0.776362E-04  0.00000     0.681653E-04  0.00000     0.152924E-05 0.314724E-04 0.339151E-04 0.245422E-04  0.00000    
  1099.57      2500.00     0.785277E-03 0.829688E-05 0.776362E-04  0.00000     0.681653E-04  0.00000     0.152924E-05 0.314724E-04 0.339151E-04 0.245422E-04  0.00000    
  1098.08      2500.00     0.785277E-03 0.829688E-05 0.776362E-04  0.00000     0.681653E-04  0.00000     0.152924E-05 0.314724E-04 0.339151E-04 0.245422E-04  0.00000    
  1096.60      2500.00     0.785277E-03 0.829688E-05 0.776362E-04  0.00000     0.681653E-04  0.00000     0.152924E-05 0.314724E-04 0.339151E-04 0.245422E-04  0.00000    
  1095.11      2500.00     0.785277E-03 0.829688E-05 0.776362E-04  0.00000     0.681653E-04  0.00000     0.152924E-05 0.314724E-04 0.339151E-04 0.245422E-04  0.00000    
  1093.62      2500.00     0.785277E-03 0.829688E-05 0.776362E-04  0.00000     0.681653E-04  0.00000     0.152924E-05 0.314724E-04 0.339151E-04 0.245422E-04  0.00000    
  1092.14      2500.00     0.785277E-03 0.829688E-05 0.776362E-04  0.00000     0.681653E-04  0.00000     0.152924E-05 0.314724E-04 0.339151E-04 0.245422E-04  0.00000    
  1090.65      2500.00     0.785277E-03 0.829688E-05 0.776362E-04  0.00000     0.681653E-04  0.00000     0.152924E-05 0.314724E-04 0.339151E-04 0.245422E-04  0.00000    
  1089.17      2500.00     0.785277E-03 0.829688E-05 0.776362E-04  0.00000     0.681653E-04  0.00000     0.152924E-05 0.314724E-04 0.339151E-04 0.245422E-04  0.00000    
  1087.68      2500.00     0.785277E-03 0.829688E-05 0.776362E-04  0.00000     0.681653E-04  0.00000     0.152924E-05 0.314724E-04 0.339151E-04 0.245422E-04  0.00000    
  1086.19      2500.00     0.785277E-03 0.829688E-05 0.776362E-04  0.00000     0.681653E-04  0.00000     0.152924E-05 0.314724E-04 0.339151E-04 0.245422E-04  0.00000    
  1084.71      2500.00     0.785277E-03 0.829688E-05 0.776362E-04  0.00000     0.681653E-04  0.00000     0.152924E-05 0.314724E-04 0.339151E-04 0.245422E-04  0.00000    
  1083.22      2500.00     0.785277E-03 0.829688E-05 0.776362E-04  0.00000     0.681653E-04  0.00000     0.152924E-05 0.314724E-04 0.339151E-04 0.245422E-04  0.00000    
  1081.73      2500.00     0.785277E-03 0.829688E-05 0.776362E-04  0.00000     0.681653E-04  0.00000     0.152924E-05 0.314724E-04 0.339151E-04 0.245422E-04  0.00000    
  1080.25      2500.00     0.785277E-03 0.829688E-05 0.776362E-04  0.00000     0.681653E-04  0.00000     0.152924E-05 0.314724E-04 0.339151E-04 0.245422E-04  0.00000    
  1078.76      2500.00     0.785277E-03 0.829688E-05 0.776362E-04  0.00000     0.681653E-04  0.00000     0.152924E-05 0.314724E-04 0.339151E-04 0.245422E-04  0.00000    
  1077.28      2500.00     0.785277E-03 0.829688E-05 0.776362E-04  0.00000     0.681653E-04  0.00000     0.152924E-05 0.314724E-04 0.339151E-04 0.245422E-04  0.00000    
  1075.79      2500.00     0.785277E-03 0.829688E-05 0.776362E-04  0.00000     0.681653E-04  0.00000     0.152924E-05 0.314724E-04 0.339151E-04 0.245422E-04  0.00000    
  1074.30      2500.00     0.785277E-03 0.829688E-05 0.776362E-04  0.00000     0.681653E-04  0.00000     0.152924E-05 0.314724E-04 0.339151E-04 0.245422E-04  0.00000    
  1072.82      2500.00     0.785277E-03 0.829688E-05 0.776362E-04  0.00000     0.681653E-04  0.00000     0.152924E-05 0.314724E-04 0.339151E-04 0.245422E-04  0.00000    
  1071.33      2500.00     0.785277E-03 0.829688E-05 0.776362E-04  0.00000     0.681653E-04  0.00000     0.152924E-05 0.314724E-04 0.339151E-04 0.245422E-04  0.00000    
  1069.85      2500.00     0.785277E-03 0.829688E-05 0.776362E-04  0.00000     0.681653E-04  0.00000     0.152924E-05 0.314724E-04 0.339151E-04 0.245422E-04  0.00000    
  1068.36      2500.00     0.785277E-03 0.829688E-05 0.776362E-04  0.00000     0.681653E-04  0.00000     0.152924E-05 0.314724E-04 0.339151E-04 0.245422E-04  0.00000    
  1066.87      2500.00     0.785277E-03 0.829688E-05 0.776362E-04  0.00000     0.681653E-04  0.00000     0.152924E-05 0.314724E-04 0.339151E-04 0.245422E-04  0.00000    
  1065.39      2500.00     0.785277E-03 0.829688E-05 0.776362E-04  0.00000     0.681653E-04  0.00000     0.152924E-05 0.314724E-04 0.339151E-04 0.245422E-04  0.00000    
  1063.90      2500.00     0.785277E-03 0.829688E-05 0.776362E-04  0.00000     0.681653E-04  0.00000     0.152924E-05 0.314724E-04 0.339151E-04 0.245422E-04  0.00000    
  1062.42      2500.00     0.785277E-03 0.829688E-05 0.776362E-04  0.00000     0.681653E-04  0.00000     0.152924E-05 0.314724E-04 0.339151E-04 0.245422E-04  0.00000    
  1060.93      2500.00     0.785277E-03 0.829688E-05 0.776362E-04  0.00000     0.681653E-04  0.00000     0.152924E-05 0.314724E-04 0.339151E-04 0.245422E-04  0.00000    
  1059.44      2500.00     0.785277E-03 0.829688E-05 0.776362E-04  0.00000     0.681653E-04  0.00000     0.152924E-05 0.314724E-04 0.339151E-04 0.245422E-04  0.00000    
  1057.96      2500.00     0.785277E-03 0.829688E-05 0.776362E-04  0.00000     0.681653E-04  0.00000     0.152924E-05 0.314724E-04 0.339151E-04 0.245422E-04  0.00000    
  1056.47      2500.00     0.785277E-03 0.829688E-05 0.776362E-04  0.00000     0.681653E-04  0.00000     0.152924E-05 0.314724E-04 0.339151E-04 0.245422E-04  0.00000    
  1054.99      2500.00     0.785277E-03 0.829688E-05 0.776362E-04  0.00000     0.681653E-04  0.00000     0.152924E-05 0.314724E-04 0.339151E-04 0.245422E-04  0.00000    
  1053.50      2500.00     0.785277E-03 0.829688E-05 0.776362E-04  0.00000     0.681653E-04  0.00000     0.152924E-05 0.314724E-04 0.339151E-04 0.245422E-04  0.00000    
  1052.01      2500.00     0.785277E-03 0.829688E-05 0.776362E-04  0.00000     0.681653E-04  0.00000     0.152924E-05 0.314724E-04 0.339151E-04 0.245422E-04  0.00000    
  1050.53      2500.00     0.785277E-03 0.829688E-05 0.776362E-04  0.00000     0.681653E-04  0.00000     0.152924E-05 0.314724E-04 0.339151E-04 0.245422E-04  0.00000    
  1049.04      2500.00     0.785277E-03 0.829688E-05 0.776362E-04  0.00000     0.681653E-04  0.00000     0.152924E-05 0.314724E-04 0.339151E-04 0.245422E-04  0.00000    
  1047.55      2500.00     0.785277E-03 0.829688E-05 0.776362E-04  0.00000     0.681653E-04  0.00000     0.152924E-05 0.314724E-04 0.339151E-04 0.245422E-04  0.00000    
  1046.07      2500.00     0.785277E-03 0.829688E-05 0.776362E-04  0.00000     0.681653E-04  0.00000     0.152924E-05 0.314724E-04 0.339151E-04 0.245422E-04  0.00000    
  1044.58      2500.00     0.785277E-03 0.829688E-05 0.776362E-04  0.00000     0.681653E-04  0.00000     0.152924E-05 0.314724E-04 0.339151E-04 0.245422E-04  0.00000    
  1043.10      2500.00     0.785277E-03 0.829688E-05 0.776362E-04  0.00000     0.681653E-04  0.00000     0.152924E-05 0.314724E-04 0.339151E-04 0.245422E-04  0.00000    
  1041.61      2500.00     0.785277E-03 0.829688E-05 0.776362E-04  0.00000     0.681653E-04  0.00000     0.152924E-05 0.314724E-04 0.339151E-04 0.245422E-04  0.00000    
  1040.12      2500.00     0.785277E-03 0.829688E-05 0.776362E-04  0.00000     0.681653E-04  0.00000     0.152924E-05 0.314724E-04 0.339151E-04 0.245422E-04  0.00000    
  1038.64      2500.00     0.785277E-03 0.829688E-05 0.776362E-04  0.00000     0.681653E-04  0.00000     0.152924E-05 0.314724E-04 0.339151E-04 0.245422E-04  0.00000    
  1037.15      2500.00     0.785277E-03 0.829688E-05 0.776362E-04  0.00000     0.681653E-04  0.00000     0.152924E-05 0.314724E-04 0.339151E-04 0.245422E-04  0.00000    
  1035.67      2500.00     0.785277E-03 0.829688E-05 0.776362E-04  0.00000     0.681653E-04  0.00000     0.152924E-05 0.314724E-04 0.339151E-04 0.245422E-04  0.00000    
  1034.18      2500.00     0.785277E-03 0.829688E-05 0.776362E-04  0.00000     0.681653E-04  0.00000     0.152924E-05 0.314724E-04 0.339151E-04 0.245422E-04  0.00000    
  1032.69      2500.00     0.785277E-03 0.829688E-05 0.776362E-04  0.00000     0.681653E-04  0.00000     0.152924E-05 0.314724E-04 0.339151E-04 0.245422E-04  0.00000    
  1031.21      2500.00     0.785277E-03 0.829688E-05 0.776362E-04  0.00000     0.681653E-04  0.00000     0.152924E-05 0.314724E-04 0.339151E-04 0.245422E-04  0.00000    
  1029.72      2500.00     0.785277E-03 0.829688E-05 0.776362E-04  0.00000     0.681653E-04  0.00000     0.152924E-05 0.314724E-04 0.339151E-04 0.245422E-04  0.00000    
  1028.24      2500.00     0.785277E-03 0.829688E-05 0.776362E-04  0.00000     0.681653E-04  0.00000     0.152924E-05 0.314724E-04 0.339151E-04 0.245422E-04  0.00000    
  1026.75      2500.00     0.785277E-03 0.829688E-05 0.776362E-04  0.00000     0.681653E-04  0.00000     0.152924E-05 0.314724E-04 0.339151E-04 0.245422E-04  0.00000    
  1025.26      2500.00     0.785277E-03 0.829688E-05 0.776362E-04  0.00000     0.681653E-04  0.00000     0.152924E-05 0.314724E-04 0.339151E-04 0.245422E-04  0.00000    
  1023.78      2500.00     0.785277E-03 0.829688E-05 0.776362E-04  0.00000     0.681653E-04  0.00000     0.152924E-05 0.314724E-04 0.339151E-04 0.245422E-04  0.00000    
  1022.29      2500.00     0.785277E-03 0.829688E-05 0.776362E-04  0.00000     0.681653E-04  0.00000     0.152924E-05 0.314724E-04 0.339151E-04 0.245422E-04  0.00000    
  1020.81      2500.00     0.785277E-03 0.829688E-05 0.776362E-04  0.00000     0.681653E-04  0.00000     0.152924E-05 0.314724E-04 0.339151E-04 0.245422E-04  0.00000    
  1019.32      2500.00     0.785277E-03 0.829688E-05 0.776362E-04  0.00000     0.681653E-04  0.00000     0.152924E-05 0.314724E-04 0.339151E-04 0.245422E-04  0.00000    
  1017.83      2500.00     0.785277E-03 0.829688E-05 0.776362E-04  0.00000     0.681653E-04  0.00000     0.152924E-05 0.314724E-04 0.339151E-04 0.245422E-04  0.00000    
  1016.35      2500.00     0.785277E-03 0.829688E-05 0.776362E-04  0.00000     0.681653E-04  0.00000     0.152924E-05 0.314724E-04 0.339151E-04 0.245422E-04  0.00000    
  1014.86      2500.00     0.785277E-03 0.829688E-05 0.776362E-04  0.00000     0.681653E-04  0.00000     0.152924E-05 0.314724E-04 0.339151E-04 0.245422E-04  0.00000    
  1013.37      2500.00     0.785277E-03 0.829688E-05 0.776362E-04  0.00000     0.681653E-04  0.00000     0.152924E-05 0.314724E-04 0.339151E-04 0.245422E-04  0.00000    
  1011.89      2500.00     0.785277E-03 0.829688E-05 0.776362E-04  0.00000     0.681653E-04  0.00000     0.152924E-05 0.314724E-04 0.339151E-04 0.245422E-04  0.00000    
  1010.40      2500.00     0.785277E-03 0.829688E-05 0.776362E-04  0.00000     0.681653E-04  0.00000     0.152924E-05 0.314724E-04 0.339151E-04 0.245422E-04  0.00000    
  1008.92      2500.00     0.785277E-03 0.829688E-05 0.776362E-04  0.00000     0.681653E-04  0.00000     0.152924E-05 0.314724E-04 0.339151E-04 0.245422E-04  0.00000    
  1007.43      2500.00     0.785277E-03 0.829688E-05 0.776362E-04  0.00000     0.681653E-04  0.00000     0.152924E-05 0.314724E-04 0.339151E-04 0.245422E-04  0.00000    
  1005.94      2500.00     0.785277E-03 0.829688E-05 0.776362E-04  0.00000     0.681653E-04  0.00000     0.152924E-05 0.314724E-04 0.339151E-04 0.245422E-04  0.00000    
  1004.46      2500.00     0.785277E-03 0.829688E-05 0.776362E-04  0.00000     0.681653E-04  0.00000     0.152924E-05 0.314724E-04 0.339151E-04 0.245422E-04  0.00000    
  1002.97      2500.00     0.785277E-03 0.829688E-05 0.776362E-04  0.00000     0.681653E-04  0.00000     0.152924E-05 0.314724E-04 0.339151E-04 0.245422E-04  0.00000    
  1001.49      2500.00     0.785277E-03 0.829688E-05 0.776362E-04  0.00000     0.681653E-04  0.00000     0.152924E-05 0.314724E-04 0.339151E-04 0.245422E-04  0.00000    
  1000.00      2500.00     0.785277E-03 0.829688E-05 0.776362E-04  0.00000     0.681653E-04  0.00000     0.152924E-05 0.314724E-04 0.339151E-04 0.245422E-04  0.00000    
