T(K)	P(bar)	SiO2	TiO2	Al2O3	Cr2O3	FeO	MnO	MgO	CaO	Na2O	K2O	NiO
  1939.85      500.000     0.720404     0.162773E-02 0.235384E-01 0.506612E-02 0.263050      0.00000     0.790834     0.422633E-01 0.354959E-02 0.212323E-03  0.00000    
  1937.34      500.000     0.720389     0.162773E-02 0.235384E-01 0.506612E-02 0.263047      0.00000     0.790807     0.422633E-01 0.354959E-02 0.212323E-03  0.00000    
  1934.84      500.000     0.715572     0.162773E-02 0.235384E-01 0.506612E-02 0.261941      0.00000     0.782279     0.422633E-01 0.354959E-02 0.212323E-03  0.00000    
  1932.33      500.000     0.710672     0.162773E-02 0.235384E-01 0.506612E-02 0.260808      0.00000     0.773613     0.422633E-01 0.354959E-02 0.212323E-03  0.00000    
  1929.82      500.000     0.705847     0.162773E-02 0.235384E-01 0.506612E-02 0.259680      0.00000     0.765091     0.422633E-01 0.354959E-02 0.212323E-03  0.00000    
  1927.32      500.000     0.701106     0.162773E-02 0.235384E-01 0.506612E-02 0.258560      0.00000     0.756729     0.422633E-01 0.354959E-02 0.212323E-03  0.00000    
  1924.81      500.000     0.696431     0.162773E-02 0.235384E-01 0.506612E-02 0.257449      0.00000     0.748489     0.422633E-01 0.354959E-02 0.212323E-03  0.00000    
  1922.31      500.000     0.691832     0.162773E-02 0.235384E-01 0.506612E-02 0.256342      0.00000     0.740399     0.422633E-01 0.354959E-02 0.212323E-03  0.00000    
  1919.80      500.000     0.687295     0.162773E-02 0.235384E-01 0.506612E-02 0.255240      0.00000     0.732427     0.422633E-01 0.354959E-02 0.212323E-03  0.00000    
  1917.29      500.000     0.682774     0.162773E-02 0.235384E-01 0.506612E-02 0.254129      0.00000     0.724497     0.422633E-01 0.354959E-02 0.212323E-03  0.00000    
  1914.79      500.000     0.678388     0.162773E-02 0.235384E-01 0.506612E-02 0.253038      0.00000     0.716814     0.422633E-01 0.354959E-02 0.212323E-03  0.00000    
  1912.28      500.000     0.674077     0.162773E-02 0.235384E-01 0.506612E-02 0.251959      0.00000     0.709271     0.422633E-01 0.354959E-02 0.212323E-03  0.00000    
  1909.77      500.000     0.669797     0.162773E-02 0.235384E-01 0.506612E-02 0.250877      0.00000     0.701794     0.422633E-01 0.354959E-02 0.212323E-03  0.00000    
  1907.27      500.000     0.666324     0.162773E-02 0.235384E-01 0.506612E-02 0.249992      0.00000     0.695733     0.422633E-01 0.354959E-02 0.212323E-03  0.00000    
  1904.76      500.000     0.661341     0.162773E-02 0.235384E-01 0.506612E-02 0.248698      0.00000     0.687060     0.422633E-01 0.354959E-02 0.212323E-03  0.00000    
  1902.26      500.000     0.657286     0.162773E-02 0.235384E-01 0.506612E-02 0.247645      0.00000     0.680004     0.422633E-01 0.354959E-02 0.212323E-03  0.00000    
  1899.75      500.000     0.653231     0.162773E-02 0.235384E-01 0.506612E-02 0.246582      0.00000     0.672957     0.422633E-01 0.354959E-02 0.212323E-03  0.00000    
  1897.24      500.000     0.649226     0.162773E-02 0.235384E-01 0.506612E-02 0.245519      0.00000     0.666011     0.422633E-01 0.354959E-02 0.212323E-03  0.00000    
  1894.74      500.000     0.645266     0.162773E-02 0.235384E-01 0.506612E-02 0.244461      0.00000     0.659148     0.422633E-01 0.354959E-02 0.212323E-03  0.00000    
  1892.23      500.000     0.641352     0.162773E-02 0.235384E-01 0.506612E-02 0.243405      0.00000     0.652376     0.422633E-01 0.354959E-02 0.212323E-03  0.00000    
  1889.72      500.000     0.637522     0.162773E-02 0.235384E-01 0.506612E-02 0.242359      0.00000     0.645761     0.422633E-01 0.354959E-02 0.212323E-03  0.00000    
  1887.22      500.000     0.633720     0.162773E-02 0.235384E-01 0.506612E-02 0.241316      0.00000     0.639200     0.422633E-01 0.354959E-02 0.212323E-03  0.00000    
  1884.71      500.000     0.629960     0.162773E-02 0.235384E-01 0.506612E-02 0.240273      0.00000     0.632725     0.422633E-01 0.354959E-02 0.212323E-03  0.00000    
  1882.21      500.000     0.626244     0.162773E-02 0.235384E-01 0.506612E-02 0.239232      0.00000     0.626331     0.422633E-01 0.354959E-02 0.212323E-03  0.00000    
  1879.70      500.000     0.622576     0.162773E-02 0.235384E-01 0.506612E-02 0.238193      0.00000     0.620036     0.422633E-01 0.354959E-02 0.212323E-03  0.00000    
  1877.19      500.000     0.618953     0.162772E-02 0.235366E-01 0.505246E-02 0.237150      0.00000     0.613815     0.422633E-01 0.354959E-02 0.212323E-03  0.00000    
  1874.69      500.000     0.606462     0.162772E-02 0.235037E-01 0.485999E-02 0.233177      0.00000     0.592555     0.422633E-01 0.354959E-02 0.212323E-03  0.00000    
  1872.18      500.000     0.606462     0.162772E-02 0.235037E-01 0.485999E-02 0.233177      0.00000     0.592555     0.422633E-01 0.354959E-02 0.212323E-03  0.00000    
  1869.67      500.000     0.606462     0.162772E-02 0.235037E-01 0.485999E-02 0.233177      0.00000     0.592555     0.422633E-01 0.354959E-02 0.212323E-03  0.00000    
  1867.17      500.000     0.604924     0.162772E-02 0.235013E-01 0.484159E-02 0.232712      0.00000     0.589920     0.422633E-01 0.354959E-02 0.212323E-03  0.00000    
  1864.66      500.000     0.601156     0.162771E-02 0.234938E-01 0.478420E-02 0.231543      0.00000     0.583482     0.422633E-01 0.354959E-02 0.212323E-03  0.00000    
  1862.16      500.000     0.597761     0.162771E-02 0.234869E-01 0.473238E-02 0.230486      0.00000     0.577683     0.422633E-01 0.354959E-02 0.212323E-03  0.00000    
  1859.65      500.000     0.591166     0.162771E-02 0.234732E-01 0.463711E-02 0.228372      0.00000     0.566487     0.422633E-01 0.354959E-02 0.212323E-03  0.00000    
  1857.14      500.000     0.591013     0.162771E-02 0.234722E-01 0.462974E-02 0.228320      0.00000     0.566222     0.422633E-01 0.354959E-02 0.212323E-03  0.00000    
  1854.64      500.000     0.587706     0.162770E-02 0.234654E-01 0.457910E-02 0.227265      0.00000     0.560599     0.422633E-01 0.354959E-02 0.212323E-03  0.00000    
  1852.13      500.000     0.584437     0.162769E-02 0.234587E-01 0.452913E-02 0.226215      0.00000     0.555051     0.422633E-01 0.354959E-02 0.212323E-03  0.00000    
  1849.62      500.000     0.581194     0.162769E-02 0.234521E-01 0.447956E-02 0.225161      0.00000     0.549556     0.422633E-01 0.354959E-02 0.212323E-03  0.00000    
  1847.12      500.000     0.579204     0.162768E-02 0.234479E-01 0.444890E-02 0.224517      0.00000     0.546181     0.422633E-01 0.354959E-02 0.212323E-03  0.00000    
  1844.61      500.000     0.574792     0.162767E-02 0.234390E-01 0.438171E-02 0.223057      0.00000     0.538733     0.422633E-01 0.354959E-02 0.212323E-03  0.00000    
  1842.11      500.000     0.571616     0.162766E-02 0.234325E-01 0.433314E-02 0.221998      0.00000     0.533378     0.422633E-01 0.354959E-02 0.212323E-03  0.00000    
  1839.60      500.000     0.568493     0.162766E-02 0.234261E-01 0.428563E-02 0.220949      0.00000     0.528122     0.422633E-01 0.354959E-02 0.212323E-03  0.00000    
  1837.09      500.000     0.565378     0.162765E-02 0.234197E-01 0.423821E-02 0.219893      0.00000     0.522890     0.422633E-01 0.354959E-02 0.212323E-03  0.00000    
  1834.59      500.000     0.562287     0.162764E-02 0.234133E-01 0.419118E-02 0.218836      0.00000     0.517705     0.422633E-01 0.354959E-02 0.212323E-03  0.00000    
  1832.08      500.000     0.559221     0.162764E-02 0.234071E-01 0.414462E-02 0.217779      0.00000     0.512570     0.422633E-01 0.354959E-02 0.212323E-03  0.00000    
  1829.57      500.000     0.556171     0.162763E-02 0.234007E-01 0.409834E-02 0.216721      0.00000     0.507472     0.422633E-01 0.354959E-02 0.212323E-03  0.00000    
  1827.07      500.000     0.553145     0.162763E-02 0.233945E-01 0.405259E-02 0.215658      0.00000     0.502425     0.422633E-01 0.354959E-02 0.212323E-03  0.00000    
  1824.56      500.000     0.550132     0.162762E-02 0.233882E-01 0.400696E-02 0.214599      0.00000     0.497400     0.422633E-01 0.354959E-02 0.212323E-03  0.00000    
  1822.06      500.000     0.547158     0.162761E-02 0.233821E-01 0.396222E-02 0.213540      0.00000     0.492456     0.422633E-01 0.354959E-02 0.212323E-03  0.00000    
  1819.55      500.000     0.544187     0.162761E-02 0.233760E-01 0.391759E-02 0.212473      0.00000     0.487525     0.422633E-01 0.354959E-02 0.212323E-03  0.00000    
  1817.04      500.000     0.541234     0.162760E-02 0.233701E-01 0.387330E-02 0.211404      0.00000     0.482633     0.422633E-01 0.354959E-02 0.212323E-03  0.00000    
  1814.54      500.000     0.538300     0.162759E-02 0.233641E-01 0.382948E-02 0.210333      0.00000     0.477781     0.422633E-01 0.354959E-02 0.212323E-03  0.00000    
  1812.03      500.000     0.535380     0.162759E-02 0.233581E-01 0.378598E-02 0.209258      0.00000     0.472961     0.422633E-01 0.354959E-02 0.212323E-03  0.00000    
  1809.52      500.000     0.532473     0.162758E-02 0.233522E-01 0.374282E-02 0.208179      0.00000     0.468172     0.422633E-01 0.354959E-02 0.212323E-03  0.00000    
  1807.02      500.000     0.529584     0.162758E-02 0.233463E-01 0.370008E-02 0.207099      0.00000     0.463419     0.422633E-01 0.354959E-02 0.212323E-03  0.00000    
  1804.51      500.000     0.526689     0.162757E-02 0.233404E-01 0.365734E-02 0.206007      0.00000     0.458669     0.422633E-01 0.354959E-02 0.212323E-03  0.00000    
  1802.01      500.000     0.523834     0.162756E-02 0.233346E-01 0.361549E-02 0.204919      0.00000     0.453993     0.422633E-01 0.354959E-02 0.212323E-03  0.00000    
  1799.50      500.000     0.520984     0.162756E-02 0.233288E-01 0.357381E-02 0.203829      0.00000     0.449331     0.422633E-01 0.354959E-02 0.212323E-03  0.00000    
  1796.99      500.000     0.518141     0.162755E-02 0.233230E-01 0.353231E-02 0.202738      0.00000     0.444685     0.422633E-01 0.354959E-02 0.212323E-03  0.00000    
  1794.49      500.000     0.515301     0.162755E-02 0.233172E-01 0.349101E-02 0.201627      0.00000     0.440063     0.422633E-01 0.354959E-02 0.212323E-03  0.00000    
  1791.98      500.000     0.512485     0.162754E-02 0.233115E-01 0.345056E-02 0.200523      0.00000     0.435484     0.422633E-01 0.354959E-02 0.212323E-03  0.00000    
  1789.47      500.000     0.509673     0.162754E-02 0.233058E-01 0.341018E-02 0.199412      0.00000     0.430922     0.422633E-01 0.354959E-02 0.212323E-03  0.00000    
  1786.97      500.000     0.506960     0.162753E-02 0.233003E-01 0.337138E-02 0.198332      0.00000     0.426526     0.422633E-01 0.354959E-02 0.212323E-03  0.00000    
  1784.46      500.000     0.504068     0.162753E-02 0.232945E-01 0.333027E-02 0.197169      0.00000     0.421855     0.422633E-01 0.354959E-02 0.212323E-03  0.00000    
  1781.95      500.000     0.501283     0.162752E-02 0.232889E-01 0.329092E-02 0.196042      0.00000     0.417363     0.422633E-01 0.354959E-02 0.212323E-03  0.00000    
  1779.45      500.000     0.498503     0.162751E-02 0.232833E-01 0.325180E-02 0.194909      0.00000     0.412886     0.422633E-01 0.354959E-02 0.212323E-03  0.00000    
  1776.94      500.000     0.495739     0.162751E-02 0.232779E-01 0.321312E-02 0.193775      0.00000     0.408444     0.422633E-01 0.354959E-02 0.212323E-03  0.00000    
  1774.44      500.000     0.492965     0.162750E-02 0.232723E-01 0.317455E-02 0.192628      0.00000     0.403995     0.422633E-01 0.354959E-02 0.212323E-03  0.00000    
  1771.93      500.000     0.490155     0.162749E-02 0.232664E-01 0.313539E-02 0.191462      0.00000     0.399490     0.422633E-01 0.354959E-02 0.212323E-03  0.00000    
  1769.42      500.000     0.487458     0.162749E-02 0.232611E-01 0.309854E-02 0.190331      0.00000     0.395182     0.422633E-01 0.354959E-02 0.212323E-03  0.00000    
  1766.92      500.000     0.484699     0.162748E-02 0.232556E-01 0.306074E-02 0.189168      0.00000     0.390778     0.422633E-01 0.354959E-02 0.212323E-03  0.00000    
  1764.41      500.000     0.481950     0.162748E-02 0.232501E-01 0.302343E-02 0.187996      0.00000     0.386406     0.422633E-01 0.354959E-02 0.212323E-03  0.00000    
  1761.90      500.000     0.479224     0.162747E-02 0.232447E-01 0.298670E-02 0.186825      0.00000     0.382080     0.422633E-01 0.354959E-02 0.212323E-03  0.00000    
  1759.40      500.000     0.476483     0.162747E-02 0.232393E-01 0.294993E-02 0.185639      0.00000     0.377737     0.422633E-01 0.354959E-02 0.212323E-03  0.00000    
  1756.89      500.000     0.473751     0.162746E-02 0.232339E-01 0.291354E-02 0.184449      0.00000     0.373417     0.422633E-01 0.354959E-02 0.212323E-03  0.00000    
  1754.39      500.000     0.471010     0.162745E-02 0.232286E-01 0.287723E-02 0.183245      0.00000     0.369094     0.422633E-01 0.354959E-02 0.212323E-03  0.00000    
  1751.88      500.000     0.468277     0.162745E-02 0.232232E-01 0.284118E-02 0.182043      0.00000     0.364785     0.422633E-01 0.354959E-02 0.212323E-03  0.00000    
  1749.37      500.000     0.465559     0.162744E-02 0.232179E-01 0.280576E-02 0.180830      0.00000     0.360517     0.422633E-01 0.354959E-02 0.212323E-03  0.00000    
  1746.87      500.000     0.462855     0.162744E-02 0.232126E-01 0.277073E-02 0.179618      0.00000     0.356277     0.422633E-01 0.354959E-02 0.212323E-03  0.00000    
  1744.36      500.000     0.460138     0.162743E-02 0.232074E-01 0.273571E-02 0.178392      0.00000     0.352025     0.422633E-01 0.354959E-02 0.212323E-03  0.00000    
  1741.85      500.000     0.457425     0.162742E-02 0.232020E-01 0.270096E-02 0.177160      0.00000     0.347787     0.422633E-01 0.354959E-02 0.212323E-03  0.00000    
  1739.35      500.000     0.454712     0.162742E-02 0.231967E-01 0.266648E-02 0.175916      0.00000     0.343561     0.422633E-01 0.354959E-02 0.212323E-03  0.00000    
  1736.84      500.000     0.452003     0.162741E-02 0.231915E-01 0.263227E-02 0.174667      0.00000     0.339350     0.422633E-01 0.354959E-02 0.212323E-03  0.00000    
  1734.34      500.000     0.449299     0.162741E-02 0.231863E-01 0.259835E-02 0.173411      0.00000     0.335153     0.422633E-01 0.354959E-02 0.212323E-03  0.00000    
  1731.83      500.000     0.447289     0.162740E-02 0.231822E-01 0.257152E-02 0.172433      0.00000     0.332078     0.422633E-01 0.354959E-02 0.212323E-03  0.00000    
  1729.32      500.000     0.443872     0.162739E-02 0.231758E-01 0.253130E-02 0.170827      0.00000     0.326799     0.422633E-01 0.354959E-02 0.212323E-03  0.00000    
  1726.82      500.000     0.441178     0.162738E-02 0.231706E-01 0.249818E-02 0.169552      0.00000     0.322646     0.422633E-01 0.354959E-02 0.212323E-03  0.00000    
  1724.31      500.000     0.438490     0.162738E-02 0.231655E-01 0.246534E-02 0.168271      0.00000     0.318508     0.422633E-01 0.354959E-02 0.212323E-03  0.00000    
  1721.80      500.000     0.435378     0.162737E-02 0.231601E-01 0.243166E-02 0.166779      0.00000     0.313735     0.422633E-01 0.354959E-02 0.212323E-03  0.00000    
  1719.30      500.000     0.433117     0.162737E-02 0.231551E-01 0.240029E-02 0.165688      0.00000     0.310262     0.422633E-01 0.354959E-02 0.212323E-03  0.00000    
  1716.79      500.000     0.430452     0.162736E-02 0.231499E-01 0.236835E-02 0.164397      0.00000     0.306184     0.422633E-01 0.354959E-02 0.212323E-03  0.00000    
  1714.29      500.000     0.427781     0.162736E-02 0.231447E-01 0.233657E-02 0.163089      0.00000     0.302110     0.422633E-01 0.354959E-02 0.212323E-03  0.00000    
  1711.78      500.000     0.425117     0.162735E-02 0.231396E-01 0.230506E-02 0.161777      0.00000     0.298054     0.422633E-01 0.354959E-02 0.212323E-03  0.00000    
  1709.27      500.000     0.422458     0.162734E-02 0.231344E-01 0.227380E-02 0.160458      0.00000     0.294016     0.422633E-01 0.354959E-02 0.212323E-03  0.00000    
  1706.77      500.000     0.419806     0.162734E-02 0.231292E-01 0.224279E-02 0.159137      0.00000     0.289993     0.422633E-01 0.354959E-02 0.212323E-03  0.00000    
  1704.26      500.000     0.417161     0.162733E-02 0.231241E-01 0.221205E-02 0.157812      0.00000     0.285990     0.422633E-01 0.354959E-02 0.212323E-03  0.00000    
  1701.75      500.000     0.414525     0.162733E-02 0.231190E-01 0.218160E-02 0.156481      0.00000     0.282011     0.422633E-01 0.354959E-02 0.212323E-03  0.00000    
  1699.25      500.000     0.411891     0.162732E-02 0.231139E-01 0.215130E-02 0.155141      0.00000     0.278043     0.422633E-01 0.354959E-02 0.212323E-03  0.00000    
  1696.74      500.000     0.409273     0.162731E-02 0.231088E-01 0.212137E-02 0.153805      0.00000     0.274105     0.422633E-01 0.354959E-02 0.212323E-03  0.00000    
  1694.24      500.000     0.407995     0.162731E-02 0.231062E-01 0.210682E-02 0.153148      0.00000     0.272187     0.422633E-01 0.354959E-02 0.212323E-03  0.00000    
  1691.73      500.000     0.404063     0.162730E-02 0.230985E-01 0.206229E-02 0.151116      0.00000     0.266298     0.422633E-01 0.354959E-02 0.212323E-03  0.00000    
  1689.22      500.000     0.401473     0.162730E-02 0.230935E-01 0.203311E-02 0.149770      0.00000     0.262427     0.422633E-01 0.354959E-02 0.212323E-03  0.00000    
  1686.72      500.000     0.398929     0.162729E-02 0.230885E-01 0.200457E-02 0.148440      0.00000     0.258633     0.422633E-01 0.354959E-02 0.212323E-03  0.00000    
  1684.21      500.000     0.396319     0.162729E-02 0.230832E-01 0.197545E-02 0.147066      0.00000     0.254750     0.422633E-01 0.354959E-02 0.212323E-03  0.00000    
  1681.70      500.000     0.393778     0.162728E-02 0.230782E-01 0.194724E-02 0.145723      0.00000     0.250976     0.422633E-01 0.354959E-02 0.212323E-03  0.00000    
  1679.20      500.000     0.391240     0.162727E-02 0.230731E-01 0.191913E-02 0.144374      0.00000     0.247213     0.422633E-01 0.354959E-02 0.212323E-03  0.00000    
  1676.69      500.000     0.388727     0.162727E-02 0.230680E-01 0.189143E-02 0.143028      0.00000     0.243497     0.422633E-01 0.354959E-02 0.212323E-03  0.00000    
  1674.19      500.000     0.386205     0.162726E-02 0.230629E-01 0.186372E-02 0.141671      0.00000     0.239773     0.422633E-01 0.354959E-02 0.212323E-03  0.00000    
  1671.68      500.000     0.383712     0.162726E-02 0.230579E-01 0.183643E-02 0.140323      0.00000     0.236101     0.422633E-01 0.354959E-02 0.212323E-03  0.00000    
  1669.17      500.000     0.381235     0.162725E-02 0.230528E-01 0.180940E-02 0.138975      0.00000     0.232459     0.422633E-01 0.354959E-02 0.212323E-03  0.00000    
  1666.67      500.000     0.378775     0.162725E-02 0.230477E-01 0.178264E-02 0.137631      0.00000     0.228850     0.422633E-01 0.354959E-02 0.212323E-03  0.00000    
  1664.16      500.000     0.376332     0.162724E-02 0.230426E-01 0.175613E-02 0.136287      0.00000     0.225273     0.422633E-01 0.354959E-02 0.212323E-03  0.00000    
  1661.65      500.000     0.373906     0.162723E-02 0.230375E-01 0.172988E-02 0.134946      0.00000     0.221729     0.422633E-01 0.354959E-02 0.212323E-03  0.00000    
  1659.15      500.000     0.371453     0.162722E-02 0.230323E-01 0.170341E-02 0.133569      0.00000     0.218166     0.422633E-01 0.354959E-02 0.212323E-03  0.00000    
  1656.64      500.000     0.368940     0.162722E-02 0.230270E-01 0.167616E-02 0.132162      0.00000     0.214513     0.422633E-01 0.354959E-02 0.212323E-03  0.00000    
  1654.14      500.000     0.366749     0.162721E-02 0.230223E-01 0.165288E-02 0.130932      0.00000     0.211330     0.422633E-01 0.354959E-02 0.212323E-03  0.00000    
  1651.63      500.000     0.364402     0.162721E-02 0.230173E-01 0.162766E-02 0.129610      0.00000     0.207924     0.422633E-01 0.354959E-02 0.212323E-03  0.00000    
  1649.12      500.000     0.362085     0.162720E-02 0.230122E-01 0.160282E-02 0.128297      0.00000     0.204571     0.422633E-01 0.354959E-02 0.212323E-03  0.00000    
  1646.62      500.000     0.359790     0.162719E-02 0.230072E-01 0.157825E-02 0.126991      0.00000     0.201254     0.422633E-01 0.354959E-02 0.212323E-03  0.00000    
  1644.11      500.000     0.357513     0.162719E-02 0.230021E-01 0.155391E-02 0.125687      0.00000     0.197974     0.422633E-01 0.354959E-02 0.212323E-03  0.00000    
  1641.60      500.000     0.355259     0.162718E-02 0.229971E-01 0.152982E-02 0.124391      0.00000     0.194731     0.422633E-01 0.354959E-02 0.212323E-03  0.00000    
  1639.10      500.000     0.353031     0.162718E-02 0.229920E-01 0.150601E-02 0.123109      0.00000     0.191526     0.422633E-01 0.354959E-02 0.212323E-03  0.00000    
  1636.59      500.000     0.350828     0.162717E-02 0.229870E-01 0.148252E-02 0.121827      0.00000     0.188371     0.422633E-01 0.354959E-02 0.212323E-03  0.00000    
  1634.09      500.000     0.348652     0.162716E-02 0.229819E-01 0.145930E-02 0.120561      0.00000     0.185255     0.422633E-01 0.354959E-02 0.212323E-03  0.00000    
  1631.58      500.000     0.346493     0.162716E-02 0.229768E-01 0.143629E-02 0.119292      0.00000     0.182176     0.422633E-01 0.354959E-02 0.212323E-03  0.00000    
  1629.07      500.000     0.344365     0.162715E-02 0.229718E-01 0.141359E-02 0.118037      0.00000     0.179143     0.422633E-01 0.354959E-02 0.212323E-03  0.00000    
  1626.57      500.000     0.342266     0.162714E-02 0.229667E-01 0.139122E-02 0.116795      0.00000     0.176159     0.422633E-01 0.354959E-02 0.212323E-03  0.00000    
  1624.06      500.000     0.341301     0.162714E-02 0.229650E-01 0.138352E-02 0.116210      0.00000     0.174804     0.422633E-01 0.354959E-02 0.212323E-03  0.00000    
  1621.55      500.000     0.338136     0.162713E-02 0.229566E-01 0.134724E-02 0.114319      0.00000     0.170317     0.422633E-01 0.354959E-02 0.212323E-03  0.00000    
  1619.05      500.000     0.336113     0.162712E-02 0.229516E-01 0.132561E-02 0.113109      0.00000     0.167451     0.422633E-01 0.354959E-02 0.212323E-03  0.00000    
  1616.54      500.000     0.334118     0.162712E-02 0.229466E-01 0.130429E-02 0.111906      0.00000     0.164636     0.422633E-01 0.354959E-02 0.212323E-03  0.00000    
  1614.04      500.000     0.332148     0.162711E-02 0.229416E-01 0.128321E-02 0.110716      0.00000     0.161859     0.422633E-01 0.354959E-02 0.212323E-03  0.00000    
  1611.53      500.000     0.330205     0.162710E-02 0.229365E-01 0.126240E-02 0.109536      0.00000     0.159125     0.422633E-01 0.354959E-02 0.212323E-03  0.00000    
  1609.02      500.000     0.328289     0.162710E-02 0.229315E-01 0.124186E-02 0.108366      0.00000     0.156435     0.422633E-01 0.354959E-02 0.212323E-03  0.00000    
  1606.52      500.000     0.326401     0.162709E-02 0.229265E-01 0.122158E-02 0.107212      0.00000     0.153786     0.422633E-01 0.354959E-02 0.212323E-03  0.00000    
  1604.01      500.000     0.324540     0.162708E-02 0.229216E-01 0.120158E-02 0.106066      0.00000     0.151183     0.422633E-01 0.354959E-02 0.212323E-03  0.00000    
  1601.50      500.000     0.322706     0.162708E-02 0.229166E-01 0.118183E-02 0.104934      0.00000     0.148621     0.422633E-01 0.354959E-02 0.212323E-03  0.00000    
  1599.00      500.000     0.320902     0.162707E-02 0.229116E-01 0.116238E-02 0.103818      0.00000     0.146104     0.422633E-01 0.354959E-02 0.212323E-03  0.00000    
  1596.49      500.000     0.319124     0.162706E-02 0.229067E-01 0.114318E-02 0.102710      0.00000     0.143629     0.422633E-01 0.354959E-02 0.212323E-03  0.00000    
  1593.98      500.000     0.317370     0.162705E-02 0.229017E-01 0.112421E-02 0.101614      0.00000     0.141193     0.422633E-01 0.354959E-02 0.212323E-03  0.00000    
  1591.48      500.000     0.315636     0.162705E-02 0.228967E-01 0.110541E-02 0.100526      0.00000     0.138786     0.422633E-01 0.354959E-02 0.212323E-03  0.00000    
  1588.97      500.000     0.313944     0.162704E-02 0.228918E-01 0.108705E-02 0.994609E-01  0.00000     0.136444     0.422633E-01 0.354959E-02 0.212323E-03  0.00000    
  1586.47      500.000     0.311005     0.162687E-02 0.228533E-01 0.105591E-02 0.982749E-01  0.00000     0.133607     0.422372E-01 0.354936E-02 0.212323E-03  0.00000    
  1583.96      500.000     0.306490     0.162647E-02 0.227717E-01 0.101092E-02 0.969706E-01  0.00000     0.130214     0.421752E-01 0.354884E-02 0.212323E-03  0.00000    
  1581.45      500.000     0.302021     0.162608E-02 0.226920E-01 0.967409E-03 0.956783E-01  0.00000     0.126877     0.421114E-01 0.354830E-02 0.212323E-03  0.00000    
  1578.95      500.000     0.297774     0.162568E-02 0.226146E-01 0.926345E-03 0.944436E-01  0.00000     0.123704     0.420505E-01 0.354780E-02 0.212323E-03  0.00000    
  1576.44      500.000     0.293623     0.162527E-02 0.225391E-01 0.886638E-03 0.932289E-01  0.00000     0.120620     0.419890E-01 0.354731E-02 0.212323E-03  0.00000    
  1573.93      500.000     0.289578     0.162488E-02 0.224655E-01 0.847881E-03 0.920386E-01  0.00000     0.117623     0.419270E-01 0.354682E-02 0.212323E-03  0.00000    
  1571.43      500.000     0.285684     0.162445E-02 0.223935E-01 0.810743E-03 0.908881E-01  0.00000     0.114740     0.418664E-01 0.354636E-02 0.212323E-03  0.00000    
  1568.92      500.000     0.281884     0.162402E-02 0.223236E-01 0.775328E-03 0.897630E-01  0.00000     0.111941     0.418058E-01 0.354591E-02 0.212323E-03  0.00000    
  1566.42      500.000     0.278194     0.162358E-02 0.222554E-01 0.741089E-03 0.886637E-01  0.00000     0.109231     0.417455E-01 0.354546E-02 0.212323E-03  0.00000    
  1563.91      500.000     0.274601     0.162317E-02 0.221892E-01 0.708214E-03 0.875877E-01  0.00000     0.106605     0.416849E-01 0.354502E-02 0.212323E-03  0.00000    
  1561.40      500.000     0.271096     0.162274E-02 0.221243E-01 0.676673E-03 0.865337E-01  0.00000     0.104054     0.416249E-01 0.354459E-02 0.212323E-03  0.00000    
  1558.90      500.000     0.267448     0.162230E-02 0.220641E-01 0.648059E-03 0.852802E-01  0.00000     0.101171     0.415684E-01 0.354420E-02 0.212323E-03  0.00000    
  1556.39      500.000     0.264533     0.162189E-02 0.220068E-01 0.620718E-03 0.844440E-01  0.00000     0.991428E-01 0.415135E-01 0.354382E-02 0.212323E-03  0.00000    
  1553.88      500.000     0.261251     0.162142E-02 0.219439E-01 0.591739E-03 0.834850E-01  0.00000     0.968431E-01 0.414507E-01 0.354341E-02 0.212323E-03  0.00000    
  1551.38      500.000     0.258039     0.162096E-02 0.218817E-01 0.563562E-03 0.825499E-01  0.00000     0.946148E-01 0.413873E-01 0.354301E-02 0.212323E-03  0.00000    
  1548.87      500.000     0.254968     0.162048E-02 0.218213E-01 0.536269E-03 0.816145E-01  0.00000     0.924339E-01 0.413280E-01 0.354264E-02 0.212323E-03  0.00000    
  1546.37      500.000     0.252005     0.162002E-02 0.217656E-01 0.511393E-03 0.806972E-01  0.00000     0.903198E-01 0.412691E-01 0.354227E-02 0.212323E-03  0.00000    
  1543.86      500.000     0.249104     0.161956E-02 0.217106E-01 0.487393E-03 0.797960E-01  0.00000     0.882588E-01 0.412104E-01 0.354191E-02 0.212323E-03  0.00000    
  1541.35      500.000     0.246274     0.161909E-02 0.216569E-01 0.464299E-03 0.789127E-01  0.00000     0.862567E-01 0.411518E-01 0.354156E-02 0.212323E-03  0.00000    
  1538.85      500.000     0.243500     0.161862E-02 0.216045E-01 0.442486E-03 0.780461E-01  0.00000     0.843069E-01 0.410931E-01 0.354121E-02 0.212323E-03  0.00000    
  1536.34      500.000     0.240805     0.161813E-02 0.215528E-01 0.421071E-03 0.771965E-01  0.00000     0.824143E-01 0.410352E-01 0.354087E-02 0.212323E-03  0.00000    
  1533.83      500.000     0.238171     0.161767E-02 0.215025E-01 0.400697E-03 0.763653E-01  0.00000     0.805734E-01 0.409771E-01 0.354053E-02 0.212323E-03  0.00000    
  1531.33      500.000     0.235597     0.161719E-02 0.214534E-01 0.381222E-03 0.755508E-01  0.00000     0.787814E-01 0.409189E-01 0.354020E-02 0.212323E-03  0.00000    
  1528.82      500.000     0.233084     0.161670E-02 0.214053E-01 0.362526E-03 0.747525E-01  0.00000     0.770390E-01 0.408607E-01 0.353987E-02 0.212323E-03  0.00000    
  1526.32      500.000     0.230623     0.161620E-02 0.213579E-01 0.344609E-03 0.739670E-01  0.00000     0.753411E-01 0.408026E-01 0.353956E-02 0.212323E-03  0.00000    
  1523.81      500.000     0.228220     0.161571E-02 0.213118E-01 0.327227E-03 0.731950E-01  0.00000     0.736897E-01 0.407443E-01 0.353924E-02 0.212323E-03  0.00000    
  1521.30      500.000     0.225870     0.161521E-02 0.212661E-01 0.310549E-03 0.724368E-01  0.00000     0.720811E-01 0.406865E-01 0.353893E-02 0.212323E-03  0.00000    
  1518.80      500.000     0.222650     0.161482E-02 0.212156E-01 0.293961E-03 0.711577E-01  0.00000     0.695820E-01 0.406183E-01 0.353869E-02 0.212323E-03  0.00000    
  1516.29      500.000     0.221596     0.161457E-02 0.211944E-01 0.286594E-03 0.708274E-01  0.00000     0.688819E-01 0.405906E-01 0.353855E-02 0.212323E-03  0.00000    
  1513.78      500.000     0.219363     0.161403E-02 0.211495E-01 0.271018E-03 0.701252E-01  0.00000     0.674068E-01 0.405301E-01 0.353824E-02 0.212323E-03  0.00000    
  1511.28      500.000     0.217176     0.161349E-02 0.211053E-01 0.256202E-03 0.694332E-01  0.00000     0.659662E-01 0.404697E-01 0.353794E-02 0.212323E-03  0.00000    
  1508.77      500.000     0.215032     0.161293E-02 0.210622E-01 0.242034E-03 0.687513E-01  0.00000     0.645597E-01 0.404092E-01 0.353765E-02 0.212323E-03  0.00000    
  1506.27      500.000     0.212928     0.161237E-02 0.210203E-01 0.228957E-03 0.680808E-01  0.00000     0.631816E-01 0.403485E-01 0.353737E-02 0.212323E-03  0.00000    
  1503.76      500.000     0.210870     0.161180E-02 0.209789E-01 0.216241E-03 0.674212E-01  0.00000     0.618393E-01 0.402882E-01 0.353708E-02 0.212323E-03  0.00000    
  1501.25      500.000     0.208858     0.161124E-02 0.209382E-01 0.203832E-03 0.667703E-01  0.00000     0.605330E-01 0.402277E-01 0.353680E-02 0.212323E-03  0.00000    
  1498.75      500.000     0.206886     0.161066E-02 0.208983E-01 0.191972E-03 0.661309E-01  0.00000     0.592561E-01 0.401673E-01 0.353653E-02 0.212323E-03  0.00000    
  1496.24      500.000     0.204951     0.161006E-02 0.208592E-01 0.180940E-03 0.654990E-01  0.00000     0.580075E-01 0.401072E-01 0.353626E-02 0.212323E-03  0.00000    
  1493.73      500.000     0.203055     0.160945E-02 0.208202E-01 0.170183E-03 0.648772E-01  0.00000     0.567882E-01 0.400474E-01 0.353600E-02 0.212323E-03  0.00000    
  1491.23      500.000     0.201193     0.160884E-02 0.207825E-01 0.159958E-03 0.642635E-01  0.00000     0.555962E-01 0.399868E-01 0.353573E-02 0.212323E-03  0.00000    
  1488.72      500.000     0.199371     0.160825E-02 0.207453E-01 0.150216E-03 0.636586E-01  0.00000     0.544338E-01 0.399266E-01 0.353548E-02 0.212323E-03  0.00000    
  1486.22      500.000     0.197318     0.158849E-02 0.207086E-01 0.147399E-03 0.629586E-01  0.00000     0.531675E-01 0.398298E-01 0.353293E-02 0.212104E-03  0.00000    
  1483.71      500.000     0.195213     0.156450E-02 0.206722E-01 0.146267E-03 0.622332E-01  0.00000     0.518846E-01 0.397211E-01 0.352974E-02 0.211841E-03  0.00000    
  1481.20      500.000     0.193158     0.154382E-02 0.206345E-01 0.143582E-03 0.615250E-01  0.00000     0.506312E-01 0.396173E-01 0.352705E-02 0.211606E-03  0.00000    
  1478.70      500.000     0.191121     0.151962E-02 0.205980E-01 0.142541E-03 0.608161E-01  0.00000     0.494039E-01 0.395047E-01 0.352392E-02 0.211327E-03  0.00000    
  1476.19      500.000     0.189118     0.149645E-02 0.205609E-01 0.141077E-03 0.601185E-01  0.00000     0.482009E-01 0.393912E-01 0.352092E-02 0.211083E-03  0.00000    
  1473.68      500.000     0.187145     0.147299E-02 0.205249E-01 0.140072E-03 0.594269E-01  0.00000     0.470257E-01 0.392740E-01 0.351776E-02 0.210803E-03  0.00000    
  1471.18      500.000     0.185186     0.144984E-02 0.204882E-01 0.138679E-03 0.587355E-01  0.00000     0.458672E-01 0.391538E-01 0.351469E-02 0.210540E-03  0.00000    
  1468.67      500.000     0.183269     0.142632E-02 0.204514E-01 0.137560E-03 0.580556E-01  0.00000     0.447409E-01 0.390318E-01 0.351158E-02 0.210280E-03  0.00000    
  1466.17      500.000     0.181374     0.140389E-02 0.204153E-01 0.136438E-03 0.573802E-01  0.00000     0.436367E-01 0.389068E-01 0.350853E-02 0.210009E-03  0.00000    
  1463.66      500.000     0.179504     0.138141E-02 0.203789E-01 0.135270E-03 0.567120E-01  0.00000     0.425524E-01 0.387790E-01 0.350547E-02 0.209752E-03  0.00000    
  1461.15      500.000     0.177660     0.135941E-02 0.203427E-01 0.134096E-03 0.560502E-01  0.00000     0.414904E-01 0.386484E-01 0.350243E-02 0.209466E-03  0.00000    
  1458.65      500.000     0.175826     0.133786E-02 0.203067E-01 0.132896E-03 0.553893E-01  0.00000     0.404452E-01 0.385118E-01 0.349930E-02 0.209191E-03  0.00000    
  1456.14      500.000     0.174011     0.131630E-02 0.202703E-01 0.131668E-03 0.547339E-01  0.00000     0.394175E-01 0.383712E-01 0.349618E-02 0.208918E-03  0.00000    
  1453.63      500.000     0.172204     0.129540E-02 0.202341E-01 0.130366E-03 0.540815E-01  0.00000     0.384039E-01 0.382218E-01 0.349299E-02 0.208642E-03  0.00000    
  1451.13      500.000     0.170414     0.127454E-02 0.201974E-01 0.129037E-03 0.534291E-01  0.00000     0.374098E-01 0.380696E-01 0.348984E-02 0.208368E-03  0.00000    
  1448.62      500.000     0.168630     0.125380E-02 0.201601E-01 0.127652E-03 0.527774E-01  0.00000     0.364286E-01 0.379105E-01 0.348664E-02 0.208091E-03  0.00000    
  1446.12      500.000     0.166854     0.123315E-02 0.201221E-01 0.126225E-03 0.521270E-01  0.00000     0.354602E-01 0.377448E-01 0.348348E-02 0.207804E-03  0.00000    
  1443.61      500.000     0.165067     0.121292E-02 0.200837E-01 0.124655E-03 0.514738E-01  0.00000     0.344995E-01 0.375645E-01 0.348019E-02 0.207513E-03  0.00000    
  1441.10      500.000     0.163262     0.119348E-02 0.200448E-01 0.123053E-03 0.508158E-01  0.00000     0.335444E-01 0.373664E-01 0.347677E-02 0.207225E-03  0.00000    
  1438.60      500.000     0.161436     0.117391E-02 0.200044E-01 0.121269E-03 0.501506E-01  0.00000     0.325915E-01 0.371525E-01 0.347329E-02 0.206908E-03  0.00000    
  1436.09      500.000     0.159562     0.115491E-02 0.199623E-01 0.119242E-03 0.494727E-01  0.00000     0.316333E-01 0.369095E-01 0.346961E-02 0.206587E-03  0.00000    
  1433.58      500.000     0.157057     0.114295E-02 0.199076E-01 0.113930E-03 0.487306E-01  0.00000     0.305288E-01 0.362585E-01 0.346381E-02 0.206065E-03  0.00000    
  1431.08      500.000     0.154596     0.113145E-02 0.198524E-01 0.108742E-03 0.480020E-01  0.00000     0.294571E-01 0.356056E-01 0.345807E-02 0.205577E-03  0.00000    
  1428.57      500.000     0.152206     0.111996E-02 0.197969E-01 0.103794E-03 0.472870E-01  0.00000     0.284243E-01 0.349702E-01 0.345249E-02 0.205107E-03  0.00000    
  1426.07      500.000     0.149887     0.110843E-02 0.197411E-01 0.988349E-04 0.465849E-01  0.00000     0.274305E-01 0.343533E-01 0.344702E-02 0.204635E-03  0.00000    
  1423.56      500.000     0.147634     0.109699E-02 0.196851E-01 0.942053E-04 0.458967E-01  0.00000     0.264719E-01 0.337529E-01 0.344172E-02 0.204178E-03  0.00000    
  1421.05      500.000     0.145445     0.108555E-02 0.196290E-01 0.896890E-04 0.452215E-01  0.00000     0.255477E-01 0.331689E-01 0.343654E-02 0.203732E-03  0.00000    
  1418.55      500.000     0.143320     0.107415E-02 0.195726E-01 0.853870E-04 0.445596E-01  0.00000     0.246567E-01 0.326010E-01 0.343152E-02 0.203310E-03  0.00000    
  1416.04      500.000     0.138154     0.104202E-02 0.188618E-01 0.789567E-04 0.431764E-01  0.00000     0.229210E-01 0.311561E-01 0.342236E-02 0.202499E-03  0.00000    
  1413.53      500.000     0.132569     0.100698E-02 0.180358E-01 0.726456E-04 0.416775E-01  0.00000     0.211169E-01 0.295862E-01 0.341222E-02 0.201623E-03  0.00000    
  1411.03      500.000     0.127389     0.974381E-03 0.172698E-01 0.669077E-04 0.402595E-01  0.00000     0.194750E-01 0.281293E-01 0.340227E-02 0.200769E-03  0.00000    
  1408.52      500.000     0.122577     0.944217E-03 0.165581E-01 0.616986E-04 0.389163E-01  0.00000     0.179780E-01 0.267749E-01 0.339248E-02 0.199930E-03  0.00000    
  1406.02      500.000     0.118095     0.915989E-03 0.158956E-01 0.569665E-04 0.376418E-01  0.00000     0.166104E-01 0.255129E-01 0.338283E-02 0.199112E-03  0.00000    
  1403.51      500.000     0.113912     0.889568E-03 0.152775E-01 0.525879E-04 0.364300E-01  0.00000     0.153588E-01 0.243348E-01 0.337329E-02 0.198313E-03  0.00000    
  1401.00      500.000     0.110000     0.864807E-03 0.146998E-01 0.486012E-04 0.352757E-01  0.00000     0.142112E-01 0.232325E-01 0.336390E-02 0.197521E-03  0.00000    
  1398.50      500.000     0.106340     0.841597E-03 0.141595E-01 0.449452E-04 0.341777E-01  0.00000     0.131578E-01 0.222010E-01 0.335462E-02 0.196741E-03  0.00000    
  1395.99      500.000     0.102898     0.819757E-03 0.136520E-01 0.416860E-04 0.331257E-01  0.00000     0.121880E-01 0.212305E-01 0.334546E-02 0.195974E-03  0.00000    
  1393.48      500.000     0.996669E-01 0.799069E-03 0.131759E-01 0.385938E-04 0.321207E-01  0.00000     0.112962E-01 0.203195E-01 0.333637E-02 0.195212E-03  0.00000    
  1390.98      500.000     0.966181E-01 0.779532E-03 0.127272E-01 0.357742E-04 0.311559E-01  0.00000     0.104729E-01 0.194600E-01 0.332739E-02 0.194451E-03  0.00000    
  1388.47      500.000     0.937452E-01 0.760978E-03 0.123050E-01 0.331730E-04 0.302317E-01  0.00000     0.971329E-02 0.186502E-01 0.331846E-02 0.193708E-03  0.00000    
  1385.96      500.000     0.910318E-01 0.743285E-03 0.119066E-01 0.307504E-04 0.293448E-01  0.00000     0.901107E-02 0.178854E-01 0.330958E-02 0.192964E-03  0.00000    
  1383.46      500.000     0.884642E-01 0.726437E-03 0.115303E-01 0.285587E-04 0.284922E-01  0.00000     0.836114E-02 0.171618E-01 0.330075E-02 0.192228E-03  0.00000    
  1380.95      500.000     0.860298E-01 0.710556E-03 0.111740E-01 0.264536E-04 0.276706E-01  0.00000     0.775896E-02 0.164762E-01 0.329202E-02 0.191476E-03  0.00000    
  1378.45      500.000     0.837243E-01 0.695665E-03 0.108376E-01 0.246547E-04 0.268809E-01  0.00000     0.720239E-02 0.158259E-01 0.328327E-02 0.190792E-03  0.00000    
  1375.94      500.000     0.815318E-01 0.684710E-03 0.105059E-01 0.225033E-04 0.260547E-01  0.00000     0.667487E-02 0.151880E-01 0.327499E-02 0.190223E-03  0.00000    
  1373.43      500.000     0.794922E-01 0.671060E-03 0.102096E-01 0.209911E-04 0.253301E-01  0.00000     0.620333E-02 0.146143E-01 0.326652E-02 0.189507E-03  0.00000    
  1370.93      500.000     0.775978E-01 0.664287E-03 0.990884E-02 0.195785E-04 0.245077E-01  0.00000     0.574727E-02 0.140468E-01 0.325951E-02 0.188930E-03  0.00000    
  1368.42      500.000     0.758039E-01 0.658137E-03 0.962338E-02 0.182186E-04 0.237123E-01  0.00000     0.532459E-02 0.135074E-01 0.325261E-02 0.188345E-03  0.00000    
  1365.91      500.000     0.741010E-01 0.652478E-03 0.935237E-02 0.170625E-04 0.229429E-01  0.00000     0.493352E-02 0.129926E-01 0.324582E-02 0.187796E-03  0.00000    
  1363.41      500.000     0.724824E-01 0.646893E-03 0.909545E-02 0.159175E-04 0.222021E-01  0.00000     0.457116E-02 0.125030E-01 0.323901E-02 0.187252E-03  0.00000    
  1360.90      500.000     0.709453E-01 0.641729E-03 0.885130E-02 0.148324E-04 0.214864E-01  0.00000     0.423566E-02 0.120361E-01 0.323228E-02 0.186708E-03  0.00000    
  1358.40      500.000     0.694825E-01 0.636772E-03 0.861941E-02 0.137823E-04 0.207968E-01  0.00000     0.392493E-02 0.115907E-01 0.322557E-02 0.186169E-03  0.00000    
  1355.89      500.000     0.680874E-01 0.632095E-03 0.839830E-02 0.128390E-04 0.201276E-01  0.00000     0.363615E-02 0.111653E-01 0.321894E-02 0.185632E-03  0.00000    
  1353.38      500.000     0.667584E-01 0.627628E-03 0.818816E-02 0.119356E-04 0.194829E-01  0.00000     0.336860E-02 0.107591E-01 0.321232E-02 0.185097E-03  0.00000    
  1350.88      500.000     0.643292E-01 0.620907E-03 0.778826E-02 0.103766E-04 0.182330E-01  0.00000     0.289205E-02 0.100142E-01 0.320049E-02 0.184156E-03  0.00000    
  1348.37      500.000     0.617997E-01 0.614907E-03 0.737038E-02 0.865042E-05 0.168957E-01  0.00000     0.241532E-02 0.922935E-02 0.318757E-02 0.183154E-03  0.00000    
  1345.86      500.000     0.600230E-01 0.610999E-03 0.708009E-02 0.743191E-05 0.159462E-01  0.00000     0.209439E-02 0.867255E-02 0.317784E-02 0.182396E-03  0.00000    
  1343.36      500.000     0.586772E-01 0.608153E-03 0.686245E-02 0.651699E-05 0.152198E-01  0.00000     0.186155E-02 0.824768E-02 0.316997E-02 0.181797E-03  0.00000    
  1340.85      500.000     0.576131E-01 0.605928E-03 0.669178E-02 0.576651E-05 0.146414E-01  0.00000     0.168392E-02 0.791011E-02 0.316335E-02 0.181288E-03  0.00000    
  1338.35      500.000     0.567330E-01 0.604108E-03 0.655191E-02 0.514071E-05 0.141594E-01  0.00000     0.154302E-02 0.762973E-02 0.315754E-02 0.180846E-03  0.00000    
  1335.84      500.000     0.559853E-01 0.602590E-03 0.643403E-02 0.460140E-05 0.137471E-01  0.00000     0.142784E-02 0.739077E-02 0.315233E-02 0.180452E-03  0.00000    
  1333.33      500.000     0.553368E-01 0.601223E-03 0.633281E-02 0.415258E-05 0.133874E-01  0.00000     0.133212E-02 0.718284E-02 0.314755E-02 0.180088E-03  0.00000    
  1330.83      500.000     0.547628E-01 0.599990E-03 0.624391E-02 0.376191E-05 0.130674E-01  0.00000     0.125054E-02 0.699846E-02 0.314310E-02 0.179757E-03  0.00000    
  1328.32      500.000     0.542428E-01 0.598878E-03 0.616402E-02 0.342273E-05 0.127756E-01  0.00000     0.117995E-02 0.683100E-02 0.313888E-02 0.179447E-03  0.00000    
  1325.81      500.000     0.537767E-01 0.597821E-03 0.609305E-02 0.313422E-05 0.125134E-01  0.00000     0.111860E-02 0.668076E-02 0.313490E-02 0.179153E-03  0.00000    
  1323.31      500.000     0.533445E-01 0.596791E-03 0.602770E-02 0.287482E-05 0.122692E-01  0.00000     0.106405E-02 0.654134E-02 0.313105E-02 0.178871E-03  0.00000    
  1320.80      500.000     0.529411E-01 0.595800E-03 0.596714E-02 0.265572E-05 0.120402E-01  0.00000     0.101512E-02 0.641112E-02 0.312731E-02 0.178592E-03  0.00000    
  1318.30      500.000     0.525647E-01 0.594829E-03 0.591112E-02 0.244962E-05 0.118260E-01  0.00000     0.971125E-03 0.628958E-02 0.312366E-02 0.178328E-03  0.00000    
  1315.79      500.000     0.522063E-01 0.593859E-03 0.585814E-02 0.226883E-05 0.116213E-01  0.00000     0.930879E-03 0.617390E-02 0.312005E-02 0.178066E-03  0.00000    
  1313.28      500.000     0.518628E-01 0.592871E-03 0.580771E-02 0.210685E-05 0.114243E-01  0.00000     0.893829E-03 0.606305E-02 0.311646E-02 0.177806E-03  0.00000    
  1310.78      500.000     0.515309E-01 0.591874E-03 0.575929E-02 0.195672E-05 0.112334E-01  0.00000     0.859390E-03 0.595606E-02 0.311286E-02 0.177553E-03  0.00000    
  1308.27      500.000     0.512049E-01 0.590807E-03 0.571214E-02 0.182088E-05 0.110452E-01  0.00000     0.827057E-03 0.585110E-02 0.310919E-02 0.177289E-03  0.00000    
  1305.76      500.000     0.508836E-01 0.589704E-03 0.566595E-02 0.169236E-05 0.108592E-01  0.00000     0.796289E-03 0.574782E-02 0.310546E-02 0.177018E-03  0.00000    
  1303.26      500.000     0.505614E-01 0.588504E-03 0.561995E-02 0.158181E-05 0.106721E-01  0.00000     0.766702E-03 0.564446E-02 0.310159E-02 0.176736E-03  0.00000    
  1300.75      500.000     0.502345E-01 0.587203E-03 0.557358E-02 0.148469E-05 0.104820E-01  0.00000     0.737717E-03 0.553990E-02 0.309754E-02 0.176446E-03  0.00000    
  1298.25      500.000     0.498974E-01 0.585778E-03 0.552605E-02 0.138228E-05 0.102852E-01  0.00000     0.708977E-03 0.543239E-02 0.309325E-02 0.176137E-03  0.00000    
  1295.74      500.000     0.495432E-01 0.584194E-03 0.547640E-02 0.127466E-05 0.100777E-01  0.00000     0.680059E-03 0.531982E-02 0.308861E-02 0.175805E-03  0.00000    
  1293.23      500.000     0.491616E-01 0.582287E-03 0.542330E-02 0.119055E-05 0.985427E-02  0.00000     0.649642E-03 0.519916E-02 0.308346E-02 0.175430E-03  0.00000    
  1290.73      500.000     0.487397E-01 0.580009E-03 0.536495E-02 0.110388E-05 0.960689E-02  0.00000     0.617174E-03 0.506650E-02 0.307760E-02 0.175011E-03  0.00000    
  1288.22      500.000     0.482567E-01 0.577153E-03 0.529857E-02 0.101544E-05 0.932370E-02  0.00000     0.581032E-03 0.491564E-02 0.307071E-02 0.174516E-03  0.00000    
  1285.71      500.000     0.476809E-01 0.573472E-03 0.521983E-02 0.923684E-06 0.898672E-02  0.00000     0.538534E-03 0.473731E-02 0.306231E-02 0.173919E-03  0.00000    
  1283.21      500.000     0.469342E-01 0.568027E-03 0.511877E-02 0.814736E-06 0.855194E-02  0.00000     0.485083E-03 0.450842E-02 0.305102E-02 0.173104E-03  0.00000    
  1280.70      500.000     0.458703E-01 0.559100E-03 0.497616E-02 0.696054E-06 0.793878E-02  0.00000     0.410158E-03 0.418731E-02 0.303435E-02 0.171899E-03  0.00000    
  1278.20      500.000     0.445744E-01 0.546751E-03 0.480376E-02 0.539342E-06 0.720249E-02  0.00000     0.319941E-03 0.380324E-02 0.301330E-02 0.170362E-03  0.00000    
  1275.69      500.000     0.441654E-01 0.542824E-03 0.474779E-02 0.494821E-06 0.696742E-02  0.00000     0.292826E-03 0.368243E-02 0.300664E-02 0.169873E-03  0.00000    
  1273.18      500.000     0.437675E-01 0.538845E-03 0.469374E-02 0.451762E-06 0.673854E-02  0.00000     0.267987E-03 0.356519E-02 0.299993E-02 0.169385E-03  0.00000    
  1270.68      500.000     0.433818E-01 0.534772E-03 0.464162E-02 0.414607E-06 0.651727E-02  0.00000     0.244881E-03 0.345223E-02 0.299319E-02 0.168901E-03  0.00000    
  1268.17      500.000     0.430075E-01 0.530656E-03 0.459132E-02 0.376482E-06 0.630264E-02  0.00000     0.223582E-03 0.334304E-02 0.298643E-02 0.168417E-03  0.00000    
  1265.66      500.000     0.426435E-01 0.526468E-03 0.454272E-02 0.342013E-06 0.609434E-02  0.00000     0.203944E-03 0.323740E-02 0.297963E-02 0.167932E-03  0.00000    
  1263.16      500.000     0.422892E-01 0.522176E-03 0.449569E-02 0.312316E-06 0.589193E-02  0.00000     0.185918E-03 0.313505E-02 0.297276E-02 0.167447E-03  0.00000    
  1260.65      500.000     0.419443E-01 0.517802E-03 0.445018E-02 0.281576E-06 0.569540E-02  0.00000     0.169362E-03 0.303596E-02 0.296584E-02 0.166960E-03  0.00000    
  1258.15      500.000     0.416087E-01 0.513325E-03 0.440616E-02 0.255209E-06 0.550503E-02  0.00000     0.154056E-03 0.294022E-02 0.295886E-02 0.166466E-03  0.00000    
  1255.64      500.000     0.412770E-01 0.498989E-03 0.436165E-02 0.230635E-06 0.531188E-02  0.00000     0.140038E-03 0.284456E-02 0.295178E-02 0.165969E-03  0.00000    
  1253.13      500.000     0.409554E-01 0.483387E-03 0.431847E-02 0.210350E-06 0.512443E-02  0.00000     0.127108E-03 0.275217E-02 0.294474E-02 0.165472E-03  0.00000    
  1250.63      500.000     0.406457E-01 0.468444E-03 0.427695E-02 0.187180E-06 0.494434E-02  0.00000     0.115201E-03 0.266363E-02 0.293779E-02 0.164977E-03  0.00000    
  1248.12      500.000     0.403450E-01 0.454170E-03 0.423700E-02 0.164750E-06 0.476971E-02  0.00000     0.104463E-03 0.257793E-02 0.293086E-02 0.164496E-03  0.00000    
  1245.61      500.000     0.400548E-01 0.440487E-03 0.419854E-02 0.148638E-06 0.460132E-02  0.00000     0.947161E-04 0.249554E-02 0.292401E-02 0.164020E-03  0.00000    
  1243.11      500.000     0.384047E-01 0.400729E-03 0.393998E-02 0.119127E-06 0.425549E-02  0.00000     0.766676E-04 0.231399E-02 0.273987E-02 0.160913E-03  0.00000    
  1240.60      500.000     0.368724E-01 0.364677E-03 0.369994E-02 0.109661E-06 0.393751E-02  0.00000     0.618932E-04 0.214857E-02 0.256797E-02 0.157872E-03  0.00000    
  1238.10      500.000     0.354883E-01 0.332746E-03 0.348427E-02 0.906768E-07 0.365036E-02  0.00000     0.498016E-04 0.199966E-02 0.241320E-02 0.155055E-03  0.00000    
  1235.59      500.000     0.342390E-01 0.304487E-03 0.329004E-02 0.751171E-07 0.339100E-02  0.00000     0.401226E-04 0.186653E-02 0.227360E-02 0.152428E-03  0.00000    
  1233.08      500.000     0.331040E-01 0.279342E-03 0.311422E-02 0.628655E-07 0.315587E-02  0.00000     0.322405E-04 0.174669E-02 0.214699E-02 0.149950E-03  0.00000    
  1230.58      500.000     0.320664E-01 0.256874E-03 0.295420E-02 0.540098E-07 0.294162E-02  0.00000     0.258450E-04 0.163818E-02 0.203152E-02 0.147608E-03  0.00000    
  1228.07      500.000     0.311175E-01 0.236787E-03 0.280824E-02 0.455494E-07 0.274522E-02  0.00000     0.207135E-04 0.153985E-02 0.192602E-02 0.145404E-03  0.00000    
  1225.56      500.000     0.302490E-01 0.218955E-03 0.267467E-02 0.394755E-07 0.256356E-02  0.00000     0.165584E-04 0.145169E-02 0.182958E-02 0.143327E-03  0.00000    
  1223.06      500.000     0.294533E-01 0.203052E-03 0.255229E-02 0.364757E-07 0.239607E-02  0.00000     0.132252E-04 0.137239E-02 0.174120E-02 0.141375E-03  0.00000    
  1220.55      500.000     0.287216E-01 0.188579E-03 0.244013E-02 0.323551E-07 0.224331E-02  0.00000     0.105915E-04 0.129882E-02 0.165970E-02 0.139537E-03  0.00000    
  1218.05      500.000     0.280487E-01 0.175584E-03 0.233697E-02 0.277543E-07 0.210265E-02  0.00000     0.846677E-05 0.123229E-02 0.158466E-02 0.137806E-03  0.00000    
  1215.54      500.000     0.248479E-01 0.149214E-03 0.203895E-02 0.214681E-07 0.179867E-02  0.00000     0.514605E-05 0.106445E-02 0.137077E-02 0.132725E-03  0.00000    
  1213.03      500.000     0.156055E-01 0.920641E-04 0.128053E-02  0.00000     0.110305E-02  0.00000     0.150455E-05 0.655147E-03 0.834179E-03 0.114686E-03  0.00000    
  1210.53      500.000     0.107192E-01 0.626213E-04 0.879551E-03  0.00000     0.732114E-03  0.00000     0.650628E-06 0.442174E-03 0.554250E-03 0.101591E-03  0.00000    
  1208.02      500.000     0.801688E-02 0.459839E-04 0.658253E-03  0.00000     0.531798E-03  0.00000     0.231267E-06 0.321756E-03 0.400608E-03 0.924214E-04  0.00000    
  1205.51      500.000     0.630821E-02 0.358839E-04 0.517777E-03  0.00000     0.404791E-03  0.00000     0.633071E-07 0.249601E-03 0.304817E-03 0.852723E-04  0.00000    
  1203.01      500.000     0.493896E-02 0.279731E-04 0.405574E-03  0.00000     0.303275E-03  0.00000     0.597433E-07 0.191744E-03 0.229647E-03 0.780002E-04  0.00000    
  1200.50      500.000     0.406027E-02 0.226717E-04 0.333553E-03  0.00000     0.240639E-03  0.00000     0.565891E-07 0.153515E-03 0.181801E-03 0.723403E-04  0.00000    
  1197.99      500.000     0.311380E-02 0.167001E-04 0.256901E-03  0.00000     0.183129E-03  0.00000      0.00000     0.116372E-03 0.131717E-03 0.645125E-04  0.00000    
  1195.49      500.000     0.192982E-02 0.101091E-04 0.162261E-03  0.00000     0.106741E-03  0.00000      0.00000     0.653003E-04 0.744552E-04 0.515606E-04  0.00000    
  1192.98      500.000     0.191258E-02 0.985854E-05 0.159749E-03  0.00000     0.104103E-03  0.00000      0.00000     0.643155E-04 0.729379E-04 0.507607E-04  0.00000    
  1190.48      500.000     0.123669E-02 0.642787E-05 0.101738E-03  0.00000     0.646941E-04  0.00000      0.00000     0.414183E-04 0.442086E-04 0.344421E-04  0.00000    
  1187.97      500.000     0.123669E-02 0.642787E-05 0.101738E-03  0.00000     0.646941E-04  0.00000      0.00000     0.414183E-04 0.442086E-04 0.344421E-04  0.00000    
  1185.46      500.000     0.123669E-02 0.642787E-05 0.101738E-03  0.00000     0.646941E-04  0.00000      0.00000     0.414183E-04 0.442086E-04 0.344421E-04  0.00000    
  1182.96      500.000     0.123669E-02 0.642787E-05 0.101738E-03  0.00000     0.646941E-04  0.00000      0.00000     0.414183E-04 0.442086E-04 0.344421E-04  0.00000    
  1180.45      500.000     0.123669E-02 0.642787E-05 0.101738E-03  0.00000     0.646941E-04  0.00000      0.00000     0.414183E-04 0.442086E-04 0.344421E-04  0.00000    
  1177.94      500.000     0.123669E-02 0.642787E-05 0.101738E-03  0.00000     0.646941E-04  0.00000      0.00000     0.414183E-04 0.442086E-04 0.344421E-04  0.00000    
  1175.44      500.000     0.123669E-02 0.642787E-05 0.101738E-03  0.00000     0.646941E-04  0.00000      0.00000     0.414183E-04 0.442086E-04 0.344421E-04  0.00000    
  1172.93      500.000     0.123669E-02 0.642787E-05 0.101738E-03  0.00000     0.646941E-04  0.00000      0.00000     0.414183E-04 0.442086E-04 0.344421E-04  0.00000    
  1170.43      500.000     0.123669E-02 0.642787E-05 0.101738E-03  0.00000     0.646941E-04  0.00000      0.00000     0.414183E-04 0.442086E-04 0.344421E-04  0.00000    
  1167.92      500.000     0.123669E-02 0.642787E-05 0.101738E-03  0.00000     0.646941E-04  0.00000      0.00000     0.414183E-04 0.442086E-04 0.344421E-04  0.00000    
  1165.41      500.000     0.123669E-02 0.642787E-05 0.101738E-03  0.00000     0.646941E-04  0.00000      0.00000     0.414183E-04 0.442086E-04 0.344421E-04  0.00000    
  1162.91      500.000     0.123669E-02 0.642787E-05 0.101738E-03  0.00000     0.646941E-04  0.00000      0.00000     0.414183E-04 0.442086E-04 0.344421E-04  0.00000    
  1160.40      500.000     0.123669E-02 0.642787E-05 0.101738E-03  0.00000     0.646941E-04  0.00000      0.00000     0.414183E-04 0.442086E-04 0.344421E-04  0.00000    
  1157.89      500.000     0.123669E-02 0.642787E-05 0.101738E-03  0.00000     0.646941E-04  0.00000      0.00000     0.414183E-04 0.442086E-04 0.344421E-04  0.00000    
  1155.39      500.000     0.123669E-02 0.642787E-05 0.101738E-03  0.00000     0.646941E-04  0.00000      0.00000     0.414183E-04 0.442086E-04 0.344421E-04  0.00000    
  1152.88      500.000     0.123669E-02 0.642787E-05 0.101738E-03  0.00000     0.646941E-04  0.00000      0.00000     0.414183E-04 0.442086E-04 0.344421E-04  0.00000    
  1150.38      500.000     0.123669E-02 0.642787E-05 0.101738E-03  0.00000     0.646941E-04  0.00000      0.00000     0.414183E-04 0.442086E-04 0.344421E-04  0.00000    
  1147.87      500.000     0.123669E-02 0.642787E-05 0.101738E-03  0.00000     0.646941E-04  0.00000      0.00000     0.414183E-04 0.442086E-04 0.344421E-04  0.00000    
  1145.36      500.000     0.123669E-02 0.642787E-05 0.101738E-03  0.00000     0.646941E-04  0.00000      0.00000     0.414183E-04 0.442086E-04 0.344421E-04  0.00000    
  1142.86      500.000     0.123669E-02 0.642787E-05 0.101738E-03  0.00000     0.646941E-04  0.00000      0.00000     0.414183E-04 0.442086E-04 0.344421E-04  0.00000    
  1140.35      500.000     0.123669E-02 0.642787E-05 0.101738E-03  0.00000     0.646941E-04  0.00000      0.00000     0.414183E-04 0.442086E-04 0.344421E-04  0.00000    
  1137.84      500.000     0.123669E-02 0.642787E-05 0.101738E-03  0.00000     0.646941E-04  0.00000      0.00000     0.414183E-04 0.442086E-04 0.344421E-04  0.00000    
  1135.34      500.000     0.123669E-02 0.642787E-05 0.101738E-03  0.00000     0.646941E-04  0.00000      0.00000     0.414183E-04 0.442086E-04 0.344421E-04  0.00000    
  1132.83      500.000     0.123669E-02 0.642787E-05 0.101738E-03  0.00000     0.646941E-04  0.00000      0.00000     0.414183E-04 0.442086E-04 0.344421E-04  0.00000    
  1130.33      500.000     0.123669E-02 0.642787E-05 0.101738E-03  0.00000     0.646941E-04  0.00000      0.00000     0.414183E-04 0.442086E-04 0.344421E-04  0.00000    
  1127.82      500.000     0.123669E-02 0.642787E-05 0.101738E-03  0.00000     0.646941E-04  0.00000      0.00000     0.414183E-04 0.442086E-04 0.344421E-04  0.00000    
  1125.31      500.000     0.123669E-02 0.642787E-05 0.101738E-03  0.00000     0.646941E-04  0.00000      0.00000     0.414183E-04 0.442086E-04 0.344421E-04  0.00000    
  1122.81      500.000     0.123669E-02 0.642787E-05 0.101738E-03  0.00000     0.646941E-04  0.00000      0.00000     0.414183E-04 0.442086E-04 0.344421E-04  0.00000    
  1120.30      500.000     0.123669E-02 0.642787E-05 0.101738E-03  0.00000     0.646941E-04  0.00000      0.00000     0.414183E-04 0.442086E-04 0.344421E-04  0.00000    
  1117.79      500.000     0.123669E-02 0.642787E-05 0.101738E-03  0.00000     0.646941E-04  0.00000      0.00000     0.414183E-04 0.442086E-04 0.344421E-04  0.00000    
  1115.29      500.000     0.123669E-02 0.642787E-05 0.101738E-03  0.00000     0.646941E-04  0.00000      0.00000     0.414183E-04 0.442086E-04 0.344421E-04  0.00000    
  1112.78      500.000     0.123669E-02 0.642787E-05 0.101738E-03  0.00000     0.646941E-04  0.00000      0.00000     0.414183E-04 0.442086E-04 0.344421E-04  0.00000    
  1110.28      500.000     0.123669E-02 0.642787E-05 0.101738E-03  0.00000     0.646941E-04  0.00000      0.00000     0.414183E-04 0.442086E-04 0.344421E-04  0.00000    
  1107.77      500.000     0.123669E-02 0.642787E-05 0.101738E-03  0.00000     0.646941E-04  0.00000      0.00000     0.414183E-04 0.442086E-04 0.344421E-04  0.00000    
  1105.26      500.000     0.123669E-02 0.642787E-05 0.101738E-03  0.00000     0.646941E-04  0.00000      0.00000     0.414183E-04 0.442086E-04 0.344421E-04  0.00000    
  1102.76      500.000     0.123669E-02 0.642787E-05 0.101738E-03  0.00000     0.646941E-04  0.00000      0.00000     0.414183E-04 0.442086E-04 0.344421E-04  0.00000    
  1100.25      500.000     0.123669E-02 0.642787E-05 0.101738E-03  0.00000     0.646941E-04  0.00000      0.00000     0.414183E-04 0.442086E-04 0.344421E-04  0.00000    
  1097.74      500.000     0.123669E-02 0.642787E-05 0.101738E-03  0.00000     0.646941E-04  0.00000      0.00000     0.414183E-04 0.442086E-04 0.344421E-04  0.00000    
  1095.24      500.000     0.123669E-02 0.642787E-05 0.101738E-03  0.00000     0.646941E-04  0.00000      0.00000     0.414183E-04 0.442086E-04 0.344421E-04  0.00000    
  1092.73      500.000     0.123669E-02 0.642787E-05 0.101738E-03  0.00000     0.646941E-04  0.00000      0.00000     0.414183E-04 0.442086E-04 0.344421E-04  0.00000    
  1090.23      500.000     0.123669E-02 0.642787E-05 0.101738E-03  0.00000     0.646941E-04  0.00000      0.00000     0.414183E-04 0.442086E-04 0.344421E-04  0.00000    
  1087.72      500.000     0.123669E-02 0.642787E-05 0.101738E-03  0.00000     0.646941E-04  0.00000      0.00000     0.414183E-04 0.442086E-04 0.344421E-04  0.00000    
  1085.21      500.000     0.123669E-02 0.642787E-05 0.101738E-03  0.00000     0.646941E-04  0.00000      0.00000     0.414183E-04 0.442086E-04 0.344421E-04  0.00000    
  1082.71      500.000     0.123669E-02 0.642787E-05 0.101738E-03  0.00000     0.646941E-04  0.00000      0.00000     0.414183E-04 0.442086E-04 0.344421E-04  0.00000    
  1080.20      500.000     0.123669E-02 0.642787E-05 0.101738E-03  0.00000     0.646941E-04  0.00000      0.00000     0.414183E-04 0.442086E-04 0.344421E-04  0.00000    
  1077.69      500.000     0.123669E-02 0.642787E-05 0.101738E-03  0.00000     0.646941E-04  0.00000      0.00000     0.414183E-04 0.442086E-04 0.344421E-04  0.00000    
  1075.19      500.000     0.123669E-02 0.642787E-05 0.101738E-03  0.00000     0.646941E-04  0.00000      0.00000     0.414183E-04 0.442086E-04 0.344421E-04  0.00000    
  1072.68      500.000     0.123669E-02 0.642787E-05 0.101738E-03  0.00000     0.646941E-04  0.00000      0.00000     0.414183E-04 0.442086E-04 0.344421E-04  0.00000    
  1070.18      500.000     0.123669E-02 0.642787E-05 0.101738E-03  0.00000     0.646941E-04  0.00000      0.00000     0.414183E-04 0.442086E-04 0.344421E-04  0.00000    
  1067.67      500.000     0.123669E-02 0.642787E-05 0.101738E-03  0.00000     0.646941E-04  0.00000      0.00000     0.414183E-04 0.442086E-04 0.344421E-04  0.00000    
  1065.16      500.000     0.123669E-02 0.642787E-05 0.101738E-03  0.00000     0.646941E-04  0.00000      0.00000     0.414183E-04 0.442086E-04 0.344421E-04  0.00000    
  1062.66      500.000     0.123669E-02 0.642787E-05 0.101738E-03  0.00000     0.646941E-04  0.00000      0.00000     0.414183E-04 0.442086E-04 0.344421E-04  0.00000    
  1060.15      500.000     0.123669E-02 0.642787E-05 0.101738E-03  0.00000     0.646941E-04  0.00000      0.00000     0.414183E-04 0.442086E-04 0.344421E-04  0.00000    
  1057.64      500.000     0.123669E-02 0.642787E-05 0.101738E-03  0.00000     0.646941E-04  0.00000      0.00000     0.414183E-04 0.442086E-04 0.344421E-04  0.00000    
  1055.14      500.000     0.123669E-02 0.642787E-05 0.101738E-03  0.00000     0.646941E-04  0.00000      0.00000     0.414183E-04 0.442086E-04 0.344421E-04  0.00000    
  1052.63      500.000     0.123669E-02 0.642787E-05 0.101738E-03  0.00000     0.646941E-04  0.00000      0.00000     0.414183E-04 0.442086E-04 0.344421E-04  0.00000    
  1050.13      500.000     0.123669E-02 0.642787E-05 0.101738E-03  0.00000     0.646941E-04  0.00000      0.00000     0.414183E-04 0.442086E-04 0.344421E-04  0.00000    
  1047.62      500.000     0.123669E-02 0.642787E-05 0.101738E-03  0.00000     0.646941E-04  0.00000      0.00000     0.414183E-04 0.442086E-04 0.344421E-04  0.00000    
  1045.11      500.000     0.123669E-02 0.642787E-05 0.101738E-03  0.00000     0.646941E-04  0.00000      0.00000     0.414183E-04 0.442086E-04 0.344421E-04  0.00000    
  1042.61      500.000     0.123669E-02 0.642787E-05 0.101738E-03  0.00000     0.646941E-04  0.00000      0.00000     0.414183E-04 0.442086E-04 0.344421E-04  0.00000    
  1040.10      500.000     0.123669E-02 0.642787E-05 0.101738E-03  0.00000     0.646941E-04  0.00000      0.00000     0.414183E-04 0.442086E-04 0.344421E-04  0.00000    
  1037.59      500.000     0.123669E-02 0.642787E-05 0.101738E-03  0.00000     0.646941E-04  0.00000      0.00000     0.414183E-04 0.442086E-04 0.344421E-04  0.00000    
  1035.09      500.000     0.123669E-02 0.642787E-05 0.101738E-03  0.00000     0.646941E-04  0.00000      0.00000     0.414183E-04 0.442086E-04 0.344421E-04  0.00000    
  1032.58      500.000     0.123669E-02 0.642787E-05 0.101738E-03  0.00000     0.646941E-04  0.00000      0.00000     0.414183E-04 0.442086E-04 0.344421E-04  0.00000    
  1030.08      500.000     0.123669E-02 0.642787E-05 0.101738E-03  0.00000     0.646941E-04  0.00000      0.00000     0.414183E-04 0.442086E-04 0.344421E-04  0.00000    
  1027.57      500.000     0.123669E-02 0.642787E-05 0.101738E-03  0.00000     0.646941E-04  0.00000      0.00000     0.414183E-04 0.442086E-04 0.344421E-04  0.00000    
  1025.06      500.000     0.123669E-02 0.642787E-05 0.101738E-03  0.00000     0.646941E-04  0.00000      0.00000     0.414183E-04 0.442086E-04 0.344421E-04  0.00000    
  1022.56      500.000     0.123669E-02 0.642787E-05 0.101738E-03  0.00000     0.646941E-04  0.00000      0.00000     0.414183E-04 0.442086E-04 0.344421E-04  0.00000    
  1020.05      500.000     0.123669E-02 0.642787E-05 0.101738E-03  0.00000     0.646941E-04  0.00000      0.00000     0.414183E-04 0.442086E-04 0.344421E-04  0.00000    
  1017.54      500.000     0.123669E-02 0.642787E-05 0.101738E-03  0.00000     0.646941E-04  0.00000      0.00000     0.414183E-04 0.442086E-04 0.344421E-04  0.00000    
  1015.04      500.000     0.123669E-02 0.642787E-05 0.101738E-03  0.00000     0.646941E-04  0.00000      0.00000     0.414183E-04 0.442086E-04 0.344421E-04  0.00000    
  1012.53      500.000     0.123669E-02 0.642787E-05 0.101738E-03  0.00000     0.646941E-04  0.00000      0.00000     0.414183E-04 0.442086E-04 0.344421E-04  0.00000    
  1010.03      500.000     0.123669E-02 0.642787E-05 0.101738E-03  0.00000     0.646941E-04  0.00000      0.00000     0.414183E-04 0.442086E-04 0.344421E-04  0.00000    
  1007.52      500.000     0.123669E-02 0.642787E-05 0.101738E-03  0.00000     0.646941E-04  0.00000      0.00000     0.414183E-04 0.442086E-04 0.344421E-04  0.00000    
  1005.01      500.000     0.123669E-02 0.642787E-05 0.101738E-03  0.00000     0.646941E-04  0.00000      0.00000     0.414183E-04 0.442086E-04 0.344421E-04  0.00000    
  1002.51      500.000     0.123669E-02 0.642787E-05 0.101738E-03  0.00000     0.646941E-04  0.00000      0.00000     0.414183E-04 0.442086E-04 0.344421E-04  0.00000    
  1000.00      500.000     0.123669E-02 0.642787E-05 0.101738E-03  0.00000     0.646941E-04  0.00000      0.00000     0.414183E-04 0.442086E-04 0.344421E-04  0.00000    
