T(K)	P(bar)	SiO2	TiO2	Al2O3	Cr2O3	FeO	MnO	MgO	CaO	Na2O	K2O	NiO
  1599.36      500.000     0.323854     0.200305E-02 0.229936E-01 0.134826E-02 0.549461E-01  0.00000     0.182985     0.441764E-01 0.371055E-02 0.138010E-02  0.00000    
  1597.86      500.000     0.320584     0.200270E-02 0.229316E-01 0.131024E-02 0.544270E-01  0.00000     0.180290     0.441195E-01 0.371010E-02 0.138010E-02  0.00000    
  1596.36      500.000     0.317383     0.200234E-02 0.228708E-01 0.127339E-02 0.539166E-01  0.00000     0.177654     0.440632E-01 0.370966E-02 0.138010E-02  0.00000    
  1594.85      500.000     0.314243     0.200199E-02 0.228108E-01 0.123712E-02 0.534163E-01  0.00000     0.175070     0.440070E-01 0.370923E-02 0.138010E-02  0.00000    
  1593.35      500.000     0.311173     0.200165E-02 0.227535E-01 0.120241E-02 0.529098E-01  0.00000     0.172481     0.439523E-01 0.370880E-02 0.138010E-02  0.00000    
  1591.85      500.000     0.305949     0.200123E-02 0.226599E-01 0.114341E-02 0.520421E-01  0.00000     0.168114     0.438574E-01 0.370783E-02 0.138010E-02  0.00000    
  1590.35      500.000     0.304683     0.200110E-02 0.226356E-01 0.112904E-02 0.518389E-01  0.00000     0.167074     0.438331E-01 0.370767E-02 0.138010E-02  0.00000    
  1588.84      500.000     0.302419     0.200081E-02 0.225933E-01 0.110438E-02 0.514697E-01  0.00000     0.165194     0.437907E-01 0.370736E-02 0.138010E-02  0.00000    
  1587.34      500.000     0.299616     0.200046E-02 0.225412E-01 0.107404E-02 0.510070E-01  0.00000     0.162851     0.437376E-01 0.370697E-02 0.138010E-02  0.00000    
  1585.84      500.000     0.296856     0.200011E-02 0.224899E-01 0.104423E-02 0.505500E-01  0.00000     0.160546     0.436843E-01 0.370659E-02 0.138010E-02  0.00000    
  1584.34      500.000     0.294141     0.199975E-02 0.224396E-01 0.101537E-02 0.501017E-01  0.00000     0.158283     0.436309E-01 0.370621E-02 0.138010E-02  0.00000    
  1582.84      500.000     0.291477     0.199939E-02 0.223903E-01 0.987208E-03 0.496596E-01  0.00000     0.156066     0.435776E-01 0.370585E-02 0.138010E-02  0.00000    
  1581.33      500.000     0.288712     0.199900E-02 0.223396E-01 0.958449E-03 0.492034E-01  0.00000     0.153767     0.435210E-01 0.370546E-02 0.138010E-02  0.00000    
  1579.83      500.000     0.286291     0.199867E-02 0.222948E-01 0.933238E-03 0.488013E-01  0.00000     0.151758     0.434708E-01 0.370512E-02 0.138010E-02  0.00000    
  1578.33      500.000     0.283777     0.199831E-02 0.222480E-01 0.907063E-03 0.483820E-01  0.00000     0.149674     0.434182E-01 0.370477E-02 0.138010E-02  0.00000    
  1576.83      500.000     0.281298     0.199794E-02 0.222017E-01 0.881455E-03 0.479700E-01  0.00000     0.147619     0.433656E-01 0.370442E-02 0.138010E-02  0.00000    
  1575.33      500.000     0.278676     0.199759E-02 0.221529E-01 0.854629E-03 0.475348E-01  0.00000     0.145448     0.433093E-01 0.370405E-02 0.138010E-02  0.00000    
  1573.82      500.000     0.276480     0.199725E-02 0.221122E-01 0.832718E-03 0.471674E-01  0.00000     0.143639     0.432612E-01 0.370375E-02 0.138010E-02  0.00000    
  1572.32      500.000     0.274122     0.199689E-02 0.220686E-01 0.808938E-03 0.467714E-01  0.00000     0.141696     0.432091E-01 0.370340E-02 0.138010E-02  0.00000    
  1570.82      500.000     0.271836     0.199653E-02 0.220263E-01 0.786025E-03 0.463878E-01  0.00000     0.139813     0.431572E-01 0.370306E-02 0.138010E-02  0.00000    
  1569.32      500.000     0.269571     0.199615E-02 0.219842E-01 0.763645E-03 0.460076E-01  0.00000     0.137951     0.431054E-01 0.370274E-02 0.138010E-02  0.00000    
  1567.81      500.000     0.267338     0.199577E-02 0.219429E-01 0.742216E-03 0.456326E-01  0.00000     0.136123     0.430536E-01 0.370242E-02 0.138010E-02  0.00000    
  1566.31      500.000     0.265142     0.199539E-02 0.219019E-01 0.720889E-03 0.452630E-01  0.00000     0.134323     0.430019E-01 0.370211E-02 0.138010E-02  0.00000    
  1564.81      500.000     0.263004     0.199501E-02 0.218621E-01 0.700123E-03 0.449024E-01  0.00000     0.132573     0.429504E-01 0.370179E-02 0.138010E-02  0.00000    
  1563.31      500.000     0.260896     0.199463E-02 0.218231E-01 0.680060E-03 0.445432E-01  0.00000     0.130838     0.428995E-01 0.370149E-02 0.138010E-02  0.00000    
  1561.81      500.000     0.258832     0.199426E-02 0.217859E-01 0.660995E-03 0.441840E-01  0.00000     0.129118     0.428494E-01 0.370119E-02 0.138010E-02  0.00000    
  1560.30      500.000     0.256806     0.199388E-02 0.217490E-01 0.642278E-03 0.438343E-01  0.00000     0.127440     0.427992E-01 0.370090E-02 0.138010E-02  0.00000    
  1558.80      500.000     0.254786     0.199349E-02 0.217111E-01 0.623152E-03 0.434944E-01  0.00000     0.125811     0.427474E-01 0.370059E-02 0.138010E-02  0.00000    
  1557.30      500.000     0.252796     0.199310E-02 0.216739E-01 0.604632E-03 0.431597E-01  0.00000     0.124206     0.426956E-01 0.370030E-02 0.138010E-02  0.00000    
  1555.80      500.000     0.250839     0.199270E-02 0.216371E-01 0.586527E-03 0.428295E-01  0.00000     0.122629     0.426442E-01 0.370001E-02 0.138010E-02  0.00000    
  1554.30      500.000     0.248969     0.199232E-02 0.216048E-01 0.570904E-03 0.424872E-01  0.00000     0.121022     0.425973E-01 0.369975E-02 0.138010E-02  0.00000    
  1552.79      500.000     0.247085     0.199193E-02 0.215698E-01 0.554023E-03 0.421690E-01  0.00000     0.119507     0.425462E-01 0.369946E-02 0.138010E-02  0.00000    
  1551.29      500.000     0.244874     0.199147E-02 0.215278E-01 0.533738E-03 0.417932E-01  0.00000     0.117732     0.424851E-01 0.369911E-02 0.138010E-02  0.00000    
  1549.79      500.000     0.243520     0.199117E-02 0.215030E-01 0.521865E-03 0.415577E-01  0.00000     0.116625     0.424479E-01 0.369891E-02 0.138010E-02  0.00000    
  1548.29      500.000     0.241601     0.199074E-02 0.214667E-01 0.504675E-03 0.412280E-01  0.00000     0.115089     0.423939E-01 0.369861E-02 0.138010E-02  0.00000    
  1546.78      500.000     0.239826     0.199032E-02 0.214335E-01 0.489286E-03 0.409242E-01  0.00000     0.113667     0.423431E-01 0.369834E-02 0.138010E-02  0.00000    
  1545.28      500.000     0.238070     0.198989E-02 0.214010E-01 0.474546E-03 0.406247E-01  0.00000     0.112260     0.422920E-01 0.369808E-02 0.138010E-02  0.00000    
  1543.78      500.000     0.236345     0.198947E-02 0.213690E-01 0.459917E-03 0.403291E-01  0.00000     0.110881     0.422411E-01 0.369781E-02 0.138010E-02  0.00000    
  1542.28      500.000     0.234650     0.198905E-02 0.213373E-01 0.445626E-03 0.400377E-01  0.00000     0.109527     0.421905E-01 0.369754E-02 0.138010E-02  0.00000    
  1540.78      500.000     0.233059     0.198869E-02 0.213100E-01 0.433237E-03 0.397337E-01  0.00000     0.108148     0.421463E-01 0.369731E-02 0.138010E-02  0.00000    
  1539.27      500.000     0.231016     0.198818E-02 0.212726E-01 0.417473E-03 0.393780E-01  0.00000     0.106521     0.420846E-01 0.369702E-02 0.138010E-02  0.00000    
  1537.77      500.000     0.229776     0.198786E-02 0.212496E-01 0.407460E-03 0.391629E-01  0.00000     0.105534     0.420461E-01 0.369682E-02 0.138010E-02  0.00000    
  1536.27      500.000     0.228175     0.198744E-02 0.212198E-01 0.394695E-03 0.388853E-01  0.00000     0.104260     0.419958E-01 0.369657E-02 0.138010E-02  0.00000    
  1534.77      500.000     0.226599     0.198701E-02 0.211906E-01 0.382199E-03 0.386101E-01  0.00000     0.103007     0.419456E-01 0.369632E-02 0.138010E-02  0.00000    
  1533.27      500.000     0.225047     0.198658E-02 0.211619E-01 0.370003E-03 0.383395E-01  0.00000     0.101775     0.418951E-01 0.369607E-02 0.138010E-02  0.00000    
  1531.76      500.000     0.223514     0.198614E-02 0.211334E-01 0.358154E-03 0.380714E-01  0.00000     0.100560     0.418448E-01 0.369582E-02 0.138010E-02  0.00000    
  1530.26      500.000     0.222003     0.198570E-02 0.211055E-01 0.346713E-03 0.378069E-01  0.00000     0.993628E-01 0.417945E-01 0.369558E-02 0.138010E-02  0.00000    
  1528.76      500.000     0.220515     0.198525E-02 0.210778E-01 0.335481E-03 0.375461E-01  0.00000     0.981846E-01 0.417444E-01 0.369535E-02 0.138010E-02  0.00000    
  1527.26      500.000     0.219045     0.198480E-02 0.210508E-01 0.324716E-03 0.372874E-01  0.00000     0.970222E-01 0.416943E-01 0.369511E-02 0.138010E-02  0.00000    
  1525.75      500.000     0.217593     0.198434E-02 0.210236E-01 0.313714E-03 0.370298E-01  0.00000     0.958763E-01 0.416441E-01 0.369486E-02 0.138010E-02  0.00000    
  1524.25      500.000     0.216176     0.198388E-02 0.209972E-01 0.303276E-03 0.367798E-01  0.00000     0.947577E-01 0.415947E-01 0.369462E-02 0.138010E-02  0.00000    
  1522.75      500.000     0.214765     0.198343E-02 0.209714E-01 0.293391E-03 0.365297E-01  0.00000     0.936459E-01 0.415444E-01 0.369439E-02 0.138010E-02  0.00000    
  1521.25      500.000     0.213377     0.198296E-02 0.209458E-01 0.283598E-03 0.362831E-01  0.00000     0.925532E-01 0.414946E-01 0.369417E-02 0.138010E-02  0.00000    
  1519.75      500.000     0.212009     0.198250E-02 0.209205E-01 0.274031E-03 0.360401E-01  0.00000     0.914769E-01 0.414448E-01 0.369394E-02 0.138010E-02  0.00000    
  1518.24      500.000     0.210717     0.198209E-02 0.208982E-01 0.265614E-03 0.357885E-01  0.00000     0.903846E-01 0.414002E-01 0.369375E-02 0.138010E-02  0.00000    
  1516.74      500.000     0.209380     0.198161E-02 0.208737E-01 0.256602E-03 0.355480E-01  0.00000     0.893369E-01 0.413502E-01 0.369352E-02 0.138010E-02  0.00000    
  1515.24      500.000     0.208068     0.198114E-02 0.208496E-01 0.247972E-03 0.353127E-01  0.00000     0.883082E-01 0.413007E-01 0.369330E-02 0.138010E-02  0.00000    
  1513.74      500.000     0.206769     0.198066E-02 0.208259E-01 0.239423E-03 0.350793E-01  0.00000     0.872921E-01 0.412505E-01 0.369308E-02 0.138010E-02  0.00000    
  1512.23      500.000     0.205487     0.198018E-02 0.208021E-01 0.231069E-03 0.348489E-01  0.00000     0.862889E-01 0.412006E-01 0.369286E-02 0.138010E-02  0.00000    
  1510.73      500.000     0.204218     0.197968E-02 0.207790E-01 0.223201E-03 0.346198E-01  0.00000     0.852975E-01 0.411505E-01 0.369265E-02 0.138010E-02  0.00000    
  1509.23      500.000     0.202969     0.197919E-02 0.207561E-01 0.215330E-03 0.343938E-01  0.00000     0.843236E-01 0.411004E-01 0.369244E-02 0.138010E-02  0.00000    
  1507.73      500.000     0.201730     0.197868E-02 0.207336E-01 0.207839E-03 0.341699E-01  0.00000     0.833579E-01 0.410500E-01 0.369222E-02 0.138010E-02  0.00000    
  1506.23      500.000     0.200510     0.197818E-02 0.207113E-01 0.200535E-03 0.339479E-01  0.00000     0.824088E-01 0.409997E-01 0.369201E-02 0.138010E-02  0.00000    
  1504.72      500.000     0.199278     0.197577E-02 0.206888E-01 0.193851E-03 0.337224E-01  0.00000     0.814542E-01 0.409459E-01 0.369158E-02 0.137997E-02  0.00000    
  1503.22      500.000     0.197812     0.195498E-02 0.206637E-01 0.193101E-03 0.334532E-01  0.00000     0.803416E-01 0.408566E-01 0.368901E-02 0.137855E-02  0.00000    
  1501.72      500.000     0.196363     0.193791E-02 0.206386E-01 0.190931E-03 0.331868E-01  0.00000     0.792409E-01 0.407709E-01 0.368682E-02 0.137735E-02  0.00000    
  1500.22      500.000     0.194919     0.191697E-02 0.206134E-01 0.190215E-03 0.329199E-01  0.00000     0.781518E-01 0.406780E-01 0.368417E-02 0.137589E-02  0.00000    
  1498.72      500.000     0.193493     0.189670E-02 0.205887E-01 0.189421E-03 0.326555E-01  0.00000     0.770796E-01 0.405843E-01 0.368157E-02 0.137447E-02  0.00000    
  1497.21      500.000     0.192078     0.187650E-02 0.205637E-01 0.188583E-03 0.323929E-01  0.00000     0.760167E-01 0.404905E-01 0.367904E-02 0.137307E-02  0.00000    
  1495.71      500.000     0.190683     0.185845E-02 0.205388E-01 0.186938E-03 0.321331E-01  0.00000     0.749697E-01 0.403976E-01 0.367671E-02 0.137179E-02  0.00000    
  1494.21      500.000     0.189290     0.183868E-02 0.205142E-01 0.186122E-03 0.318738E-01  0.00000     0.739318E-01 0.402983E-01 0.367415E-02 0.137037E-02  0.00000    
  1492.71      500.000     0.187910     0.181899E-02 0.204896E-01 0.185269E-03 0.316167E-01  0.00000     0.729039E-01 0.401986E-01 0.367161E-02 0.136894E-02  0.00000    
  1491.20      500.000     0.186539     0.179951E-02 0.204651E-01 0.184427E-03 0.313613E-01  0.00000     0.718868E-01 0.400961E-01 0.366902E-02 0.136753E-02  0.00000    
  1489.70      500.000     0.185175     0.178024E-02 0.204408E-01 0.183568E-03 0.311066E-01  0.00000     0.708802E-01 0.399906E-01 0.366643E-02 0.136609E-02  0.00000    
  1488.20      500.000     0.183822     0.176119E-02 0.204163E-01 0.182663E-03 0.308533E-01  0.00000     0.698834E-01 0.398837E-01 0.366387E-02 0.136470E-02  0.00000    
  1486.70      500.000     0.182473     0.174227E-02 0.203921E-01 0.181782E-03 0.306000E-01  0.00000     0.688959E-01 0.397732E-01 0.366125E-02 0.136326E-02  0.00000    
  1485.20      500.000     0.181131     0.172334E-02 0.203675E-01 0.180870E-03 0.303480E-01  0.00000     0.679154E-01 0.396600E-01 0.365869E-02 0.136184E-02  0.00000    
  1483.69      500.000     0.179792     0.170445E-02 0.203428E-01 0.179952E-03 0.300960E-01  0.00000     0.669413E-01 0.395437E-01 0.365612E-02 0.136042E-02  0.00000    
  1482.19      500.000     0.178457     0.168584E-02 0.203181E-01 0.178978E-03 0.298450E-01  0.00000     0.659748E-01 0.394235E-01 0.365350E-02 0.135897E-02  0.00000    
  1480.69      500.000     0.176926     0.168293E-02 0.202944E-01 0.173253E-03 0.296330E-01  0.00000     0.650931E-01 0.389985E-01 0.365075E-02 0.135751E-02  0.00000    
  1479.19      500.000     0.174376     0.165913E-02 0.202509E-01 0.169359E-03 0.292195E-01  0.00000     0.634688E-01 0.384936E-01 0.364545E-02 0.135458E-02  0.00000    
  1477.69      500.000     0.172768     0.164734E-02 0.202243E-01 0.166466E-03 0.289762E-01  0.00000     0.625023E-01 0.381036E-01 0.364202E-02 0.135273E-02  0.00000    
  1476.18      500.000     0.170256     0.162854E-02 0.201821E-01 0.162026E-03 0.285944E-01  0.00000     0.609950E-01 0.374934E-01 0.363658E-02 0.134982E-02  0.00000    
  1474.68      500.000     0.168279     0.161338E-02 0.201478E-01 0.158567E-03 0.282925E-01  0.00000     0.598104E-01 0.370118E-01 0.363242E-02 0.134755E-02  0.00000    
  1473.18      500.000     0.166343     0.159844E-02 0.201135E-01 0.154905E-03 0.279941E-01  0.00000     0.586531E-01 0.365401E-01 0.362832E-02 0.134528E-02  0.00000    
  1471.68      500.000     0.164452     0.158356E-02 0.200793E-01 0.151384E-03 0.277013E-01  0.00000     0.575247E-01 0.360784E-01 0.362427E-02 0.134306E-02  0.00000    
  1470.17      500.000     0.162601     0.156872E-02 0.200451E-01 0.147887E-03 0.274125E-01  0.00000     0.564238E-01 0.356260E-01 0.362032E-02 0.134088E-02  0.00000    
  1468.67      500.000     0.160794     0.155402E-02 0.200109E-01 0.144396E-03 0.271294E-01  0.00000     0.553498E-01 0.351835E-01 0.361644E-02 0.133876E-02  0.00000    
  1467.17      500.000     0.159027     0.153950E-02 0.199769E-01 0.140996E-03 0.268511E-01  0.00000     0.543016E-01 0.347501E-01 0.361267E-02 0.133668E-02  0.00000    
  1465.67      500.000     0.157300     0.152504E-02 0.199428E-01 0.137663E-03 0.265779E-01  0.00000     0.532787E-01 0.343259E-01 0.360899E-02 0.133465E-02  0.00000    
  1464.17      500.000     0.155609     0.151057E-02 0.199088E-01 0.134407E-03 0.263089E-01  0.00000     0.522793E-01 0.339096E-01 0.360541E-02 0.133261E-02  0.00000    
  1462.66      500.000     0.153961     0.149621E-02 0.198748E-01 0.131245E-03 0.260454E-01  0.00000     0.513070E-01 0.335033E-01 0.360189E-02 0.133072E-02  0.00000    
  1461.16      500.000     0.152345     0.148203E-02 0.198408E-01 0.128019E-03 0.257852E-01  0.00000     0.503560E-01 0.331044E-01 0.359846E-02 0.132882E-02  0.00000    
  1459.66      500.000     0.150760     0.146780E-02 0.198067E-01 0.125023E-03 0.255287E-01  0.00000     0.494246E-01 0.327120E-01 0.359508E-02 0.132701E-02  0.00000    
  1458.16      500.000     0.149218     0.145379E-02 0.197730E-01 0.122055E-03 0.252786E-01  0.00000     0.485197E-01 0.323299E-01 0.359176E-02 0.132521E-02  0.00000    
  1456.66      500.000     0.147703     0.143995E-02 0.197393E-01 0.119071E-03 0.250307E-01  0.00000     0.476331E-01 0.319540E-01 0.358853E-02 0.132343E-02  0.00000    
  1455.15      500.000     0.146221     0.142614E-02 0.197056E-01 0.116167E-03 0.247875E-01  0.00000     0.467673E-01 0.315857E-01 0.358535E-02 0.132171E-02  0.00000    
  1453.65      500.000     0.144771     0.141252E-02 0.196720E-01 0.113289E-03 0.245482E-01  0.00000     0.459212E-01 0.312247E-01 0.358224E-02 0.132003E-02  0.00000    
  1452.15      500.000     0.143349     0.139911E-02 0.196386E-01 0.110287E-03 0.243118E-01  0.00000     0.450941E-01 0.308707E-01 0.357916E-02 0.131838E-02  0.00000    
  1450.65      500.000     0.141954     0.138574E-02 0.196051E-01 0.107498E-03 0.240782E-01  0.00000     0.442846E-01 0.305221E-01 0.357619E-02 0.131672E-02  0.00000    
  1449.14      500.000     0.140598     0.137246E-02 0.195718E-01 0.104826E-03 0.238516E-01  0.00000     0.434971E-01 0.301831E-01 0.357327E-02 0.131517E-02  0.00000    
  1447.64      500.000     0.139260     0.135915E-02 0.195384E-01 0.102176E-03 0.236261E-01  0.00000     0.427233E-01 0.298480E-01 0.357037E-02 0.131360E-02  0.00000    
  1446.14      500.000     0.137953     0.134607E-02 0.195053E-01 0.996533E-04 0.234044E-01  0.00000     0.419690E-01 0.295199E-01 0.356755E-02 0.131206E-02  0.00000    
  1444.64      500.000     0.136671     0.133303E-02 0.194722E-01 0.970848E-04 0.231856E-01  0.00000     0.412307E-01 0.291977E-01 0.356478E-02 0.131055E-02  0.00000    
  1443.14      500.000     0.135413     0.132015E-02 0.194392E-01 0.946278E-04 0.229698E-01  0.00000     0.405078E-01 0.288810E-01 0.356207E-02 0.130908E-02  0.00000    
  1441.63      500.000     0.131722     0.128177E-02 0.189166E-01 0.902248E-04 0.224370E-01  0.00000     0.387936E-01 0.278787E-01 0.355599E-02 0.130577E-02  0.00000    
  1440.13      500.000     0.128106     0.124408E-02 0.183971E-01 0.859606E-04 0.219101E-01  0.00000     0.371295E-01 0.268953E-01 0.354986E-02 0.130242E-02  0.00000    
  1438.63      500.000     0.124691     0.120861E-02 0.179065E-01 0.820164E-04 0.214049E-01  0.00000     0.355677E-01 0.259665E-01 0.354387E-02 0.129919E-02  0.00000    
  1437.13      500.000     0.121459     0.117505E-02 0.174420E-01 0.782958E-04 0.209212E-01  0.00000     0.340970E-01 0.250875E-01 0.353800E-02 0.129600E-02  0.00000    
  1435.63      500.000     0.118397     0.114318E-02 0.170016E-01 0.747800E-04 0.204570E-01  0.00000     0.327109E-01 0.242544E-01 0.353224E-02 0.129290E-02  0.00000    
  1434.12      500.000     0.115492     0.111315E-02 0.165837E-01 0.713319E-04 0.200121E-01  0.00000     0.314021E-01 0.234646E-01 0.352662E-02 0.128981E-02  0.00000    
  1432.62      500.000     0.112734     0.108461E-02 0.161869E-01 0.683259E-04 0.195832E-01  0.00000     0.301670E-01 0.227140E-01 0.352110E-02 0.128684E-02  0.00000    
  1431.12      500.000     0.110107     0.105741E-02 0.158090E-01 0.653832E-04 0.191698E-01  0.00000     0.289977E-01 0.219994E-01 0.351567E-02 0.128393E-02  0.00000    
  1429.62      500.000     0.107610     0.103160E-02 0.154495E-01 0.626357E-04 0.187721E-01  0.00000     0.278912E-01 0.213198E-01 0.351034E-02 0.128107E-02  0.00000    
  1428.11      500.000     0.105229     0.100692E-02 0.151067E-01 0.600124E-04 0.183886E-01  0.00000     0.268421E-01 0.206720E-01 0.350511E-02 0.127825E-02  0.00000    
  1426.61      500.000     0.102958     0.983414E-03 0.147797E-01 0.575334E-04 0.180185E-01  0.00000     0.258469E-01 0.200542E-01 0.349998E-02 0.127549E-02  0.00000    
  1425.11      500.000     0.100790     0.961030E-03 0.144674E-01 0.551822E-04 0.176610E-01  0.00000     0.249018E-01 0.194644E-01 0.349492E-02 0.127278E-02  0.00000    
  1423.61      500.000     0.987183E-01 0.939580E-03 0.141690E-01 0.529474E-04 0.173159E-01  0.00000     0.240035E-01 0.189010E-01 0.348996E-02 0.127011E-02  0.00000    
  1422.11      500.000     0.967373E-01 0.919127E-03 0.138835E-01 0.508189E-04 0.169823E-01  0.00000     0.231489E-01 0.183623E-01 0.348506E-02 0.126751E-02  0.00000    
  1420.60      500.000     0.948412E-01 0.899523E-03 0.136104E-01 0.488566E-04 0.166596E-01  0.00000     0.223353E-01 0.178466E-01 0.348026E-02 0.126492E-02  0.00000    
  1419.10      500.000     0.930256E-01 0.880875E-03 0.133488E-01 0.469567E-04 0.163474E-01  0.00000     0.215602E-01 0.173531E-01 0.347554E-02 0.126238E-02  0.00000    
  1417.60      500.000     0.912844E-01 0.862901E-03 0.130980E-01 0.451726E-04 0.160445E-01  0.00000     0.208211E-01 0.168798E-01 0.347088E-02 0.125989E-02  0.00000    
  1416.10      500.000     0.896117E-01 0.845577E-03 0.128569E-01 0.434570E-04 0.157505E-01  0.00000     0.201150E-01 0.164251E-01 0.346629E-02 0.125743E-02  0.00000    
  1414.59      500.000     0.880105E-01 0.829037E-03 0.126262E-01 0.418061E-04 0.154664E-01  0.00000     0.194422E-01 0.159902E-01 0.346178E-02 0.125502E-02  0.00000    
  1413.09      500.000     0.864698E-01 0.813045E-03 0.124042E-01 0.402333E-04 0.151901E-01  0.00000     0.187984E-01 0.155717E-01 0.345731E-02 0.125264E-02  0.00000    
  1411.59      500.000     0.849888E-01 0.797662E-03 0.121907E-01 0.387171E-04 0.149221E-01  0.00000     0.181828E-01 0.151695E-01 0.345290E-02 0.125030E-02  0.00000    
  1410.09      500.000     0.835635E-01 0.782899E-03 0.119854E-01 0.372969E-04 0.146614E-01  0.00000     0.175936E-01 0.147826E-01 0.344855E-02 0.124800E-02  0.00000    
  1408.59      500.000     0.821926E-01 0.768641E-03 0.117879E-01 0.359424E-04 0.144086E-01  0.00000     0.170295E-01 0.144105E-01 0.344427E-02 0.124571E-02  0.00000    
  1407.08      500.000     0.808717E-01 0.754862E-03 0.115976E-01 0.346202E-04 0.141627E-01  0.00000     0.164889E-01 0.140522E-01 0.344003E-02 0.124347E-02  0.00000    
  1405.58      500.000     0.795984E-01 0.741592E-03 0.114141E-01 0.333785E-04 0.139231E-01  0.00000     0.159708E-01 0.137069E-01 0.343586E-02 0.124124E-02  0.00000    
  1404.08      500.000     0.783705E-01 0.728815E-03 0.112373E-01 0.321823E-04 0.136901E-01  0.00000     0.154736E-01 0.133741E-01 0.343173E-02 0.123906E-02  0.00000    
  1402.58      500.000     0.771861E-01 0.716431E-03 0.110668E-01 0.310451E-04 0.134633E-01  0.00000     0.149966E-01 0.130532E-01 0.342766E-02 0.123690E-02  0.00000    
  1401.08      500.000     0.760423E-01 0.704469E-03 0.109021E-01 0.299475E-04 0.132424E-01  0.00000     0.145384E-01 0.127434E-01 0.342363E-02 0.123476E-02  0.00000    
  1399.57      500.000     0.749370E-01 0.692871E-03 0.107430E-01 0.289087E-04 0.130267E-01  0.00000     0.140980E-01 0.124441E-01 0.341965E-02 0.123264E-02  0.00000    
  1398.07      500.000     0.738696E-01 0.681661E-03 0.105894E-01 0.279041E-04 0.128168E-01  0.00000     0.136749E-01 0.121553E-01 0.341571E-02 0.123055E-02  0.00000    
  1396.57      500.000     0.728342E-01 0.670842E-03 0.104404E-01 0.269371E-04 0.126114E-01  0.00000     0.132668E-01 0.118753E-01 0.341180E-02 0.122850E-02  0.00000    
  1395.07      500.000     0.718380E-01 0.660299E-03 0.102971E-01 0.260460E-04 0.124124E-01  0.00000     0.128757E-01 0.116060E-01 0.340796E-02 0.122646E-02  0.00000    
  1393.56      500.000     0.708727E-01 0.650121E-03 0.101584E-01 0.251679E-04 0.122176E-01  0.00000     0.124990E-01 0.113453E-01 0.340415E-02 0.122445E-02  0.00000    
  1392.06      500.000     0.699365E-01 0.640198E-03 0.100238E-01 0.243265E-04 0.120270E-01  0.00000     0.121358E-01 0.110925E-01 0.340038E-02 0.122246E-02  0.00000    
  1390.56      500.000     0.690299E-01 0.630584E-03 0.989352E-02 0.234966E-04 0.118409E-01  0.00000     0.117859E-01 0.108478E-01 0.339665E-02 0.122049E-02  0.00000    
  1389.06      500.000     0.681514E-01 0.621236E-03 0.976731E-02 0.227060E-04 0.116590E-01  0.00000     0.114486E-01 0.106109E-01 0.339295E-02 0.121854E-02  0.00000    
  1387.56      500.000     0.672997E-01 0.612171E-03 0.964502E-02 0.219550E-04 0.114815E-01  0.00000     0.111233E-01 0.103814E-01 0.338929E-02 0.121661E-02  0.00000    
  1386.05      500.000     0.664737E-01 0.603325E-03 0.952644E-02 0.212207E-04 0.113077E-01  0.00000     0.108095E-01 0.101589E-01 0.338566E-02 0.121470E-02  0.00000    
  1384.55      500.000     0.656715E-01 0.594767E-03 0.941136E-02 0.205249E-04 0.111376E-01  0.00000     0.105066E-01 0.994305E-02 0.338207E-02 0.121282E-02  0.00000    
  1383.05      500.000     0.648934E-01 0.586461E-03 0.929976E-02 0.198294E-04 0.109712E-01  0.00000     0.102143E-01 0.973386E-02 0.337850E-02 0.121096E-02  0.00000    
  1381.55      500.000     0.641381E-01 0.578319E-03 0.919147E-02 0.191740E-04 0.108086E-01  0.00000     0.993189E-02 0.953088E-02 0.337497E-02 0.120911E-02  0.00000    
  1380.05      500.000     0.634038E-01 0.570403E-03 0.908626E-02 0.185515E-04 0.106491E-01  0.00000     0.965902E-02 0.933367E-02 0.337147E-02 0.120727E-02  0.00000    
  1378.54      500.000     0.626902E-01 0.562655E-03 0.898404E-02 0.179394E-04 0.104929E-01  0.00000     0.939527E-02 0.914217E-02 0.336800E-02 0.120545E-02  0.00000    
  1377.04      500.000     0.619969E-01 0.555117E-03 0.888479E-02 0.173548E-04 0.103402E-01  0.00000     0.914026E-02 0.895628E-02 0.336455E-02 0.120365E-02  0.00000    
  1375.54      500.000     0.613218E-01 0.547790E-03 0.878818E-02 0.167760E-04 0.101903E-01  0.00000     0.889340E-02 0.877547E-02 0.336113E-02 0.120187E-02  0.00000    
  1374.04      500.000     0.606663E-01 0.540651E-03 0.869448E-02 0.162554E-04 0.100435E-01  0.00000     0.865506E-02 0.859995E-02 0.335775E-02 0.120010E-02  0.00000    
  1372.53      500.000     0.600282E-01 0.533653E-03 0.860327E-02 0.157197E-04 0.989979E-02  0.00000     0.842417E-02 0.842933E-02 0.335440E-02 0.119834E-02  0.00000    
  1371.03      500.000     0.594066E-01 0.526812E-03 0.851449E-02 0.152178E-04 0.975867E-02  0.00000     0.820055E-02 0.826321E-02 0.335106E-02 0.119660E-02  0.00000    
  1369.53      500.000     0.588019E-01 0.520164E-03 0.842816E-02 0.147281E-04 0.962047E-02  0.00000     0.798410E-02 0.810177E-02 0.334776E-02 0.119487E-02  0.00000    
  1368.03      500.000     0.582123E-01 0.513628E-03 0.834404E-02 0.142534E-04 0.948454E-02  0.00000     0.777445E-02 0.794451E-02 0.334448E-02 0.119315E-02  0.00000    
  1366.53      500.000     0.576381E-01 0.507242E-03 0.826216E-02 0.137972E-04 0.935143E-02  0.00000     0.757116E-02 0.779148E-02 0.334122E-02 0.119144E-02  0.00000    
  1365.02      500.000     0.570786E-01 0.501000E-03 0.818245E-02 0.133568E-04 0.922066E-02  0.00000     0.737433E-02 0.764252E-02 0.333798E-02 0.118976E-02  0.00000    
  1363.52      500.000     0.565326E-01 0.494880E-03 0.810470E-02 0.129382E-04 0.909204E-02  0.00000     0.718343E-02 0.749725E-02 0.333476E-02 0.118808E-02  0.00000    
  1362.02      500.000     0.560003E-01 0.488895E-03 0.802896E-02 0.125313E-04 0.896603E-02  0.00000     0.699816E-02 0.735579E-02 0.333156E-02 0.118642E-02  0.00000    
  1360.52      500.000     0.554816E-01 0.483040E-03 0.795520E-02 0.121270E-04 0.884222E-02  0.00000     0.681873E-02 0.721813E-02 0.332838E-02 0.118478E-02  0.00000    
  1359.02      500.000     0.549750E-01 0.477304E-03 0.788322E-02 0.117469E-04 0.872038E-02  0.00000     0.664459E-02 0.708376E-02 0.332523E-02 0.118315E-02  0.00000    
  1357.51      500.000     0.544803E-01 0.471686E-03 0.781298E-02 0.113844E-04 0.860053E-02  0.00000     0.647556E-02 0.695266E-02 0.332209E-02 0.118152E-02  0.00000    
  1356.01      500.000     0.539977E-01 0.466171E-03 0.774450E-02 0.110253E-04 0.848296E-02  0.00000     0.631147E-02 0.682496E-02 0.331898E-02 0.117990E-02  0.00000    
  1354.51      500.000     0.535259E-01 0.460760E-03 0.767759E-02 0.106644E-04 0.836701E-02  0.00000     0.615223E-02 0.670025E-02 0.331588E-02 0.117830E-02  0.00000    
  1353.01      500.000     0.530650E-01 0.455444E-03 0.761225E-02 0.103085E-04 0.825303E-02  0.00000     0.599747E-02 0.657861E-02 0.331279E-02 0.117669E-02  0.00000    
  1351.50      500.000     0.526160E-01 0.450241E-03 0.754869E-02 0.998186E-05 0.814141E-02  0.00000     0.584742E-02 0.646017E-02 0.330973E-02 0.117511E-02  0.00000    
  1350.00      500.000     0.521767E-01 0.445143E-03 0.748655E-02 0.965703E-05 0.803151E-02  0.00000     0.570150E-02 0.634448E-02 0.330669E-02 0.117353E-02  0.00000    
  1348.50      500.000     0.517472E-01 0.440115E-03 0.742581E-02 0.934112E-05 0.792333E-02  0.00000     0.555967E-02 0.623147E-02 0.330366E-02 0.117196E-02  0.00000    
  1347.00      500.000     0.513273E-01 0.435196E-03 0.736652E-02 0.905494E-05 0.781690E-02  0.00000     0.542181E-02 0.612107E-02 0.330065E-02 0.117041E-02  0.00000    
  1345.50      500.000     0.509167E-01 0.430361E-03 0.730858E-02 0.876637E-05 0.771217E-02  0.00000     0.528783E-02 0.601330E-02 0.329766E-02 0.116886E-02  0.00000    
  1343.99      500.000     0.505143E-01 0.425604E-03 0.725184E-02 0.849074E-05 0.760871E-02  0.00000     0.515744E-02 0.590776E-02 0.329467E-02 0.116732E-02  0.00000    
  1342.49      500.000     0.501218E-01 0.420923E-03 0.719653E-02 0.821374E-05 0.750716E-02  0.00000     0.503098E-02 0.580498E-02 0.329171E-02 0.116579E-02  0.00000    
  1340.99      500.000     0.497375E-01 0.416324E-03 0.714245E-02 0.795400E-05 0.740732E-02  0.00000     0.490775E-02 0.570447E-02 0.328876E-02 0.116427E-02  0.00000    
  1339.49      500.000     0.493612E-01 0.411800E-03 0.708951E-02 0.769700E-05 0.730884E-02  0.00000     0.478789E-02 0.560618E-02 0.328583E-02 0.116276E-02  0.00000    
  1337.98      500.000     0.489929E-01 0.407347E-03 0.703775E-02 0.745305E-05 0.721189E-02  0.00000     0.467126E-02 0.551007E-02 0.328290E-02 0.116125E-02  0.00000    
  1336.48      500.000     0.486322E-01 0.402974E-03 0.698712E-02 0.722049E-05 0.711641E-02  0.00000     0.455773E-02 0.541609E-02 0.327999E-02 0.115976E-02  0.00000    
  1334.98      500.000     0.482794E-01 0.398666E-03 0.693763E-02 0.698785E-05 0.702246E-02  0.00000     0.444729E-02 0.532429E-02 0.327709E-02 0.115827E-02  0.00000    
  1333.48      500.000     0.466942E-01 0.378531E-03 0.671349E-02 0.626825E-05 0.658266E-02  0.00000     0.395065E-02 0.493067E-02 0.326397E-02 0.115185E-02  0.00000    
  1331.98      500.000     0.461149E-01 0.371362E-03 0.663186E-02 0.601307E-05 0.642182E-02  0.00000     0.377162E-02 0.478481E-02 0.325907E-02 0.114950E-02  0.00000    
  1330.47      500.000     0.456267E-01 0.365311E-03 0.656316E-02 0.582622E-05 0.628539E-02  0.00000     0.362217E-02 0.466171E-02 0.325484E-02 0.114751E-02  0.00000    
  1328.97      500.000     0.452108E-01 0.360228E-03 0.650474E-02 0.568397E-05 0.616843E-02  0.00000     0.349588E-02 0.455680E-02 0.325120E-02 0.114581E-02  0.00000    
  1327.47      500.000     0.448451E-01 0.355782E-03 0.645342E-02 0.557039E-05 0.606481E-02  0.00000     0.338589E-02 0.446447E-02 0.324793E-02 0.114430E-02  0.00000    
  1325.97      500.000     0.445207E-01 0.351863E-03 0.640797E-02 0.547634E-05 0.597234E-02  0.00000     0.328911E-02 0.438254E-02 0.324499E-02 0.114296E-02  0.00000    
  1324.47      500.000     0.442287E-01 0.348333E-03 0.636713E-02 0.540315E-05 0.588869E-02  0.00000     0.320269E-02 0.430876E-02 0.324229E-02 0.114174E-02  0.00000    
  1322.96      500.000     0.439634E-01 0.345147E-03 0.633008E-02 0.533772E-05 0.581211E-02  0.00000     0.312487E-02 0.424170E-02 0.323980E-02 0.114062E-02  0.00000    
  1321.46      500.000     0.437199E-01 0.342228E-03 0.629611E-02 0.528303E-05 0.574133E-02  0.00000     0.305397E-02 0.418009E-02 0.323748E-02 0.113959E-02  0.00000    
  1319.96      500.000     0.434989E-01 0.341161E-03 0.626161E-02 0.523366E-05 0.565733E-02  0.00000     0.298186E-02 0.411598E-02 0.323590E-02 0.113890E-02  0.00000    
  1318.46      500.000     0.432907E-01 0.340444E-03 0.622806E-02 0.519518E-05 0.557133E-02  0.00000     0.291149E-02 0.405524E-02 0.323455E-02 0.113831E-02  0.00000    
  1316.95      500.000     0.431030E-01 0.339779E-03 0.619801E-02 0.516595E-05 0.549432E-02  0.00000     0.284891E-02 0.400026E-02 0.323329E-02 0.113777E-02  0.00000    
  1315.45      500.000     0.429315E-01 0.339162E-03 0.617074E-02 0.514371E-05 0.542432E-02  0.00000     0.279243E-02 0.394978E-02 0.323211E-02 0.113726E-02  0.00000    
  1313.95      500.000     0.427733E-01 0.338577E-03 0.614573E-02 0.512552E-05 0.536009E-02  0.00000     0.274107E-02 0.390301E-02 0.323098E-02 0.113679E-02  0.00000    
  1312.45      500.000     0.426258E-01 0.338014E-03 0.612260E-02 0.510935E-05 0.530060E-02  0.00000     0.269390E-02 0.385924E-02 0.322990E-02 0.113633E-02  0.00000    
  1310.95      500.000     0.424868E-01 0.337464E-03 0.610092E-02 0.509713E-05 0.524483E-02  0.00000     0.264998E-02 0.381786E-02 0.322884E-02 0.113588E-02  0.00000    
  1309.44      500.000     0.423544E-01 0.336932E-03 0.608038E-02 0.508768E-05 0.519192E-02  0.00000     0.260859E-02 0.377836E-02 0.322781E-02 0.113545E-02  0.00000    
  1307.94      500.000     0.422281E-01 0.336397E-03 0.606096E-02 0.507882E-05 0.514181E-02  0.00000     0.256971E-02 0.374061E-02 0.322679E-02 0.113502E-02  0.00000    
  1306.44      500.000     0.421063E-01 0.335869E-03 0.604230E-02 0.507173E-05 0.509367E-02  0.00000     0.253250E-02 0.370415E-02 0.322579E-02 0.113460E-02  0.00000    
  1304.94      500.000     0.419882E-01 0.335344E-03 0.602430E-02 0.506484E-05 0.504708E-02  0.00000     0.249688E-02 0.366876E-02 0.322479E-02 0.113419E-02  0.00000    
  1303.44      500.000     0.418734E-01 0.334812E-03 0.600689E-02 0.505866E-05 0.500201E-02  0.00000     0.246261E-02 0.363438E-02 0.322380E-02 0.113377E-02  0.00000    
  1301.93      500.000     0.417613E-01 0.334279E-03 0.598998E-02 0.505296E-05 0.495803E-02  0.00000     0.242951E-02 0.360076E-02 0.322280E-02 0.113335E-02  0.00000    
  1300.43      500.000     0.416515E-01 0.333718E-03 0.597352E-02 0.504623E-05 0.491536E-02  0.00000     0.239748E-02 0.356791E-02 0.322179E-02 0.113293E-02  0.00000    
  1298.93      500.000     0.415366E-01 0.332709E-03 0.595704E-02 0.503925E-05 0.487462E-02  0.00000     0.236550E-02 0.353604E-02 0.322057E-02 0.113242E-02  0.00000    
  1297.43      500.000     0.414183E-01 0.331373E-03 0.594062E-02 0.503136E-05 0.483558E-02  0.00000     0.233374E-02 0.350489E-02 0.321919E-02 0.113184E-02  0.00000    
  1295.92      500.000     0.412989E-01 0.329881E-03 0.592434E-02 0.502240E-05 0.479758E-02  0.00000     0.230253E-02 0.347409E-02 0.321771E-02 0.113123E-02  0.00000    
  1294.42      500.000     0.411789E-01 0.328268E-03 0.590818E-02 0.501336E-05 0.476043E-02  0.00000     0.227167E-02 0.344349E-02 0.321616E-02 0.113057E-02  0.00000    
  1292.92      500.000     0.410020E-01 0.327086E-03 0.588288E-02 0.497395E-05 0.469800E-02  0.00000     0.222481E-02 0.339006E-02 0.321419E-02 0.112975E-02  0.00000    
  1291.42      500.000     0.409540E-01 0.326231E-03 0.587675E-02 0.497061E-05 0.468102E-02  0.00000     0.221141E-02 0.338058E-02 0.321355E-02 0.112948E-02  0.00000    
  1289.92      500.000     0.408338E-01 0.324529E-03 0.586042E-02 0.495430E-05 0.464306E-02  0.00000     0.218097E-02 0.335071E-02 0.321194E-02 0.112880E-02  0.00000    
  1288.41      500.000     0.407100E-01 0.322856E-03 0.584399E-02 0.493022E-05 0.460450E-02  0.00000     0.215017E-02 0.331871E-02 0.321024E-02 0.112807E-02  0.00000    
  1286.91      500.000     0.397498E-01 0.312492E-03 0.571799E-02 0.376821E-05 0.433751E-02  0.00000     0.191886E-02 0.303493E-02 0.319652E-02 0.112206E-02  0.00000    
  1285.41      500.000     0.396026E-01 0.311616E-03 0.569703E-02 0.354889E-05 0.430128E-02  0.00000     0.188740E-02 0.298434E-02 0.319451E-02 0.112119E-02  0.00000    
  1283.91      500.000     0.394824E-01 0.310317E-03 0.568097E-02 0.343337E-05 0.426546E-02  0.00000     0.185824E-02 0.295136E-02 0.319285E-02 0.112048E-02  0.00000    
  1282.41      500.000     0.393551E-01 0.308837E-03 0.566338E-02 0.333595E-05 0.422271E-02  0.00000     0.182564E-02 0.291929E-02 0.319120E-02 0.111976E-02  0.00000    
  1280.90      500.000     0.392360E-01 0.307788E-03 0.564621E-02 0.323549E-05 0.417805E-02  0.00000     0.179409E-02 0.288739E-02 0.318978E-02 0.111915E-02  0.00000    
  1279.40      500.000     0.391176E-01 0.306620E-03 0.562939E-02 0.314042E-05 0.413486E-02  0.00000     0.176331E-02 0.285638E-02 0.318831E-02 0.111852E-02  0.00000    
  1277.90      500.000     0.389993E-01 0.305312E-03 0.561286E-02 0.304979E-05 0.409296E-02  0.00000     0.173318E-02 0.282614E-02 0.318675E-02 0.111785E-02  0.00000    
  1276.40      500.000     0.387842E-01 0.301023E-03 0.558614E-02 0.296410E-05 0.401530E-02  0.00000     0.167430E-02 0.278578E-02 0.318344E-02 0.111641E-02  0.00000    
  1274.89      500.000     0.267940E-01 0.284849E-03 0.362150E-02 0.144237E-05 0.257310E-02  0.00000     0.760000E-03 0.177297E-02 0.187930E-02 0.947026E-03  0.00000    
  1273.39      500.000     0.262646E-01 0.284272E-03 0.353496E-02 0.139677E-05 0.250853E-02  0.00000     0.720251E-03 0.172779E-02 0.182226E-02 0.939129E-03  0.00000    
  1271.89      500.000     0.260444E-01 0.284043E-03 0.349910E-02 0.138557E-05 0.248182E-02  0.00000     0.704064E-03 0.170888E-02 0.179877E-02 0.935650E-03  0.00000    
  1270.39      500.000     0.259045E-01 0.283838E-03 0.347655E-02 0.138052E-05 0.246538E-02  0.00000     0.693929E-03 0.169705E-02 0.178412E-02 0.933298E-03  0.00000    
  1268.89      500.000     0.257982E-01 0.283618E-03 0.345964E-02 0.137826E-05 0.245338E-02  0.00000     0.686370E-03 0.168829E-02 0.177323E-02 0.931407E-03  0.00000    
  1267.38      500.000     0.257109E-01 0.283403E-03 0.344590E-02 0.137633E-05 0.244387E-02  0.00000     0.680310E-03 0.168126E-02 0.176446E-02 0.929756E-03  0.00000    
  1265.88      500.000     0.256366E-01 0.283230E-03 0.343418E-02 0.137518E-05 0.243563E-02  0.00000     0.675270E-03 0.167527E-02 0.175708E-02 0.928257E-03  0.00000    
  1264.38      500.000     0.255715E-01 0.283076E-03 0.342393E-02 0.137419E-05 0.242835E-02  0.00000     0.670986E-03 0.167004E-02 0.175069E-02 0.926873E-03  0.00000    
  1262.88      500.000     0.255133E-01 0.282939E-03 0.341475E-02 0.137377E-05 0.242178E-02  0.00000     0.667250E-03 0.166537E-02 0.174504E-02 0.925548E-03  0.00000    
  1261.38      500.000     0.254605E-01 0.282814E-03 0.340643E-02 0.137331E-05 0.241574E-02  0.00000     0.663970E-03 0.166115E-02 0.173997E-02 0.924301E-03  0.00000    
  1259.87      500.000     0.254128E-01 0.282697E-03 0.339890E-02 0.137288E-05 0.241026E-02  0.00000     0.661075E-03 0.165734E-02 0.173546E-02 0.923085E-03  0.00000    
  1258.37      500.000     0.253681E-01 0.282585E-03 0.339185E-02 0.137238E-05 0.240508E-02  0.00000     0.658453E-03 0.165379E-02 0.173129E-02 0.921890E-03  0.00000    
  1256.87      500.000     0.253261E-01 0.282475E-03 0.338522E-02 0.137195E-05 0.240013E-02  0.00000     0.656073E-03 0.165044E-02 0.172742E-02 0.920705E-03  0.00000    
  1255.37      500.000     0.252862E-01 0.282365E-03 0.337892E-02 0.137153E-05 0.239541E-02  0.00000     0.653877E-03 0.164727E-02 0.172379E-02 0.919523E-03  0.00000    
  1253.86      500.000     0.252475E-01 0.282250E-03 0.337280E-02 0.137085E-05 0.239080E-02  0.00000     0.651810E-03 0.164420E-02 0.172031E-02 0.918329E-03  0.00000    
  1252.36      500.000     0.252090E-01 0.282127E-03 0.336673E-02 0.137027E-05 0.238617E-02  0.00000     0.649829E-03 0.164114E-02 0.171689E-02 0.917098E-03  0.00000    
  1250.86      500.000     0.251695E-01 0.281991E-03 0.336049E-02 0.136920E-05 0.238139E-02  0.00000     0.647860E-03 0.163799E-02 0.171341E-02 0.915789E-03  0.00000    
  1249.36      500.000     0.251268E-01 0.281829E-03 0.335374E-02 0.136772E-05 0.237617E-02  0.00000     0.645786E-03 0.163457E-02 0.170969E-02 0.914328E-03  0.00000    
  1247.86      500.000     0.250770E-01 0.281619E-03 0.334589E-02 0.136595E-05 0.237007E-02  0.00000     0.643445E-03 0.163057E-02 0.170540E-02 0.912557E-03  0.00000    
  1246.35      500.000     0.250111E-01 0.281308E-03 0.333550E-02 0.136273E-05 0.236195E-02  0.00000     0.640440E-03 0.162524E-02 0.169984E-02 0.910084E-03  0.00000    
  1244.85      500.000     0.249040E-01 0.280730E-03 0.331861E-02 0.135646E-05 0.234874E-02  0.00000     0.635648E-03 0.161651E-02 0.169086E-02 0.905969E-03  0.00000    
  1243.35      500.000     0.245898E-01 0.278691E-03 0.326906E-02 0.133034E-05 0.231022E-02  0.00000     0.621845E-03 0.159066E-02 0.166466E-02 0.893632E-03  0.00000    
  1241.85      500.000     0.147143E-01 0.201032E-03 0.170685E-02 0.401126E-06 0.112019E-02  0.00000     0.185806E-03 0.775588E-03 0.842580E-03 0.497581E-03  0.00000    
  1240.34      500.000     0.143397E-01 0.198143E-03 0.164697E-02 0.368126E-06 0.107620E-02  0.00000     0.170298E-03 0.745252E-03 0.811159E-03 0.482419E-03  0.00000    
  1238.84      500.000     0.139917E-01 0.195425E-03 0.159129E-02 0.340556E-06 0.103501E-02  0.00000     0.156247E-03 0.717162E-03 0.781956E-03 0.468306E-03  0.00000    
  1237.34      500.000     0.136671E-01 0.192845E-03 0.153934E-02 0.315867E-06 0.996286E-03  0.00000     0.143506E-03 0.691028E-03 0.754679E-03 0.455156E-03  0.00000    
  1235.84      500.000     0.133355E-01 0.186849E-03 0.148572E-02 0.290120E-06 0.955765E-03  0.00000     0.131681E-03 0.663995E-03 0.726512E-03 0.441530E-03  0.00000    
  1234.34      500.000     0.129865E-01 0.176144E-03 0.142843E-02 0.264362E-06 0.911401E-03  0.00000     0.120465E-03 0.635705E-03 0.696468E-03 0.426996E-03  0.00000    
  1232.83      500.000     0.126625E-01 0.166184E-03 0.137532E-02 0.241017E-06 0.870513E-03  0.00000     0.110438E-03 0.609080E-03 0.668589E-03 0.413409E-03  0.00000    
  1231.33      500.000     0.123618E-01 0.156936E-03 0.132607E-02 0.218184E-06 0.832796E-03  0.00000     0.101469E-03 0.584115E-03 0.642688E-03 0.400742E-03  0.00000    
  1229.83      500.000     0.120821E-01 0.148391E-03 0.128028E-02 0.198069E-06 0.797767E-03  0.00000     0.933589E-04 0.560918E-03 0.618636E-03 0.388881E-03  0.00000    
  1228.33      500.000     0.118214E-01 0.140485E-03 0.123760E-02 0.180619E-06 0.765143E-03  0.00000     0.860060E-04 0.539331E-03 0.596205E-03 0.377802E-03  0.00000    
  1226.83      500.000     0.115777E-01 0.133155E-03 0.119772E-02 0.164495E-06 0.734629E-03  0.00000     0.793248E-04 0.519169E-03 0.575217E-03 0.367429E-03  0.00000    
  1225.32      500.000     0.113496E-01 0.126347E-03 0.116040E-02 0.150196E-06 0.706151E-03  0.00000     0.732217E-04 0.500359E-03 0.555582E-03 0.357678E-03  0.00000    
  1223.82      500.000     0.111357E-01 0.119981E-03 0.112542E-02 0.136584E-06 0.679591E-03  0.00000     0.677271E-04 0.482590E-03 0.537113E-03 0.348523E-03  0.00000    
  1222.32      500.000     0.109343E-01 0.114096E-03 0.109247E-02 0.125798E-06 0.654402E-03  0.00000     0.626055E-04 0.466123E-03 0.519788E-03 0.339856E-03  0.00000    
  1220.82      500.000     0.107447E-01 0.108614E-03 0.106145E-02 0.117173E-06 0.630663E-03  0.00000     0.579113E-04 0.450685E-03 0.503402E-03 0.331740E-03  0.00000    
  1219.31      500.000     0.105659E-01 0.103484E-03 0.103221E-02 0.108080E-06 0.608334E-03  0.00000     0.536382E-04 0.436115E-03 0.487977E-03 0.324029E-03  0.00000    
  1217.81      500.000     0.103967E-01 0.986923E-04 0.100454E-02 0.100292E-06 0.587161E-03  0.00000     0.496831E-04 0.422437E-03 0.473412E-03 0.316680E-03  0.00000    
  1216.31      500.000     0.102366E-01 0.942133E-04 0.978366E-03 0.930139E-07 0.567123E-03  0.00000     0.460327E-04 0.409579E-03 0.459605E-03 0.309738E-03  0.00000    
  1214.81      500.000     0.100849E-01 0.899940E-04 0.953571E-03 0.863839E-07 0.548236E-03  0.00000     0.426922E-04 0.397362E-03 0.446514E-03 0.303122E-03  0.00000    
  1213.31      500.000     0.994081E-02 0.860278E-04 0.930042E-03 0.803374E-07 0.530352E-03  0.00000     0.396136E-04 0.385793E-03 0.434086E-03 0.296818E-03  0.00000    
  1211.80      500.000     0.980378E-02 0.823079E-04 0.907667E-03 0.749160E-07 0.513283E-03  0.00000     0.367783E-04 0.374850E-03 0.422257E-03 0.290817E-03  0.00000    
  1210.30      500.000     0.967338E-02 0.788061E-04 0.886379E-03 0.699046E-07 0.497066E-03  0.00000     0.341522E-04 0.364477E-03 0.410985E-03 0.285099E-03  0.00000    
  1208.80      500.000     0.954917E-02 0.755100E-04 0.866108E-03 0.654602E-07 0.481633E-03  0.00000     0.317174E-04 0.354653E-03 0.400236E-03 0.279648E-03  0.00000    
  1207.30      500.000     0.943084E-02 0.723928E-04 0.846801E-03 0.610098E-07 0.467024E-03  0.00000     0.294682E-04 0.345295E-03 0.389962E-03 0.274457E-03  0.00000    
  1205.80      500.000     0.931756E-02 0.694622E-04 0.828328E-03 0.572936E-07 0.452932E-03  0.00000     0.273800E-04 0.336420E-03 0.380160E-03 0.269458E-03  0.00000    
  1204.29      500.000     0.920942E-02 0.666897E-04 0.810692E-03 0.534451E-07 0.439551E-03  0.00000     0.254455E-04 0.327982E-03 0.370777E-03 0.264682E-03  0.00000    
  1202.79      500.000     0.910568E-02 0.640740E-04 0.793787E-03 0.501733E-07 0.426650E-03  0.00000     0.236395E-04 0.319942E-03 0.361796E-03 0.260081E-03  0.00000    
  1201.29      500.000     0.900617E-02 0.616055E-04 0.777577E-03 0.475095E-07 0.414213E-03  0.00000     0.219754E-04 0.312281E-03 0.353175E-03 0.255668E-03  0.00000    
  1199.79      500.000     0.891090E-02 0.592597E-04 0.762055E-03 0.447453E-07 0.402408E-03  0.00000     0.204190E-04 0.304986E-03 0.344934E-03 0.251401E-03  0.00000    
  1198.28      500.000     0.881933E-02 0.570299E-04 0.747159E-03 0.423903E-07 0.391073E-03  0.00000     0.189877E-04 0.297952E-03 0.337004E-03 0.247298E-03  0.00000    
  1196.78      500.000     0.873145E-02 0.549207E-04 0.732857E-03 0.401406E-07 0.380181E-03  0.00000     0.176402E-04 0.291284E-03 0.329388E-03 0.243354E-03  0.00000    
  1195.28      500.000     0.864695E-02 0.529125E-04 0.719116E-03 0.378740E-07 0.369757E-03  0.00000     0.163934E-04 0.284876E-03 0.322060E-03 0.239550E-03  0.00000    
  1193.78      500.000     0.789199E-02 0.468263E-04 0.651375E-03 0.313235E-07 0.336938E-03  0.00000     0.129051E-04 0.258136E-03 0.287880E-03 0.220469E-03  0.00000    
  1192.28      500.000     0.405710E-02 0.228168E-04 0.333632E-03  0.00000     0.185039E-03  0.00000     0.364256E-05 0.133908E-03 0.142272E-03 0.117512E-03  0.00000    
  1190.77      500.000     0.405710E-02 0.228168E-04 0.333632E-03  0.00000     0.185039E-03  0.00000     0.364256E-05 0.133908E-03 0.142272E-03 0.117512E-03  0.00000    
  1189.27      500.000     0.405710E-02 0.228168E-04 0.333632E-03  0.00000     0.185039E-03  0.00000     0.364256E-05 0.133908E-03 0.142272E-03 0.117512E-03  0.00000    
  1187.77      500.000     0.405710E-02 0.228168E-04 0.333632E-03  0.00000     0.185039E-03  0.00000     0.364256E-05 0.133908E-03 0.142272E-03 0.117512E-03  0.00000    
  1186.27      500.000     0.405710E-02 0.228168E-04 0.333632E-03  0.00000     0.185039E-03  0.00000     0.364256E-05 0.133908E-03 0.142272E-03 0.117512E-03  0.00000    
  1184.77      500.000     0.405710E-02 0.228168E-04 0.333632E-03  0.00000     0.185039E-03  0.00000     0.364256E-05 0.133908E-03 0.142272E-03 0.117512E-03  0.00000    
  1183.26      500.000     0.405710E-02 0.228168E-04 0.333632E-03  0.00000     0.185039E-03  0.00000     0.364256E-05 0.133908E-03 0.142272E-03 0.117512E-03  0.00000    
  1181.76      500.000     0.405710E-02 0.228168E-04 0.333632E-03  0.00000     0.185039E-03  0.00000     0.364256E-05 0.133908E-03 0.142272E-03 0.117512E-03  0.00000    
  1180.26      500.000     0.405710E-02 0.228168E-04 0.333632E-03  0.00000     0.185039E-03  0.00000     0.364256E-05 0.133908E-03 0.142272E-03 0.117512E-03  0.00000    
  1178.76      500.000     0.405710E-02 0.228168E-04 0.333632E-03  0.00000     0.185039E-03  0.00000     0.364256E-05 0.133908E-03 0.142272E-03 0.117512E-03  0.00000    
  1177.25      500.000     0.405710E-02 0.228168E-04 0.333632E-03  0.00000     0.185039E-03  0.00000     0.364256E-05 0.133908E-03 0.142272E-03 0.117512E-03  0.00000    
  1175.75      500.000     0.405710E-02 0.228168E-04 0.333632E-03  0.00000     0.185039E-03  0.00000     0.364256E-05 0.133908E-03 0.142272E-03 0.117512E-03  0.00000    
  1174.25      500.000     0.405710E-02 0.228168E-04 0.333632E-03  0.00000     0.185039E-03  0.00000     0.364256E-05 0.133908E-03 0.142272E-03 0.117512E-03  0.00000    
  1172.75      500.000     0.405710E-02 0.228168E-04 0.333632E-03  0.00000     0.185039E-03  0.00000     0.364256E-05 0.133908E-03 0.142272E-03 0.117512E-03  0.00000    
  1171.25      500.000     0.405710E-02 0.228168E-04 0.333632E-03  0.00000     0.185039E-03  0.00000     0.364256E-05 0.133908E-03 0.142272E-03 0.117512E-03  0.00000    
  1169.74      500.000     0.405710E-02 0.228168E-04 0.333632E-03  0.00000     0.185039E-03  0.00000     0.364256E-05 0.133908E-03 0.142272E-03 0.117512E-03  0.00000    
  1168.24      500.000     0.405710E-02 0.228168E-04 0.333632E-03  0.00000     0.185039E-03  0.00000     0.364256E-05 0.133908E-03 0.142272E-03 0.117512E-03  0.00000    
  1166.74      500.000     0.405710E-02 0.228168E-04 0.333632E-03  0.00000     0.185039E-03  0.00000     0.364256E-05 0.133908E-03 0.142272E-03 0.117512E-03  0.00000    
  1165.24      500.000     0.405710E-02 0.228168E-04 0.333632E-03  0.00000     0.185039E-03  0.00000     0.364256E-05 0.133908E-03 0.142272E-03 0.117512E-03  0.00000    
  1163.73      500.000     0.405710E-02 0.228168E-04 0.333632E-03  0.00000     0.185039E-03  0.00000     0.364256E-05 0.133908E-03 0.142272E-03 0.117512E-03  0.00000    
  1162.23      500.000     0.405710E-02 0.228168E-04 0.333632E-03  0.00000     0.185039E-03  0.00000     0.364256E-05 0.133908E-03 0.142272E-03 0.117512E-03  0.00000    
  1160.73      500.000     0.405710E-02 0.228168E-04 0.333632E-03  0.00000     0.185039E-03  0.00000     0.364256E-05 0.133908E-03 0.142272E-03 0.117512E-03  0.00000    
  1159.23      500.000     0.405710E-02 0.228168E-04 0.333632E-03  0.00000     0.185039E-03  0.00000     0.364256E-05 0.133908E-03 0.142272E-03 0.117512E-03  0.00000    
  1157.73      500.000     0.405710E-02 0.228168E-04 0.333632E-03  0.00000     0.185039E-03  0.00000     0.364256E-05 0.133908E-03 0.142272E-03 0.117512E-03  0.00000    
  1156.22      500.000     0.405710E-02 0.228168E-04 0.333632E-03  0.00000     0.185039E-03  0.00000     0.364256E-05 0.133908E-03 0.142272E-03 0.117512E-03  0.00000    
  1154.72      500.000     0.405710E-02 0.228168E-04 0.333632E-03  0.00000     0.185039E-03  0.00000     0.364256E-05 0.133908E-03 0.142272E-03 0.117512E-03  0.00000    
  1153.22      500.000     0.405710E-02 0.228168E-04 0.333632E-03  0.00000     0.185039E-03  0.00000     0.364256E-05 0.133908E-03 0.142272E-03 0.117512E-03  0.00000    
  1151.72      500.000     0.405710E-02 0.228168E-04 0.333632E-03  0.00000     0.185039E-03  0.00000     0.364256E-05 0.133908E-03 0.142272E-03 0.117512E-03  0.00000    
  1150.22      500.000     0.405710E-02 0.228168E-04 0.333632E-03  0.00000     0.185039E-03  0.00000     0.364256E-05 0.133908E-03 0.142272E-03 0.117512E-03  0.00000    
  1148.71      500.000     0.405710E-02 0.228168E-04 0.333632E-03  0.00000     0.185039E-03  0.00000     0.364256E-05 0.133908E-03 0.142272E-03 0.117512E-03  0.00000    
  1147.21      500.000     0.405710E-02 0.228168E-04 0.333632E-03  0.00000     0.185039E-03  0.00000     0.364256E-05 0.133908E-03 0.142272E-03 0.117512E-03  0.00000    
  1145.71      500.000     0.405710E-02 0.228168E-04 0.333632E-03  0.00000     0.185039E-03  0.00000     0.364256E-05 0.133908E-03 0.142272E-03 0.117512E-03  0.00000    
  1144.21      500.000     0.405710E-02 0.228168E-04 0.333632E-03  0.00000     0.185039E-03  0.00000     0.364256E-05 0.133908E-03 0.142272E-03 0.117512E-03  0.00000    
  1142.70      500.000     0.405710E-02 0.228168E-04 0.333632E-03  0.00000     0.185039E-03  0.00000     0.364256E-05 0.133908E-03 0.142272E-03 0.117512E-03  0.00000    
  1141.20      500.000     0.405710E-02 0.228168E-04 0.333632E-03  0.00000     0.185039E-03  0.00000     0.364256E-05 0.133908E-03 0.142272E-03 0.117512E-03  0.00000    
  1139.70      500.000     0.405710E-02 0.228168E-04 0.333632E-03  0.00000     0.185039E-03  0.00000     0.364256E-05 0.133908E-03 0.142272E-03 0.117512E-03  0.00000    
  1138.20      500.000     0.405710E-02 0.228168E-04 0.333632E-03  0.00000     0.185039E-03  0.00000     0.364256E-05 0.133908E-03 0.142272E-03 0.117512E-03  0.00000    
  1136.70      500.000     0.405710E-02 0.228168E-04 0.333632E-03  0.00000     0.185039E-03  0.00000     0.364256E-05 0.133908E-03 0.142272E-03 0.117512E-03  0.00000    
  1135.19      500.000     0.405710E-02 0.228168E-04 0.333632E-03  0.00000     0.185039E-03  0.00000     0.364256E-05 0.133908E-03 0.142272E-03 0.117512E-03  0.00000    
  1133.69      500.000     0.405710E-02 0.228168E-04 0.333632E-03  0.00000     0.185039E-03  0.00000     0.364256E-05 0.133908E-03 0.142272E-03 0.117512E-03  0.00000    
  1132.19      500.000     0.405710E-02 0.228168E-04 0.333632E-03  0.00000     0.185039E-03  0.00000     0.364256E-05 0.133908E-03 0.142272E-03 0.117512E-03  0.00000    
  1130.69      500.000     0.405710E-02 0.228168E-04 0.333632E-03  0.00000     0.185039E-03  0.00000     0.364256E-05 0.133908E-03 0.142272E-03 0.117512E-03  0.00000    
  1129.19      500.000     0.405710E-02 0.228168E-04 0.333632E-03  0.00000     0.185039E-03  0.00000     0.364256E-05 0.133908E-03 0.142272E-03 0.117512E-03  0.00000    
  1127.68      500.000     0.405710E-02 0.228168E-04 0.333632E-03  0.00000     0.185039E-03  0.00000     0.364256E-05 0.133908E-03 0.142272E-03 0.117512E-03  0.00000    
  1126.18      500.000     0.405710E-02 0.228168E-04 0.333632E-03  0.00000     0.185039E-03  0.00000     0.364256E-05 0.133908E-03 0.142272E-03 0.117512E-03  0.00000    
  1124.68      500.000     0.405710E-02 0.228168E-04 0.333632E-03  0.00000     0.185039E-03  0.00000     0.364256E-05 0.133908E-03 0.142272E-03 0.117512E-03  0.00000    
  1123.18      500.000     0.405710E-02 0.228168E-04 0.333632E-03  0.00000     0.185039E-03  0.00000     0.364256E-05 0.133908E-03 0.142272E-03 0.117512E-03  0.00000    
  1121.67      500.000     0.405710E-02 0.228168E-04 0.333632E-03  0.00000     0.185039E-03  0.00000     0.364256E-05 0.133908E-03 0.142272E-03 0.117512E-03  0.00000    
  1120.17      500.000     0.405710E-02 0.228168E-04 0.333632E-03  0.00000     0.185039E-03  0.00000     0.364256E-05 0.133908E-03 0.142272E-03 0.117512E-03  0.00000    
  1118.67      500.000     0.405710E-02 0.228168E-04 0.333632E-03  0.00000     0.185039E-03  0.00000     0.364256E-05 0.133908E-03 0.142272E-03 0.117512E-03  0.00000    
  1117.17      500.000     0.405710E-02 0.228168E-04 0.333632E-03  0.00000     0.185039E-03  0.00000     0.364256E-05 0.133908E-03 0.142272E-03 0.117512E-03  0.00000    
  1115.67      500.000     0.405710E-02 0.228168E-04 0.333632E-03  0.00000     0.185039E-03  0.00000     0.364256E-05 0.133908E-03 0.142272E-03 0.117512E-03  0.00000    
  1114.16      500.000     0.405710E-02 0.228168E-04 0.333632E-03  0.00000     0.185039E-03  0.00000     0.364256E-05 0.133908E-03 0.142272E-03 0.117512E-03  0.00000    
  1112.66      500.000     0.405710E-02 0.228168E-04 0.333632E-03  0.00000     0.185039E-03  0.00000     0.364256E-05 0.133908E-03 0.142272E-03 0.117512E-03  0.00000    
  1111.16      500.000     0.405710E-02 0.228168E-04 0.333632E-03  0.00000     0.185039E-03  0.00000     0.364256E-05 0.133908E-03 0.142272E-03 0.117512E-03  0.00000    
  1109.66      500.000     0.405710E-02 0.228168E-04 0.333632E-03  0.00000     0.185039E-03  0.00000     0.364256E-05 0.133908E-03 0.142272E-03 0.117512E-03  0.00000    
  1108.16      500.000     0.405710E-02 0.228168E-04 0.333632E-03  0.00000     0.185039E-03  0.00000     0.364256E-05 0.133908E-03 0.142272E-03 0.117512E-03  0.00000    
  1106.65      500.000     0.405710E-02 0.228168E-04 0.333632E-03  0.00000     0.185039E-03  0.00000     0.364256E-05 0.133908E-03 0.142272E-03 0.117512E-03  0.00000    
  1105.15      500.000     0.405710E-02 0.228168E-04 0.333632E-03  0.00000     0.185039E-03  0.00000     0.364256E-05 0.133908E-03 0.142272E-03 0.117512E-03  0.00000    
  1103.65      500.000     0.405710E-02 0.228168E-04 0.333632E-03  0.00000     0.185039E-03  0.00000     0.364256E-05 0.133908E-03 0.142272E-03 0.117512E-03  0.00000    
  1102.15      500.000     0.405710E-02 0.228168E-04 0.333632E-03  0.00000     0.185039E-03  0.00000     0.364256E-05 0.133908E-03 0.142272E-03 0.117512E-03  0.00000    
  1100.64      500.000     0.405710E-02 0.228168E-04 0.333632E-03  0.00000     0.185039E-03  0.00000     0.364256E-05 0.133908E-03 0.142272E-03 0.117512E-03  0.00000    
  1099.14      500.000     0.405710E-02 0.228168E-04 0.333632E-03  0.00000     0.185039E-03  0.00000     0.364256E-05 0.133908E-03 0.142272E-03 0.117512E-03  0.00000    
  1097.64      500.000     0.405710E-02 0.228168E-04 0.333632E-03  0.00000     0.185039E-03  0.00000     0.364256E-05 0.133908E-03 0.142272E-03 0.117512E-03  0.00000    
  1096.14      500.000     0.405710E-02 0.228168E-04 0.333632E-03  0.00000     0.185039E-03  0.00000     0.364256E-05 0.133908E-03 0.142272E-03 0.117512E-03  0.00000    
  1094.64      500.000     0.405710E-02 0.228168E-04 0.333632E-03  0.00000     0.185039E-03  0.00000     0.364256E-05 0.133908E-03 0.142272E-03 0.117512E-03  0.00000    
  1093.13      500.000     0.405710E-02 0.228168E-04 0.333632E-03  0.00000     0.185039E-03  0.00000     0.364256E-05 0.133908E-03 0.142272E-03 0.117512E-03  0.00000    
  1091.63      500.000     0.405710E-02 0.228168E-04 0.333632E-03  0.00000     0.185039E-03  0.00000     0.364256E-05 0.133908E-03 0.142272E-03 0.117512E-03  0.00000    
  1090.13      500.000     0.405710E-02 0.228168E-04 0.333632E-03  0.00000     0.185039E-03  0.00000     0.364256E-05 0.133908E-03 0.142272E-03 0.117512E-03  0.00000    
  1088.63      500.000     0.405710E-02 0.228168E-04 0.333632E-03  0.00000     0.185039E-03  0.00000     0.364256E-05 0.133908E-03 0.142272E-03 0.117512E-03  0.00000    
  1087.13      500.000     0.405710E-02 0.228168E-04 0.333632E-03  0.00000     0.185039E-03  0.00000     0.364256E-05 0.133908E-03 0.142272E-03 0.117512E-03  0.00000    
  1085.62      500.000     0.405710E-02 0.228168E-04 0.333632E-03  0.00000     0.185039E-03  0.00000     0.364256E-05 0.133908E-03 0.142272E-03 0.117512E-03  0.00000    
  1084.12      500.000     0.405710E-02 0.228168E-04 0.333632E-03  0.00000     0.185039E-03  0.00000     0.364256E-05 0.133908E-03 0.142272E-03 0.117512E-03  0.00000    
  1082.62      500.000     0.405710E-02 0.228168E-04 0.333632E-03  0.00000     0.185039E-03  0.00000     0.364256E-05 0.133908E-03 0.142272E-03 0.117512E-03  0.00000    
  1081.12      500.000     0.405710E-02 0.228168E-04 0.333632E-03  0.00000     0.185039E-03  0.00000     0.364256E-05 0.133908E-03 0.142272E-03 0.117512E-03  0.00000    
  1079.61      500.000     0.405710E-02 0.228168E-04 0.333632E-03  0.00000     0.185039E-03  0.00000     0.364256E-05 0.133908E-03 0.142272E-03 0.117512E-03  0.00000    
  1078.11      500.000     0.405710E-02 0.228168E-04 0.333632E-03  0.00000     0.185039E-03  0.00000     0.364256E-05 0.133908E-03 0.142272E-03 0.117512E-03  0.00000    
  1076.61      500.000     0.405710E-02 0.228168E-04 0.333632E-03  0.00000     0.185039E-03  0.00000     0.364256E-05 0.133908E-03 0.142272E-03 0.117512E-03  0.00000    
  1075.11      500.000     0.405710E-02 0.228168E-04 0.333632E-03  0.00000     0.185039E-03  0.00000     0.364256E-05 0.133908E-03 0.142272E-03 0.117512E-03  0.00000    
  1073.61      500.000     0.405710E-02 0.228168E-04 0.333632E-03  0.00000     0.185039E-03  0.00000     0.364256E-05 0.133908E-03 0.142272E-03 0.117512E-03  0.00000    
  1072.10      500.000     0.405710E-02 0.228168E-04 0.333632E-03  0.00000     0.185039E-03  0.00000     0.364256E-05 0.133908E-03 0.142272E-03 0.117512E-03  0.00000    
  1070.60      500.000     0.405710E-02 0.228168E-04 0.333632E-03  0.00000     0.185039E-03  0.00000     0.364256E-05 0.133908E-03 0.142272E-03 0.117512E-03  0.00000    
  1069.10      500.000     0.405710E-02 0.228168E-04 0.333632E-03  0.00000     0.185039E-03  0.00000     0.364256E-05 0.133908E-03 0.142272E-03 0.117512E-03  0.00000    
  1067.60      500.000     0.405710E-02 0.228168E-04 0.333632E-03  0.00000     0.185039E-03  0.00000     0.364256E-05 0.133908E-03 0.142272E-03 0.117512E-03  0.00000    
  1066.09      500.000     0.405710E-02 0.228168E-04 0.333632E-03  0.00000     0.185039E-03  0.00000     0.364256E-05 0.133908E-03 0.142272E-03 0.117512E-03  0.00000    
  1064.59      500.000     0.405710E-02 0.228168E-04 0.333632E-03  0.00000     0.185039E-03  0.00000     0.364256E-05 0.133908E-03 0.142272E-03 0.117512E-03  0.00000    
  1063.09      500.000     0.405710E-02 0.228168E-04 0.333632E-03  0.00000     0.185039E-03  0.00000     0.364256E-05 0.133908E-03 0.142272E-03 0.117512E-03  0.00000    
  1061.59      500.000     0.405710E-02 0.228168E-04 0.333632E-03  0.00000     0.185039E-03  0.00000     0.364256E-05 0.133908E-03 0.142272E-03 0.117512E-03  0.00000    
  1060.09      500.000     0.405710E-02 0.228168E-04 0.333632E-03  0.00000     0.185039E-03  0.00000     0.364256E-05 0.133908E-03 0.142272E-03 0.117512E-03  0.00000    
  1058.58      500.000     0.405710E-02 0.228168E-04 0.333632E-03  0.00000     0.185039E-03  0.00000     0.364256E-05 0.133908E-03 0.142272E-03 0.117512E-03  0.00000    
  1057.08      500.000     0.405710E-02 0.228168E-04 0.333632E-03  0.00000     0.185039E-03  0.00000     0.364256E-05 0.133908E-03 0.142272E-03 0.117512E-03  0.00000    
  1055.58      500.000     0.405710E-02 0.228168E-04 0.333632E-03  0.00000     0.185039E-03  0.00000     0.364256E-05 0.133908E-03 0.142272E-03 0.117512E-03  0.00000    
  1054.08      500.000     0.405710E-02 0.228168E-04 0.333632E-03  0.00000     0.185039E-03  0.00000     0.364256E-05 0.133908E-03 0.142272E-03 0.117512E-03  0.00000    
  1052.58      500.000     0.405710E-02 0.228168E-04 0.333632E-03  0.00000     0.185039E-03  0.00000     0.364256E-05 0.133908E-03 0.142272E-03 0.117512E-03  0.00000    
  1051.07      500.000     0.405710E-02 0.228168E-04 0.333632E-03  0.00000     0.185039E-03  0.00000     0.364256E-05 0.133908E-03 0.142272E-03 0.117512E-03  0.00000    
  1049.57      500.000     0.405710E-02 0.228168E-04 0.333632E-03  0.00000     0.185039E-03  0.00000     0.364256E-05 0.133908E-03 0.142272E-03 0.117512E-03  0.00000    
  1048.07      500.000     0.405710E-02 0.228168E-04 0.333632E-03  0.00000     0.185039E-03  0.00000     0.364256E-05 0.133908E-03 0.142272E-03 0.117512E-03  0.00000    
  1046.57      500.000     0.405710E-02 0.228168E-04 0.333632E-03  0.00000     0.185039E-03  0.00000     0.364256E-05 0.133908E-03 0.142272E-03 0.117512E-03  0.00000    
  1045.06      500.000     0.405710E-02 0.228168E-04 0.333632E-03  0.00000     0.185039E-03  0.00000     0.364256E-05 0.133908E-03 0.142272E-03 0.117512E-03  0.00000    
  1043.56      500.000     0.405710E-02 0.228168E-04 0.333632E-03  0.00000     0.185039E-03  0.00000     0.364256E-05 0.133908E-03 0.142272E-03 0.117512E-03  0.00000    
  1042.06      500.000     0.405710E-02 0.228168E-04 0.333632E-03  0.00000     0.185039E-03  0.00000     0.364256E-05 0.133908E-03 0.142272E-03 0.117512E-03  0.00000    
  1040.56      500.000     0.405710E-02 0.228168E-04 0.333632E-03  0.00000     0.185039E-03  0.00000     0.364256E-05 0.133908E-03 0.142272E-03 0.117512E-03  0.00000    
  1039.06      500.000     0.405710E-02 0.228168E-04 0.333632E-03  0.00000     0.185039E-03  0.00000     0.364256E-05 0.133908E-03 0.142272E-03 0.117512E-03  0.00000    
  1037.55      500.000     0.405710E-02 0.228168E-04 0.333632E-03  0.00000     0.185039E-03  0.00000     0.364256E-05 0.133908E-03 0.142272E-03 0.117512E-03  0.00000    
  1036.05      500.000     0.405710E-02 0.228168E-04 0.333632E-03  0.00000     0.185039E-03  0.00000     0.364256E-05 0.133908E-03 0.142272E-03 0.117512E-03  0.00000    
  1034.55      500.000     0.405710E-02 0.228168E-04 0.333632E-03  0.00000     0.185039E-03  0.00000     0.364256E-05 0.133908E-03 0.142272E-03 0.117512E-03  0.00000    
  1033.05      500.000     0.405710E-02 0.228168E-04 0.333632E-03  0.00000     0.185039E-03  0.00000     0.364256E-05 0.133908E-03 0.142272E-03 0.117512E-03  0.00000    
  1031.55      500.000     0.405710E-02 0.228168E-04 0.333632E-03  0.00000     0.185039E-03  0.00000     0.364256E-05 0.133908E-03 0.142272E-03 0.117512E-03  0.00000    
  1030.04      500.000     0.405710E-02 0.228168E-04 0.333632E-03  0.00000     0.185039E-03  0.00000     0.364256E-05 0.133908E-03 0.142272E-03 0.117512E-03  0.00000    
  1028.54      500.000     0.405710E-02 0.228168E-04 0.333632E-03  0.00000     0.185039E-03  0.00000     0.364256E-05 0.133908E-03 0.142272E-03 0.117512E-03  0.00000    
  1027.04      500.000     0.405710E-02 0.228168E-04 0.333632E-03  0.00000     0.185039E-03  0.00000     0.364256E-05 0.133908E-03 0.142272E-03 0.117512E-03  0.00000    
  1025.54      500.000     0.405710E-02 0.228168E-04 0.333632E-03  0.00000     0.185039E-03  0.00000     0.364256E-05 0.133908E-03 0.142272E-03 0.117512E-03  0.00000    
  1024.03      500.000     0.405710E-02 0.228168E-04 0.333632E-03  0.00000     0.185039E-03  0.00000     0.364256E-05 0.133908E-03 0.142272E-03 0.117512E-03  0.00000    
  1022.53      500.000     0.405710E-02 0.228168E-04 0.333632E-03  0.00000     0.185039E-03  0.00000     0.364256E-05 0.133908E-03 0.142272E-03 0.117512E-03  0.00000    
  1021.03      500.000     0.405710E-02 0.228168E-04 0.333632E-03  0.00000     0.185039E-03  0.00000     0.364256E-05 0.133908E-03 0.142272E-03 0.117512E-03  0.00000    
  1019.53      500.000     0.405710E-02 0.228168E-04 0.333632E-03  0.00000     0.185039E-03  0.00000     0.364256E-05 0.133908E-03 0.142272E-03 0.117512E-03  0.00000    
  1018.03      500.000     0.405710E-02 0.228168E-04 0.333632E-03  0.00000     0.185039E-03  0.00000     0.364256E-05 0.133908E-03 0.142272E-03 0.117512E-03  0.00000    
  1016.52      500.000     0.405710E-02 0.228168E-04 0.333632E-03  0.00000     0.185039E-03  0.00000     0.364256E-05 0.133908E-03 0.142272E-03 0.117512E-03  0.00000    
  1015.02      500.000     0.405710E-02 0.228168E-04 0.333632E-03  0.00000     0.185039E-03  0.00000     0.364256E-05 0.133908E-03 0.142272E-03 0.117512E-03  0.00000    
  1013.52      500.000     0.405710E-02 0.228168E-04 0.333632E-03  0.00000     0.185039E-03  0.00000     0.364256E-05 0.133908E-03 0.142272E-03 0.117512E-03  0.00000    
  1012.02      500.000     0.405710E-02 0.228168E-04 0.333632E-03  0.00000     0.185039E-03  0.00000     0.364256E-05 0.133908E-03 0.142272E-03 0.117512E-03  0.00000    
  1010.52      500.000     0.405710E-02 0.228168E-04 0.333632E-03  0.00000     0.185039E-03  0.00000     0.364256E-05 0.133908E-03 0.142272E-03 0.117512E-03  0.00000    
  1009.01      500.000     0.405710E-02 0.228168E-04 0.333632E-03  0.00000     0.185039E-03  0.00000     0.364256E-05 0.133908E-03 0.142272E-03 0.117512E-03  0.00000    
  1007.51      500.000     0.405710E-02 0.228168E-04 0.333632E-03  0.00000     0.185039E-03  0.00000     0.364256E-05 0.133908E-03 0.142272E-03 0.117512E-03  0.00000    
  1006.01      500.000     0.405710E-02 0.228168E-04 0.333632E-03  0.00000     0.185039E-03  0.00000     0.364256E-05 0.133908E-03 0.142272E-03 0.117512E-03  0.00000    
  1004.51      500.000     0.405710E-02 0.228168E-04 0.333632E-03  0.00000     0.185039E-03  0.00000     0.364256E-05 0.133908E-03 0.142272E-03 0.117512E-03  0.00000    
  1003.00      500.000     0.405710E-02 0.228168E-04 0.333632E-03  0.00000     0.185039E-03  0.00000     0.364256E-05 0.133908E-03 0.142272E-03 0.117512E-03  0.00000    
  1001.50      500.000     0.405710E-02 0.228168E-04 0.333632E-03  0.00000     0.185039E-03  0.00000     0.364256E-05 0.133908E-03 0.142272E-03 0.117512E-03  0.00000    
  1000.00      500.000     0.405710E-02 0.228168E-04 0.333632E-03  0.00000     0.185039E-03  0.00000     0.364256E-05 0.133908E-03 0.142272E-03 0.117512E-03  0.00000    
