|6.6.6
Archiving\03_Data\eqfrac/QFM_m5/TIS/TIS_1.tab                             
           1
T(K)    
  0.000000000000000E+000
  0.000000000000000E+000
           0
          14
T(K)           P(bar)         melt(TH)       Cpx(TH)        Cpx(TH)        iron           Sp(TH)         an             San(TH)        Opx(TH)        ilm            O(HP)          ne             lc            
  1487.18        2500.00        99.9457       0.469104E-001  0.348718E-002  0.393936E-002            NaN            NaN            NaN            NaN            NaN            NaN            NaN            NaN
  1485.96        2500.00        99.0960       0.588924       0.289518       0.255258E-001            NaN            NaN            NaN            NaN            NaN            NaN            NaN            NaN
  1484.74        2500.00        99.1112       0.555038       0.310423       0.233364E-001            NaN            NaN            NaN            NaN            NaN            NaN            NaN            NaN
  1483.52        2500.00        99.1077       0.309841       0.558979       0.234705E-001            NaN            NaN            NaN            NaN            NaN            NaN            NaN            NaN
  1482.30        2500.00        99.1142       0.554193       0.308358       0.232239E-001            NaN            NaN            NaN            NaN            NaN            NaN            NaN            NaN
  1481.07        2500.00        99.3650       0.374733       0.244688       0.155870E-001            NaN            NaN            NaN            NaN            NaN            NaN            NaN            NaN
  1479.85        2500.00        98.8860       0.719796       0.364275       0.299542E-001            NaN            NaN            NaN            NaN            NaN            NaN            NaN            NaN
  1478.63        2500.00        99.1354       0.301818       0.540468       0.222787E-001            NaN            NaN            NaN            NaN            NaN            NaN            NaN            NaN
  1477.41        2500.00        99.1064       0.558264       0.312695       0.225933E-001            NaN            NaN            NaN            NaN            NaN            NaN            NaN            NaN
  1476.19        2500.00        99.9392       0.384152E-001  0.208051E-001  0.161819E-002            NaN            NaN            NaN            NaN            NaN            NaN            NaN            NaN
  1474.97        2500.00        98.4045       0.996303       0.559075       0.401246E-001            NaN            NaN            NaN            NaN            NaN            NaN            NaN            NaN
  1473.75        2500.00        99.1631       0.294353       0.521511       0.210064E-001            NaN            NaN            NaN            NaN            NaN            NaN            NaN            NaN
  1472.53        2500.00        99.1532       0.297653       0.528034       0.210984E-001            NaN            NaN            NaN            NaN            NaN            NaN            NaN            NaN
  1471.31        2500.00        99.1893       0.285513       0.505114       0.200249E-001            NaN            NaN            NaN            NaN            NaN            NaN            NaN            NaN
  1470.09        2500.00        99.1809       0.288632       0.510275       0.201666E-001            NaN            NaN            NaN            NaN            NaN            NaN            NaN            NaN
  1468.86        2500.00        99.1868       0.506116       0.287193       0.199131E-001            NaN            NaN            NaN            NaN            NaN            NaN            NaN            NaN
  1467.64        2500.00        99.1349       0.538929       0.305014       0.211078E-001            NaN            NaN            NaN            NaN            NaN            NaN            NaN            NaN
  1466.42        2500.00        99.2571       0.462458       0.262564       0.178842E-001            NaN            NaN            NaN            NaN            NaN            NaN            NaN            NaN
  1465.20        2500.00        99.2047       0.281186       0.495128       0.190233E-001            NaN            NaN            NaN            NaN            NaN            NaN            NaN            NaN
  1463.98        2500.00        99.2102       0.279447       0.491622       0.187476E-001            NaN            NaN            NaN            NaN            NaN            NaN            NaN            NaN
  1462.76        2500.00        99.1410       0.304053       0.534859       0.200684E-001            NaN            NaN            NaN            NaN            NaN            NaN            NaN            NaN
  1461.54        2500.00        99.2959       0.250003       0.437359       0.163025E-001  0.486054E-003            NaN            NaN            NaN            NaN            NaN            NaN            NaN
  1460.32        2500.00        99.2275       0.273671       0.480852       0.180090E-001            NaN            NaN            NaN            NaN            NaN            NaN            NaN            NaN
  1459.10        2500.00        99.2329       0.477276       0.272089       0.176924E-001            NaN            NaN            NaN            NaN            NaN            NaN            NaN            NaN
  1457.88        2500.00        99.1596       0.298507       0.522696       0.192132E-001            NaN            NaN            NaN            NaN            NaN            NaN            NaN            NaN
  1456.65        2500.00        99.3218       0.421853       0.240943       0.154272E-001            NaN            NaN            NaN            NaN            NaN            NaN            NaN            NaN
  1455.43        2500.00        99.2474       0.468184       0.267519       0.169156E-001            NaN            NaN            NaN            NaN            NaN            NaN            NaN            NaN
  1454.21        2500.00        99.2546       0.265122       0.463684       0.165983E-001            NaN            NaN            NaN            NaN            NaN            NaN            NaN            NaN
  1452.99        2500.00        99.2227       0.483952       0.276059       0.172536E-001            NaN            NaN            NaN            NaN            NaN            NaN            NaN            NaN
  1451.77        2500.00        97.6732       0.819713       0.727952       0.996304E-001            NaN  0.679471                 NaN            NaN            NaN            NaN            NaN            NaN
  1450.55        2500.00        97.5253       0.761476       0.871885       0.106246                 NaN  0.735107                 NaN            NaN            NaN            NaN            NaN            NaN
  1449.33        2500.00        97.5948       0.739716       0.847974       0.102885                 NaN  0.714585                 NaN            NaN            NaN            NaN            NaN            NaN
  1448.11        2500.00        97.1581       0.876119        1.00051       0.121762                 NaN  0.843476                 NaN            NaN            NaN            NaN            NaN            NaN
  1446.89        2500.00        98.2270       0.545290       0.625360       0.751622E-001            NaN  0.527172                 NaN            NaN            NaN            NaN            NaN            NaN
  1445.67        2500.00        99.3467       0.217353       0.218610       0.287848E-001            NaN  0.188547                 NaN            NaN            NaN            NaN            NaN            NaN
  1444.44        2500.00        100.000                 NaN            NaN            NaN            NaN            NaN            NaN            NaN            NaN            NaN            NaN            NaN
  1443.22        2500.00        93.7455        1.91612        2.21616       0.260358                 NaN   1.86191                 NaN            NaN            NaN            NaN            NaN            NaN
  1442.00        2500.00        99.9378       0.191825E-001  0.218378E-001  0.257437E-002            NaN  0.186333E-001            NaN            NaN            NaN            NaN            NaN            NaN
  1440.78        2500.00        96.5398        1.06153        1.22562       0.143370                 NaN   1.02963                 NaN            NaN            NaN            NaN            NaN            NaN
  1439.56        2500.00        98.0404       0.694352       0.601066       0.808792E-001            NaN  0.583330                 NaN            NaN            NaN            NaN            NaN            NaN
  1438.34        2500.00        98.0844       0.587419       0.679060       0.786653E-001            NaN  0.570470                 NaN            NaN            NaN            NaN            NaN            NaN
  1437.12        2500.00        98.1312       0.572887       0.663226       0.764305E-001            NaN  0.556304                 NaN            NaN            NaN            NaN            NaN            NaN
  1435.90        2500.00        98.1716       0.559436       0.650225       0.742698E-001            NaN  0.544514                 NaN            NaN            NaN            NaN            NaN            NaN
  1434.68        2500.00        98.2120       0.635897       0.547513       0.722984E-001            NaN  0.532332                 NaN            NaN            NaN            NaN            NaN            NaN
  1433.46        2500.00        98.2493       0.622557       0.536186       0.706161E-001            NaN  0.521322                 NaN            NaN            NaN            NaN            NaN            NaN
  1432.23        2500.00        98.2889       0.523318       0.609751       0.685290E-001            NaN  0.509548                 NaN            NaN            NaN            NaN            NaN            NaN
  1431.01        2500.00        98.3234       0.512509       0.598049       0.668275E-001            NaN  0.499248                 NaN            NaN            NaN            NaN            NaN            NaN
  1429.79        2500.00        98.3581       0.501479       0.586354       0.650655E-001            NaN  0.488960                 NaN            NaN            NaN            NaN            NaN            NaN
  1428.57        2500.00        98.3916       0.490590       0.575463       0.633823E-001            NaN  0.478947                 NaN            NaN            NaN            NaN            NaN            NaN
  1427.35        2500.00        98.4235       0.564552       0.480465       0.618509E-001            NaN  0.469640                 NaN            NaN            NaN            NaN            NaN            NaN
  1426.13        2500.00        98.4549       0.553852       0.470823       0.603252E-001            NaN  0.460123                 NaN            NaN            NaN            NaN            NaN            NaN
  1424.91        2500.00        98.4848       0.543909       0.461408       0.588146E-001            NaN  0.451116                 NaN            NaN            NaN            NaN            NaN            NaN
  1423.69        2500.00        98.5147       0.451739       0.534085       0.572653E-001            NaN  0.442186                 NaN            NaN            NaN            NaN            NaN            NaN
  1422.47        2500.00        98.5416       0.525327       0.443008       0.558795E-001            NaN  0.434190                 NaN            NaN            NaN            NaN            NaN            NaN
  1421.25        2500.00        98.5682       0.516409       0.434605       0.545488E-001            NaN  0.426254                 NaN            NaN            NaN            NaN            NaN            NaN
  1420.02        2500.00        98.5950       0.507442       0.426118       0.532148E-001            NaN  0.418204                 NaN            NaN            NaN            NaN            NaN            NaN
  1418.80        2500.00        98.6213       0.498851       0.417688       0.518337E-001            NaN  0.410301                 NaN            NaN            NaN            NaN            NaN            NaN
  1417.58        2500.00        98.6447       0.410116       0.491110       0.506994E-001            NaN  0.403369                 NaN            NaN            NaN            NaN            NaN            NaN
  1416.36        2500.00        98.6694       0.402301       0.482998       0.494291E-001            NaN  0.395865                 NaN            NaN            NaN            NaN            NaN            NaN
  1415.14        2500.00        98.6919       0.475650       0.395027       0.482654E-001            NaN  0.389157                 NaN            NaN            NaN            NaN            NaN            NaN
  1413.92        2500.00        98.7129       0.468549       0.388214       0.473298E-001            NaN  0.383003                 NaN            NaN            NaN            NaN            NaN            NaN
  1412.70        2500.00        98.7369       0.380681       0.461217       0.458486E-001            NaN  0.375307                 NaN            NaN            NaN            NaN            NaN            NaN
  1411.48        2500.00        98.7578       0.453806       0.374126       0.449412E-001            NaN  0.369339                 NaN            NaN            NaN            NaN            NaN            NaN
  1410.26        2500.00        98.7783       0.367377       0.447363       0.438549E-001            NaN  0.363138                 NaN            NaN            NaN            NaN            NaN            NaN
  1409.04        2500.00        98.7973       0.441693       0.360661       0.428792E-001            NaN  0.357437                 NaN            NaN            NaN            NaN            NaN            NaN
  1407.81        2500.00        98.8183       0.354166       0.434730       0.417855E-001            NaN  0.351032                 NaN            NaN            NaN            NaN            NaN            NaN
  1406.59        2500.00        98.8363       0.348292       0.428918       0.408338E-001            NaN  0.345648                 NaN            NaN            NaN            NaN            NaN            NaN
  1405.37        2500.00        98.8524       0.343138       0.423656       0.399380E-001            NaN  0.340874                 NaN            NaN            NaN            NaN            NaN            NaN
  1404.15        2500.00        98.8722       0.336511       0.417645       0.389526E-001            NaN  0.334675                 NaN            NaN            NaN            NaN            NaN            NaN
  1402.93        2500.00        98.8909       0.330789       0.411120       0.380666E-001            NaN  0.329155                 NaN            NaN            NaN            NaN            NaN            NaN
  1401.71        2500.00        98.9071       0.325233       0.406320       0.371683E-001            NaN  0.324208                 NaN            NaN            NaN            NaN            NaN            NaN
  1400.49        2500.00        98.9229       0.319974       0.401353       0.363444E-001            NaN  0.319449                 NaN            NaN            NaN            NaN            NaN            NaN
  1399.27        2500.00        98.9396       0.396034       0.314591       0.354852E-001            NaN  0.314331                 NaN            NaN            NaN            NaN            NaN            NaN
  1398.05        2500.00        98.9544       0.309657       0.391415       0.346126E-001            NaN  0.309878                 NaN            NaN            NaN            NaN            NaN            NaN
  1396.83        2500.00        98.9701       0.386270       0.304560       0.339127E-001            NaN  0.305159                 NaN            NaN            NaN            NaN            NaN            NaN
  1395.60        2500.00        98.9836       0.382273       0.299990       0.331215E-001            NaN  0.300994                 NaN            NaN            NaN            NaN            NaN            NaN
  1394.38        2500.00        99.0009       0.376879       0.294395       0.322013E-001            NaN  0.295632                 NaN            NaN            NaN            NaN            NaN            NaN
  1393.16        2500.00        99.0136       0.372920       0.290034       0.315863E-001            NaN  0.291894                 NaN            NaN            NaN            NaN            NaN            NaN
  1391.94        2500.00        99.0276       0.368578       0.285387       0.308110E-001            NaN  0.287615                 NaN            NaN            NaN            NaN            NaN            NaN
  1390.72        2500.00        99.0405       0.364646       0.281088       0.300872E-001            NaN  0.283699                 NaN            NaN            NaN            NaN            NaN            NaN
  1389.50        2500.00        99.0543       0.360327       0.276497       0.293890E-001            NaN  0.279444                 NaN            NaN            NaN            NaN            NaN            NaN
  1388.28        2500.00        99.0668       0.356495       0.272334       0.286894E-001            NaN  0.275638                 NaN            NaN            NaN            NaN            NaN            NaN
  1387.06        2500.00        99.0794       0.267907       0.352906       0.279924E-001            NaN  0.271820                 NaN            NaN            NaN            NaN            NaN            NaN
  1385.84        2500.00        99.0918       0.348943       0.263895       0.273560E-001            NaN  0.267961                 NaN            NaN            NaN            NaN            NaN            NaN
  1384.62        2500.00        98.6601       0.516182       0.389326       0.395157E-001            NaN  0.394916                 NaN            NaN            NaN            NaN            NaN            NaN
  1383.39        2500.00        99.5602       0.127138       0.170229       0.129243E-001            NaN  0.129526                 NaN            NaN            NaN            NaN            NaN            NaN
  1382.17        2500.00        99.1267       0.338125       0.252299       0.255198E-001            NaN  0.257341                 NaN            NaN            NaN            NaN            NaN            NaN
  1380.95        2500.00        99.1360       0.335695       0.248777       0.249671E-001            NaN  0.254517                 NaN            NaN            NaN            NaN            NaN            NaN
  1379.73        2500.00        99.1510       0.243664       0.331382       0.241062E-001            NaN  0.249801                 NaN            NaN            NaN            NaN            NaN            NaN
  1378.51        2500.00        99.1596       0.328688       0.240895       0.236296E-001            NaN  0.247215                 NaN            NaN            NaN            NaN            NaN            NaN
  1377.29        2500.00        99.1702       0.325646       0.237087       0.230325E-001            NaN  0.244017                 NaN            NaN            NaN            NaN            NaN            NaN
  1376.07        2500.00        99.1802       0.233638       0.322742       0.224551E-001            NaN  0.240920                 NaN            NaN            NaN            NaN            NaN            NaN
  1374.85        2500.00        99.1897       0.320170       0.230082       0.219556E-001            NaN  0.238113                 NaN            NaN            NaN            NaN            NaN            NaN
  1373.63        2500.00        99.2011       0.226534       0.316612       0.212954E-001            NaN  0.234428                 NaN            NaN            NaN            NaN            NaN            NaN
  1372.41        2500.00        99.2094       0.223795       0.313954       0.208778E-001            NaN  0.231979                 NaN            NaN            NaN            NaN            NaN            NaN
  1371.18        2500.00        99.2181       0.220713       0.311384       0.204515E-001            NaN  0.229335                 NaN            NaN            NaN            NaN            NaN            NaN
  1369.96        2500.00        99.2288       0.308605       0.217017       0.196483E-001            NaN  0.225886                 NaN            NaN            NaN            NaN            NaN            NaN
  1368.74        2500.00        99.2381       0.213542       0.306061       0.191841E-001            NaN  0.223130                 NaN            NaN            NaN            NaN            NaN            NaN
  1367.52        2500.00        99.2461       0.210725       0.303838       0.186819E-001            NaN  0.220679                 NaN            NaN            NaN            NaN            NaN            NaN
  1366.30        2500.00        99.2547       0.207872       0.301216       0.181851E-001            NaN  0.218022                 NaN            NaN            NaN            NaN            NaN            NaN
  1365.08        2500.00        99.2629       0.299319       0.204605       0.176430E-001            NaN  0.215498                 NaN            NaN            NaN            NaN            NaN            NaN
  1363.86        2500.00        99.2717       0.201545       0.296836       0.171735E-001            NaN  0.212788                 NaN            NaN            NaN            NaN            NaN            NaN
  1362.64        2500.00        99.2794       0.294555       0.198936       0.167012E-001            NaN  0.210378                 NaN            NaN            NaN            NaN            NaN            NaN
  1361.42        2500.00        99.2876       0.292350       0.195968       0.162367E-001            NaN  0.207872                 NaN            NaN            NaN            NaN            NaN            NaN
  1360.20        2500.00        99.2952       0.290333       0.193220       0.157458E-001            NaN  0.205535                 NaN            NaN            NaN            NaN            NaN            NaN
  1358.97        2500.00        99.3029       0.288270       0.190344       0.152983E-001            NaN  0.203138                 NaN            NaN            NaN            NaN            NaN            NaN
  1357.75        2500.00        99.3105       0.187723       0.286204       0.148345E-001            NaN  0.200770                 NaN            NaN            NaN            NaN            NaN            NaN
  1356.53        2500.00        99.3176       0.185104       0.284202       0.144681E-001            NaN  0.198612                 NaN            NaN            NaN            NaN            NaN            NaN
  1355.31        2500.00        99.3252       0.182094       0.282581       0.139080E-001            NaN  0.196233                 NaN            NaN            NaN            NaN            NaN            NaN
  1354.09        2500.00        99.3318       0.179686       0.280773       0.135025E-001            NaN  0.194206                 NaN            NaN            NaN            NaN            NaN            NaN
  1352.87        2500.00        99.3391       0.279013       0.176943       0.130343E-001            NaN  0.191940                 NaN            NaN            NaN            NaN            NaN            NaN
  1351.65        2500.00        99.2624       0.406315       0.113859       0.659606E-002            NaN  0.210851                 NaN            NaN            NaN            NaN            NaN            NaN
  1350.43        2500.00        99.4362       0.144452       0.234167       0.183972E-001            NaN  0.166791                 NaN            NaN            NaN            NaN            NaN            NaN
  1349.21        2500.00        99.3588       0.273734       0.169763       0.118580E-001            NaN  0.185881                 NaN            NaN            NaN            NaN            NaN            NaN
  1347.99        2500.00        99.3641       0.272904       0.167290       0.113915E-001            NaN  0.184339                 NaN            NaN            NaN            NaN            NaN            NaN
  1346.76        2500.00        99.3704       0.270516       0.166071       0.110126E-001            NaN  0.182035                 NaN            NaN            NaN            NaN            NaN            NaN
  1345.54        2500.00        99.3794       0.162136       0.268526       0.105436E-001            NaN  0.179353                 NaN            NaN            NaN            NaN            NaN            NaN
  1344.32        2500.00        99.3843       0.267502       0.160065       0.102100E-001            NaN  0.177946                 NaN            NaN            NaN            NaN            NaN            NaN
  1343.10        2500.00        99.3899       0.266310       0.157811       0.980406E-002            NaN  0.176206                 NaN            NaN            NaN            NaN            NaN            NaN
  1341.88        2500.00        99.3953       0.265182       0.155638       0.936594E-002            NaN  0.174478                 NaN            NaN            NaN            NaN            NaN            NaN
  1340.66        2500.00        99.4014       0.263786       0.153157       0.902923E-002            NaN  0.172662                 NaN            NaN            NaN            NaN            NaN            NaN
  1339.44        2500.00        99.4070       0.151086       0.262426       0.861311E-002            NaN  0.170842                 NaN            NaN            NaN            NaN            NaN            NaN
  1338.22        2500.00        99.4125       0.148775       0.261253       0.827680E-002            NaN  0.169202                 NaN            NaN            NaN            NaN            NaN            NaN
  1337.00        2500.00        99.4178       0.146601       0.260161       0.787354E-002            NaN  0.167531                 NaN            NaN            NaN            NaN            NaN            NaN
  1335.78        2500.00        99.4229       0.144493       0.259125       0.751301E-002            NaN  0.166001                 NaN            NaN            NaN            NaN            NaN            NaN
  1334.55        2500.00        99.4284       0.142154       0.258035       0.712093E-002            NaN  0.164262                 NaN            NaN            NaN            NaN            NaN            NaN
  1333.33        2500.00        99.4335       0.140262       0.256833       0.676850E-002            NaN  0.162645                 NaN            NaN            NaN            NaN            NaN            NaN
  1332.11        2500.00        99.4385       0.138252       0.255772       0.641035E-002            NaN  0.161115                 NaN            NaN            NaN            NaN            NaN            NaN
  1330.89        2500.00        99.4432       0.136332       0.254691       0.607947E-002            NaN  0.159663                 NaN            NaN            NaN            NaN            NaN            NaN
  1329.67        2500.00        99.4480       0.254423       0.133645       0.571001E-002            NaN  0.158223                 NaN            NaN            NaN            NaN            NaN            NaN
  1328.45        2500.00        99.4534       0.131901       0.252861       0.534175E-002            NaN  0.156455                 NaN            NaN            NaN            NaN            NaN            NaN
  1327.23        2500.00        99.4577       0.129956       0.252032       0.507845E-002            NaN  0.155221                 NaN            NaN            NaN            NaN            NaN            NaN
  1326.01        2500.00        99.4622       0.128057       0.251326       0.465831E-002            NaN  0.153721                 NaN            NaN            NaN            NaN            NaN            NaN
  1324.79        2500.00        99.4665       0.250745       0.125876       0.436674E-002            NaN  0.152472                 NaN            NaN            NaN            NaN            NaN            NaN
  1323.57        2500.00        99.4713       0.124187       0.249610       0.396718E-002            NaN  0.150944                 NaN            NaN            NaN            NaN            NaN            NaN
  1322.34        2500.00        99.4754       0.121908       0.249435       0.359314E-002            NaN  0.149690                 NaN            NaN            NaN            NaN            NaN            NaN
  1321.12        2500.00        80.6776        2.18318        2.93720       0.352487                 NaN   2.38389        11.4657                 NaN            NaN            NaN            NaN            NaN
  1319.90        2500.00        77.7046        2.53453        3.28045       0.423546                 NaN   2.71730        13.3396                 NaN            NaN            NaN            NaN            NaN
  1318.68        2500.00        82.3326        2.03323        2.57691       0.346446                 NaN   2.15516        10.5556                 NaN            NaN            NaN            NaN            NaN
  1317.46        2500.00        85.4855        1.68656        2.10669       0.291982                 NaN   1.77293        8.65634                 NaN            NaN            NaN            NaN            NaN
  1316.24        2500.00        87.7501        1.43391        1.77443       0.252110                 NaN   1.49868        7.29079                 NaN            NaN            NaN            NaN            NaN
  1315.02        2500.00        89.4412        1.53035        1.24300       0.221585                 NaN   1.29399        6.26986                 NaN            NaN            NaN            NaN            NaN
  1313.80        2500.00        90.7462        1.34557        1.09464       0.197056                 NaN   1.13618        5.48041                 NaN            NaN            NaN            NaN            NaN
  1312.58        2500.00        91.7736        1.20241       0.976560       0.177392                 NaN   1.01202        4.85797                 NaN            NaN            NaN            NaN            NaN
  1311.36        2500.00        92.6055        1.08786       0.880316       0.161239                 NaN  0.911405        4.35371                 NaN            NaN            NaN            NaN            NaN
  1310.13        2500.00        93.2914       0.800338       0.994663       0.147621                 NaN  0.828360        3.93759                 NaN            NaN            NaN            NaN            NaN
  1308.91        2500.00        93.8595       0.919418       0.733487       0.135960                 NaN  0.759606        3.59208                 NaN            NaN            NaN            NaN            NaN
  1307.69        2500.00        94.3406       0.676581       0.856635       0.125788                 NaN  0.701467        3.29889                 NaN            NaN            NaN            NaN            NaN
  1306.47        2500.00        94.7544       0.627537       0.803027       0.117064                 NaN  0.651137        3.04685                 NaN            NaN            NaN            NaN            NaN
  1305.25        2500.00        95.1082       0.757123       0.585406       0.109571                 NaN  0.608180        2.83148                 NaN            NaN            NaN            NaN            NaN
  1304.03        2500.00        95.4165       0.547715       0.720080       0.102421                 NaN  0.570874        2.64245                 NaN            NaN            NaN            NaN            NaN
  1302.81        2500.00        95.6889       0.515486       0.685770       0.963332E-001            NaN  0.537586        2.47596                 NaN            NaN            NaN            NaN            NaN
  1301.59        2500.00        95.9252       0.657202       0.486684       0.908912E-001            NaN  0.508830        2.33117                 NaN            NaN            NaN            NaN            NaN
  1300.37        2500.00        96.1366       0.631629       0.461234       0.859553E-001            NaN  0.482993        2.20160                 NaN            NaN            NaN            NaN            NaN
  1299.15        2500.00        96.3264       0.609443       0.438121       0.813396E-001            NaN  0.459832        2.08484                 NaN            NaN            NaN            NaN            NaN
  1297.92        2500.00        96.4984       0.416868       0.589437       0.772271E-001            NaN  0.438683        1.97935                 NaN            NaN            NaN            NaN            NaN
  1296.70        2500.00        96.6483       0.573177       0.397822       0.733867E-001            NaN  0.420384        1.88697                 NaN            NaN            NaN            NaN            NaN
  1295.48        2500.00        96.7923       0.556063       0.380707       0.698766E-001            NaN  0.402533        1.79856                 NaN            NaN            NaN            NaN            NaN
  1294.26        2500.00        96.9168       0.365041       0.542779       0.666589E-001            NaN  0.387218        1.72148                 NaN            NaN            NaN            NaN            NaN
  1293.04        2500.00        97.0326       0.350465       0.530089       0.636552E-001            NaN  0.372863        1.65036                 NaN            NaN            NaN            NaN            NaN
  1291.82        2500.00        97.1401       0.336937       0.518623       0.609084E-001            NaN  0.359568        1.58383                 NaN            NaN            NaN            NaN            NaN
  1290.60        2500.00        97.2367       0.508122       0.325185       0.582941E-001            NaN  0.347639        1.52409                 NaN            NaN            NaN            NaN            NaN
  1289.38        2500.00        97.3273       0.314353       0.497975       0.559288E-001            NaN  0.336227        1.46821                 NaN            NaN            NaN            NaN            NaN
  1288.16        2500.00        97.4122       0.303071       0.489785       0.535614E-001            NaN  0.325660        1.41576                 NaN            NaN            NaN            NaN            NaN
  1286.94        2500.00        97.4894       0.481973       0.293277       0.514489E-001            NaN  0.316046        1.36785                 NaN            NaN            NaN            NaN            NaN
  1285.71        2500.00        97.5613       0.475198       0.284135       0.494005E-001            NaN  0.307105        1.32288                 NaN            NaN            NaN            NaN            NaN
  1284.49        2500.00        96.6298       0.435351                 NaN  0.804319E-001            NaN  0.202558        2.02819       0.585744       0.378778E-001            NaN            NaN            NaN
  1283.27        2500.00        95.8300                 NaN            NaN  0.393760E-001            NaN  0.209934        2.66633       0.810969       0.141712       0.301684                 NaN            NaN
  1282.05        2500.00        95.6303                 NaN            NaN  0.269962E-001            NaN  0.232395        2.76878       0.815342       0.149199       0.376961                 NaN            NaN
  1280.83        2500.00        95.6474                 NaN            NaN  0.311421E-001            NaN  0.212820        2.75929       0.841445       0.138740       0.369172                 NaN            NaN
  1279.61        2500.00        90.2434                 NaN            NaN  0.276856E-001            NaN  0.385737        5.52834        1.71614       0.251756       0.745200        1.10172                 NaN
  1278.39        2500.00        83.4258                 NaN            NaN  0.424990E-001            NaN  0.628209        9.18960        2.89638       0.403741        1.22930        2.18444                 NaN
  1277.17        2500.00        90.4550                 NaN            NaN  0.188629E-001            NaN  0.360711        5.32550        1.63536       0.238126       0.713233        1.25325                 NaN
  1275.95        2500.00        88.4948                 NaN            NaN  0.208919E-001            NaN  0.434189        6.39112        1.99117       0.282458       0.863746        1.52165                 NaN
  1274.73        2500.00        89.4518                 NaN            NaN  0.189753E-001            NaN  0.396213        5.86366        1.82345       0.258608       0.790167        1.39714                 NaN
  1273.50        2500.00        90.1295                 NaN            NaN  0.633750E-001            NaN  0.347666        5.51086        1.77296       0.202760       0.679357        1.29352                 NaN
  1272.28        2500.00        91.0125                 NaN            NaN            NaN            NaN  0.337742        5.01380        1.51726       0.236904       0.687034        1.19480                 NaN
  1271.06        2500.00        91.6142                 NaN            NaN            NaN            NaN  0.316583        4.66840        1.41934       0.215615       0.645695        1.12013                 NaN
  1269.84        2500.00        91.8387                 NaN            NaN            NaN            NaN  0.305422        4.55395        1.37718       0.211029       0.623159        1.09059                 NaN
  1268.62        2500.00        91.6664        1.66614                 NaN            NaN            NaN  0.784526        3.87763                 NaN  0.343007       0.321745        1.34060                 NaN
  1267.40        2500.00        83.0272        3.43659                 NaN  0.375553E-001            NaN   1.61112        7.91974                 NaN  0.659475       0.586289        2.72201                 NaN
  1266.18        2500.00        99.9999                 NaN            NaN            NaN            NaN  0.688792E-005  0.247531E-004  0.125114E-004            NaN  0.566089E-005  0.491452E-005            NaN
  1264.96        2500.00        99.9990                 NaN            NaN            NaN            NaN  0.292320E-004  0.574767E-003  0.189131E-003  0.230643E-004  0.785602E-004  0.130225E-003            NaN
  1263.74        2500.00        87.5806        1.31253        1.90080                 NaN            NaN   1.11321        5.44654       0.252571       0.353035                 NaN   2.04071                 NaN
  1262.52        2500.00        89.8406        1.93874                 NaN            NaN            NaN  0.613025        4.82006        1.02092       0.203061                 NaN   1.56364                 NaN
  1261.29        2500.00        92.3586        1.43823                 NaN  0.546368E-001            NaN  0.734824        3.65778                 NaN  0.236931       0.333315        1.18563                 NaN
  1260.07        2500.00        99.9999       0.191365E-004  0.213037E-004            NaN            NaN  0.142518E-004  0.630417E-004            NaN  0.444650E-005            NaN  0.243213E-004            NaN
  1258.85        2500.00       100.0000                 NaN            NaN            NaN            NaN            NaN  0.773030E-005            NaN            NaN            NaN  0.122176E-005            NaN
  1257.63        2500.00        68.3251        3.65942        4.43155                 NaN            NaN   2.90110        14.3955       0.187463       0.923566                 NaN   5.17629                 NaN
  1256.41        2500.00        99.9999       0.230698E-005            NaN            NaN            NaN            NaN  0.725708E-004  0.402124E-004  0.224550E-005            NaN  0.147695E-004            NaN
  1255.19        2500.00        89.5727        1.75950       0.710630E-004            NaN            NaN  0.544490        5.33423       0.978132       0.207578                 NaN   1.60329                 NaN
  1253.97        2500.00                 NaN   3.27704        15.6858                 NaN            NaN   6.33456        45.8990        5.81905        2.10925                 NaN   15.0899        5.78545     
  1252.75        2500.00                 NaN   3.27704        15.6858                 NaN            NaN   6.33456        45.9240        5.81905        2.10925                 NaN   15.1020        5.74838     
  1251.53        2500.00                 NaN   3.27704        15.6858                 NaN            NaN   6.33456        45.9491        5.81905        2.10925                 NaN   15.1141        5.71111     
  1250.31        2500.00                 NaN   3.27704        15.6858                 NaN            NaN   6.33456        45.9744        5.81905        2.10925                 NaN   15.1263        5.67366     
  1249.08        2500.00                 NaN   3.27704        15.6858                 NaN            NaN   6.33456        45.9998        5.81905        2.10925                 NaN   15.1385        5.63601     
  1247.86        2500.00                 NaN   3.27704        15.6858                 NaN            NaN   6.33456        46.0253        5.81905        2.10925                 NaN   15.1509        5.59817     
  1246.64        2500.00                 NaN   3.27704        15.6858                 NaN            NaN   6.33456        46.0510        5.81905        2.10925                 NaN   15.1632        5.56012     
  1245.42        2500.00                 NaN   3.27704        15.6858                 NaN            NaN   6.33456        46.0768        5.81905        2.10925                 NaN   15.1757        5.52181     
  1244.20        2500.00                 NaN   3.27704        15.6858                 NaN            NaN   6.33456        46.1029        5.81905        2.10925                 NaN   15.1883        5.48321     
  1242.98        2500.00                 NaN   3.27704        15.6858                 NaN            NaN   6.33456        46.1290        5.81905        2.10925                 NaN   15.2009        5.44441     
  1241.76        2500.00                 NaN   3.27704        15.6858                 NaN            NaN   6.33456        46.1553        5.81905        2.10925                 NaN   15.2136        5.40540     
  1240.54        2500.00                 NaN   3.27704        15.6858                 NaN            NaN   6.33456        46.1818        5.81905        2.10925                 NaN   15.2263        5.36620     
  1239.32        2500.00                 NaN   3.27704        15.6858                 NaN            NaN   6.33456        46.2084        5.81905        2.10925                 NaN   15.2392        5.32678     
  1238.10        2500.00                 NaN   3.27704        15.6858                 NaN            NaN   6.33456        46.2351        5.81905        2.10925                 NaN   15.2521        5.28716     
  1236.87        2500.00                 NaN   3.27704        15.6858                 NaN            NaN   6.33456        46.2620        5.81905        2.10925                 NaN   15.2650        5.24733     
  1235.65        2500.00                 NaN   3.27704        15.6858                 NaN            NaN   6.33456        46.2890        5.81905        2.10925                 NaN   15.2781        5.20722     
  1234.43        2500.00                 NaN   3.27704        15.6858                 NaN            NaN   6.33456        46.3163        5.81905        2.10925                 NaN   15.2912        5.16679     
  1233.21        2500.00                 NaN   3.27704        15.6858                 NaN            NaN   6.33456        46.3437        5.81905        2.10925                 NaN   15.3045        5.12615     
  1231.99        2500.00                 NaN   3.27704        15.6858                 NaN            NaN   6.33456        46.3713        5.81905        2.10925                 NaN   15.3178        5.08529     
  1230.77        2500.00                 NaN   3.27704        15.6858                 NaN            NaN   6.33456        46.3990        5.81905        2.10925                 NaN   15.3311        5.04421     
  1229.55        2500.00                 NaN   3.27704        15.6858                 NaN            NaN   6.33456        46.4268        5.81905        2.10925                 NaN   15.3446        5.00291     
  1228.33        2500.00                 NaN   3.27704        15.6858                 NaN            NaN   6.33456        46.4548        5.81905        2.10925                 NaN   15.3581        4.96140     
  1227.11        2500.00                 NaN   3.27704        15.6858                 NaN            NaN   6.33456        46.4830        5.81905        2.10925                 NaN   15.3717        4.91967     
  1225.89        2500.00                 NaN   5.42370        14.6489                 NaN            NaN   7.14791        46.0110        4.28079        2.33419                 NaN   15.5443        4.60920     
  1224.66        2500.00                 NaN   5.46881        14.6291                 NaN            NaN   7.18059        46.0156        4.23454        2.34290                 NaN   15.5624        4.56603     
  1223.44        2500.00                 NaN   5.35579        14.7566                 NaN            NaN   7.20813        46.0160        4.23022        2.33752                 NaN   15.5757        4.52001     
  1222.22        2500.00                 NaN   5.41186        14.7349                 NaN            NaN   7.24298        46.0187        4.17460        2.34688                 NaN   15.5939        4.47619     
  1221.00        2500.00                 NaN   5.46764        14.7137                 NaN            NaN   7.27807        46.0213        4.11857        2.35628                 NaN   15.6123        4.43214     
  1219.78        2500.00                 NaN   5.42753        14.4762                 NaN            NaN   7.11303        46.1347        4.47596        2.30658                 NaN   15.5981        4.46791     
  1218.56        2500.00                 NaN   5.49302        14.4349                 NaN            NaN   7.13792        46.1453        4.43517        2.31376                 NaN   15.6152        4.42471     
  1217.34        2500.00                 NaN   3.27704        15.6858                 NaN            NaN   6.33456        46.7147        5.81905        2.10925                 NaN   15.4835        4.57616     
  1216.12        2500.00                 NaN   3.27704        15.6858                 NaN            NaN   6.33456        46.7444        5.81905        2.10925                 NaN   15.4978        4.53210     
  1214.90        2500.00                 NaN   3.27704        15.6858                 NaN            NaN   6.33456        46.7744        5.81905        2.10925                 NaN   15.5123        4.48766     
  1213.68        2500.00                 NaN   3.27705        15.6858                 NaN            NaN   6.33457        46.8046        5.81904        2.10925                 NaN   15.5268        4.44297     
  1212.45        2500.00                 NaN   5.72643        14.6051                 NaN            NaN   7.49232        46.0741        3.82755        2.41275                 NaN   15.7424        4.11949     
  1211.23        2500.00                 NaN   5.72012        14.6377                 NaN            NaN   7.52580        46.0772        3.78822        2.41788                 NaN   15.7601        4.07302     
  1210.01        2500.00                 NaN   5.71419        14.6700                 NaN            NaN   7.55936        46.0804        3.74886        2.42299                 NaN   15.7779        4.02631     
  1208.79        2500.00                 NaN   5.78112        14.6469                 NaN            NaN   7.59850        46.0811        3.68153        2.43382                 NaN   15.7973        3.97980     
  1207.57        2500.00                 NaN   5.85707        14.6180                 NaN            NaN   7.63892        46.0810        3.60956        2.44543                 NaN   15.8169        3.93307     
  1206.35        2500.00                 NaN   5.92478        14.5947                 NaN            NaN   7.67833        46.0817        3.54149        2.45637                 NaN   15.8364        3.88617     
  1205.13        2500.00                 NaN   6.00787        14.5660                 NaN            NaN   7.71596        46.0839        3.46270        2.46882                 NaN   15.8560        3.83871     
  1203.91        2500.00                 NaN   6.12707        14.5644                 NaN            NaN   7.78476        46.0524        3.32975        2.48082                 NaN   15.8737        3.78708     
  1202.69        2500.00                 NaN   6.17798        14.5493                 NaN            NaN   7.82048        46.0566        3.27348        2.48994                 NaN   15.8931        3.73912     
  1201.47        2500.00                 NaN   6.23668        14.5287                 NaN            NaN   7.85708        46.0604        3.21360        2.49977                 NaN   15.9128        3.69098     
  1200.24        2500.00                 NaN   6.28892        14.5138                 NaN            NaN   7.89355        46.0642        3.15548        2.50913                 NaN   15.9324        3.64254     
  1199.02        2500.00                 NaN   6.35325        14.4903                 NaN            NaN   7.93170        46.0673        3.09125        2.51974                 NaN   15.9525        3.59401     
  1197.80        2500.00                 NaN   6.39745        14.4800                 NaN            NaN   7.96632        46.0727        3.03869        2.52806                 NaN   15.9719        3.54496     
  1196.58        2500.00                 NaN   6.80188        14.4383                 NaN            NaN   8.28483        45.8535        2.57693        2.60025                 NaN   16.0301        3.41415     
  1195.36        2500.00                 NaN   14.4533        6.49900                 NaN            NaN   8.03951        46.0812        2.92278        2.54653                 NaN   16.0116        3.44604     
  1194.14        2500.00                 NaN   6.70171        14.3355                 NaN            NaN   8.10981        46.0698        2.75408        2.58217                 NaN   16.0427        3.40427     
  1192.92        2500.00                 NaN   6.61687        14.3610                 NaN            NaN   8.09473        46.1146        2.83987        2.56858                 NaN   16.0550        3.34936     
  1191.70        2500.00                 NaN   6.68649        14.3336                 NaN            NaN   8.13231        46.1191        2.77499        2.57916                 NaN   16.0755        3.29893     
  1190.48        2500.00                 NaN   14.3066        6.75563                 NaN            NaN   8.16993        46.1236        2.71015        2.58972                 NaN   16.0960        3.24826     
  1189.26        2500.00                 NaN   14.2802        6.82430                 NaN            NaN   8.20759        46.1283        2.64536        2.60026                 NaN   16.1166        3.19733     
  1188.03        2500.00                 NaN   6.89026        14.2563                 NaN            NaN   8.24533        46.1330        2.58112        2.61061                 NaN   16.1372        3.14613     
  1186.81        2500.00                 NaN   6.93426        14.2530                 NaN            NaN   8.28339        46.1365        2.52179        2.61927                 NaN   16.1574        3.09440     
  1185.59        2500.00                 NaN   14.2497        6.97809                 NaN            NaN   8.32139        46.1404        2.46263        2.62791                 NaN   16.1777        3.04216     
  1184.37        2500.00                 NaN   7.02180        14.2465                 NaN            NaN   8.35944        46.1444        2.40347        2.63654                 NaN   16.1981        2.98967     
  1183.15        2500.00                 NaN   7.06540        14.2436                 NaN            NaN   8.39756        46.1485        2.34433        2.64515                 NaN   16.2185        2.93692     
  1181.93        2500.00                 NaN   14.2407        7.10889                 NaN            NaN   8.43573        46.1528        2.28518        2.65375                 NaN   16.2391        2.88391     
  1180.71        2500.00                 NaN   7.15226        14.2380                 NaN            NaN   8.47396        46.1571        2.22604        2.66235                 NaN   16.2597        2.83064     
  1179.49        2500.00                 NaN   14.2354        7.19552                 NaN            NaN   8.51224        46.1615        2.16691        2.67093                 NaN   16.2804        2.77711     
  1178.27        2500.00                 NaN   14.2330        7.23867                 NaN            NaN   8.55059        46.1660        2.10778        2.67949                 NaN   16.3011        2.72332     
  1177.05        2500.00                 NaN   7.28171        14.2307                 NaN            NaN   8.58898        46.1707        2.04866        2.68805                 NaN   16.3220        2.66926     
  1175.82        2500.00                 NaN   7.32457        14.2285                 NaN            NaN   8.62729        46.1757        1.98974        2.69658                 NaN   16.3430        2.61463     
  1174.60        2500.00                 NaN   7.36731        14.2264                 NaN            NaN   8.66566        46.1809        1.93082        2.70509                 NaN   16.3641        2.55974     
  1173.38        2500.00                 NaN   14.2244        7.40996                 NaN            NaN   8.70408        46.1862        1.87191        2.71360                 NaN   16.3853        2.50457     
  1172.16        2500.00                 NaN   7.50004        14.2063                 NaN            NaN   8.75944        46.1787        1.76550        2.73003                 NaN   16.4091        2.45090     
  1170.94        2500.00                 NaN   14.2598        7.65158                 NaN            NaN   8.94807        46.0807        1.42950        2.78992                 NaN   16.4543        2.38613     
  1169.72        2500.00                 NaN   13.9651        7.96115                 NaN            NaN   8.99525        46.0698        1.39734        2.79583                 NaN   16.4784        2.33714     
  1168.50        2500.00                 NaN   7.56111        14.2414                 NaN            NaN   8.86166        46.2035        1.63634        2.74549                 NaN   16.4698        2.28061     
  1167.28        2500.00                 NaN   7.64217        14.2021                 NaN            NaN   8.89631        46.2147        1.57007        2.75706                 NaN   16.4926        2.22501     
  1166.06        2500.00                 NaN   7.66425        14.2150                 NaN            NaN   8.93549        46.2209        1.51855        2.76428                 NaN   16.5141        2.16745     
  1164.84        2500.00                 NaN   14.2317        7.69244                 NaN            NaN   8.97645        46.2234        1.46000        2.77103                 NaN   16.5350        2.10997     
  1163.61        2500.00                 NaN   7.74807        14.2134                 NaN            NaN   9.01357        46.2333        1.40035        2.78117                 NaN   16.5579        2.05231     
  1162.39        2500.00                 NaN   7.78880        14.2126                 NaN            NaN   9.05182        46.2404        1.34267        2.78946                 NaN   16.5798        1.99445     
  1161.17        2500.00                 NaN   14.2119        7.83029                 NaN            NaN   9.09065        46.2473        1.28404        2.79781                 NaN   16.6019        1.93619     
  1159.95        2500.00                 NaN   7.87171        14.2113                 NaN            NaN   9.12952        46.2542        1.22542        2.80615                 NaN   16.6240        1.87764     
  1158.73        2500.00                 NaN   7.91302        14.2109                 NaN            NaN   9.16841        46.2613        1.16684        2.81447                 NaN   16.6463        1.81881     
  1157.51        2500.00                 NaN   14.2106        7.95424                 NaN            NaN   9.20735        46.2685        1.10827        2.82277                 NaN   16.6686        1.75968     
  1156.29        2500.00                 NaN   8.46353        13.9254                 NaN            NaN   9.39970        46.1804       0.703382        2.90463                 NaN   16.7207        1.70214     
  1155.07        2500.00                 NaN   14.2103        8.03636                 NaN            NaN   9.28531        46.2839       0.991244        2.83931                 NaN   16.7137        1.63989     
  1153.85        2500.00                 NaN   8.07727        14.2104                 NaN            NaN   9.32436        46.2917       0.932758        2.84756                 NaN   16.7364        1.57955     
  1152.63        2500.00                 NaN   14.2105        8.11807                 NaN            NaN   9.36343        46.2998       0.874311        2.85579                 NaN   16.7592        1.51890     
  1151.40        2500.00                 NaN   8.46924        13.9232                 NaN            NaN   9.40172        46.3345       0.697770        2.90567                 NaN   16.7961        1.47175     
  1150.18        2500.00                 NaN   8.46925        13.9232                 NaN            NaN   9.40173        46.3739       0.697761        2.90567                 NaN   16.8151        1.41331     
  1148.96        2500.00                 NaN   8.62307        13.8974                 NaN            NaN   9.52254        46.3145       0.522954        2.92809                 NaN   16.8446        1.34691     
  1147.74        2500.00                 NaN   8.62303        13.8974                 NaN            NaN   9.52253        46.3543       0.522992        2.92808                 NaN   16.8638        1.28792     
  1146.52        2500.00                 NaN   13.9534        8.65683                 NaN            NaN   9.60402        46.3350       0.380289        2.95293                 NaN   16.8944        1.22318     
  1145.30        2500.00                 NaN   13.9534        8.65684                 NaN            NaN   9.60402        46.3753       0.380283        2.95293                 NaN   16.9139        1.16333     
  1144.08        2500.00                 NaN   8.75533        13.9627                 NaN            NaN   9.71700        46.3185       0.238852        2.96828                 NaN   16.9406        1.09870     
  1142.86        2500.00                 NaN   8.75537        13.9627                 NaN            NaN   9.71701        46.3592       0.238829        2.96828                 NaN   16.9602        1.03832     
  1141.64        2500.00                 NaN   8.75537        13.9627                 NaN            NaN   9.71701        46.4002       0.238830        2.96828                 NaN   16.9800       0.977627     
  1140.42        2500.00                 NaN   8.51766        14.2268                 NaN            NaN   9.75902        46.3860       0.288102        2.93681                 NaN   16.9920       0.893590     
  1139.19        2500.00                 NaN   8.56004        14.2291                 NaN            NaN   9.80031        46.3942       0.225738        2.94529                 NaN   17.0159       0.829346     
  1137.97        2500.00                 NaN   8.59948        14.2322                 NaN            NaN   9.84056        46.4034       0.166514        2.95331                 NaN   17.0398       0.764690     
  1136.75        2500.00                 NaN   14.2553        8.58446                 NaN            NaN   9.85971        46.4289       0.160822        2.95181                 NaN   17.0612       0.697881     
  1135.53        2500.00                 NaN   8.45817        14.3201                 NaN            NaN   9.83644        46.4874       0.263061        2.93105                 NaN   17.0778       0.625992     
  1134.31        2500.00                 NaN   8.69380        14.2540                 NaN            NaN   9.95438        46.4377       0.890027E-002   2.97330                 NaN   17.1113       0.566663     
  1133.09        2500.00                 NaN   8.68172        14.2770                 NaN            NaN   9.97511        46.4625                 NaN   2.97213                 NaN   17.1331       0.498464     
  1131.87        2500.00                 NaN   8.65793        14.3049                 NaN            NaN   9.99247        46.4905                 NaN   2.96956                 NaN   17.1548       0.429851     
  1130.65        2500.00                 NaN   8.64484        14.3283                 NaN            NaN   10.0098        46.5167                 NaN   2.96575                 NaN   17.1752       0.359340     
  1129.43        2500.00                 NaN   8.72830        14.1911                 NaN            NaN   9.98775        46.5832                 NaN   2.98140                 NaN   17.1980       0.330224     
  1128.21        2500.00                 NaN   8.41544        14.4505                 NaN            NaN   9.98761        46.6309       0.126645        2.94592                 NaN   17.2204       0.222601     
  1126.98        2500.00                 NaN   8.47350        14.4493                 NaN            NaN   10.0364        46.6354       0.474190E-001   2.95697                 NaN   17.2461       0.154975     
  1125.76        2500.00                 NaN   8.54473        14.4450                 NaN            NaN   10.0812        46.6300                 NaN   2.95506                 NaN   17.2641       0.799767E-001
  1124.54        2500.00                 NaN   14.4889        8.50595                 NaN            NaN   10.1039        46.6509                 NaN   2.95181                 NaN   17.2846       0.140112E-001
  1123.32        2500.00                 NaN   14.5231        8.47681                 NaN            NaN   10.1234        46.6397                 NaN   2.94871                 NaN   17.2883                 NaN
  1122.10        2500.00                 NaN   8.45153        14.5533                 NaN            NaN   10.1419        46.6202                 NaN   2.94568                 NaN   17.2875                 NaN
  1120.88        2500.00                 NaN   8.42953        14.5801                 NaN            NaN   10.1595        46.6015                 NaN   2.94269                 NaN   17.2867                 NaN
  1119.66        2500.00                 NaN   14.6041        8.41036                 NaN            NaN   10.1763        46.5836                 NaN   2.93974                 NaN   17.2859                 NaN
  1118.44        2500.00                 NaN   14.6189        8.39884                 NaN            NaN   10.1918        46.5672                 NaN   2.93767                 NaN   17.2856                 NaN
  1117.22        2500.00                 NaN   14.6494        8.37759                 NaN            NaN   10.2101        46.5450                 NaN   2.93383                 NaN   17.2840                 NaN
  1116.00        2500.00                 NaN   14.6751        8.35001                 NaN            NaN   10.2298        46.5284                 NaN   2.93213                 NaN   17.2846                 NaN
  1114.77        2500.00                 NaN   8.32140        14.7078                 NaN            NaN   10.2487        46.5087                 NaN   2.92917                 NaN   17.2842                 NaN
  1113.55        2500.00                 NaN   14.7316        8.30415                 NaN            NaN   10.2676        46.4880                 NaN   2.92591                 NaN   17.2827                 NaN
  1112.33        2500.00                 NaN   14.7647        8.27743                 NaN            NaN   10.2863        46.4674                 NaN   2.92249                 NaN   17.2817                 NaN
  1111.11        2500.00                 NaN   14.7962        8.25218                 NaN            NaN   10.3049        46.4470                 NaN   2.91898                 NaN   17.2807                 NaN
  1109.89        2500.00                 NaN   14.8272        8.22273                 NaN            NaN   10.3251        46.4277                 NaN   2.91650                 NaN   17.2808                 NaN
  1108.67        2500.00                 NaN   8.13369        14.9052                 NaN            NaN   10.4077        46.3604                 NaN   2.90579                 NaN   17.2871                 NaN
  1107.45        2500.00                 NaN   8.12974        14.9099                 NaN            NaN   10.4120        46.3561                 NaN   2.90500                 NaN   17.2871                 NaN
  1106.23        2500.00                 NaN   8.15079        14.9122                 NaN            NaN   10.3814        46.3697                 NaN   2.90673                 NaN   17.2791                 NaN
  1105.01        2500.00                 NaN   8.07493        14.9584                 NaN            NaN   10.4328        46.3400                 NaN   2.90435                 NaN   17.2895                 NaN
  1103.79        2500.00                 NaN   8.08576        14.9897                 NaN            NaN   10.4236        46.3238                 NaN   2.89993                 NaN   17.2772                 NaN
  1102.56        2500.00                 NaN   8.07492        14.9584                 NaN            NaN   10.4328        46.3400                 NaN   2.90435                 NaN   17.2895                 NaN
  1101.34        2500.00                 NaN   15.0427        7.97987                 NaN            NaN   10.4467        46.3323                 NaN   2.90598                 NaN   17.2925                 NaN
  1100.12        2500.00                 NaN   15.0427        7.97987                 NaN            NaN   10.4467        46.3323                 NaN   2.90598                 NaN   17.2925                 NaN
  1098.90        2500.00                 NaN   7.98655        15.1155                 NaN            NaN   10.5034        46.2372                 NaN   2.88522                 NaN   17.2723                 NaN
  1097.68        2500.00                 NaN   15.1474        7.96046                 NaN            NaN   10.5235        46.2157                 NaN   2.88162                 NaN   17.2713                 NaN
  1096.46        2500.00                 NaN   7.92070        15.1823                 NaN            NaN   10.5361        46.2071                 NaN   2.88121                 NaN   17.2727                 NaN
  1095.24        2500.00                 NaN   15.2281        7.87292                 NaN            NaN   10.5559        46.1894                 NaN   2.87902                 NaN   17.2746                 NaN
  1094.02        2500.00                 NaN   15.1745        7.90485                 NaN            NaN   10.5944        46.1643                 NaN   2.88222                 NaN   17.2798                 NaN
  1092.80        2500.00                 NaN   15.2179        7.86544                 NaN            NaN   10.6020        46.1555                 NaN   2.87928                 NaN   17.2799                 NaN
  1091.58        2500.00                 NaN   15.2404        7.83969                 NaN            NaN   10.6652        46.0993                 NaN   2.87349                 NaN   17.2819                 NaN
  1090.35        2500.00                 NaN   15.3516        7.79706                 NaN            NaN   10.6460        46.0825                 NaN   2.85820                 NaN   17.2646                 NaN
  1089.13        2500.00                 NaN   15.2573        7.86297                 NaN            NaN   10.6924        46.0531                 NaN   2.86344                 NaN   17.2708                 NaN
  1087.91        2500.00                 NaN   7.84755        15.2375                 NaN            NaN   10.6875        46.0758                 NaN   2.87196                 NaN   17.2797                 NaN
  1086.69        2500.00                 NaN   7.83637        15.2573                 NaN            NaN   10.6969        46.0623                 NaN   2.86972                 NaN   17.2774                 NaN
  1085.47        2500.00                 NaN   7.89587        15.1958                 NaN            NaN   10.6915        46.0682                 NaN   2.87152                 NaN   17.2771                 NaN
  1084.25        2500.00                 NaN   7.79021        15.3137                 NaN            NaN   10.7156        46.0402                 NaN   2.86408                 NaN   17.2763                 NaN
  1083.03        2500.00                 NaN   7.62401        15.5542                 NaN            NaN   10.8593        45.8752                 NaN   2.82362                 NaN   17.2637                 NaN
  1081.81        2500.00                 NaN   7.62401        15.5542                 NaN            NaN   10.8593        45.8752                 NaN   2.82362                 NaN   17.2637                 NaN
  1080.59        2500.00                 NaN   7.62401        15.5542                 NaN            NaN   10.8593        45.8752                 NaN   2.82362                 NaN   17.2637                 NaN
  1079.37        2500.00                 NaN   7.62401        15.5542                 NaN            NaN   10.8593        45.8752                 NaN   2.82362                 NaN   17.2637                 NaN
  1078.14        2500.00                 NaN   7.62401        15.5542                 NaN            NaN   10.8593        45.8752                 NaN   2.82362                 NaN   17.2637                 NaN
  1076.92        2500.00                 NaN   15.6280        7.59714                 NaN            NaN   10.8382        45.8725                 NaN   2.81345                 NaN   17.2508                 NaN
  1075.70        2500.00                 NaN   7.52436        15.7012                 NaN            NaN   10.8637        45.8482                 NaN   2.81209                 NaN   17.2504                 NaN
  1074.48        2500.00                 NaN   7.52436        15.7012                 NaN            NaN   10.8637        45.8482                 NaN   2.81209                 NaN   17.2504                 NaN
  1073.26        2500.00                 NaN   15.8787        7.39935                 NaN            NaN   10.9502        45.7394                 NaN   2.79213                 NaN   17.2401                 NaN
  1072.04        2500.00                 NaN   15.8703        7.40233                 NaN            NaN   10.9684        45.7252                 NaN   2.79209                 NaN   17.2417                 NaN
  1070.82        2500.00                 NaN   15.8537        7.41200                 NaN            NaN   10.9795        45.7179                 NaN   2.79326                 NaN   17.2436                 NaN
  1069.60        2500.00                 NaN   15.9880        7.31749                 NaN            NaN   11.0167        45.6653                 NaN   2.77755                 NaN   17.2350                 NaN
  1068.38        2500.00                 NaN   7.28493        16.0295                 NaN            NaN   11.0395        45.6400                 NaN   2.77254                 NaN   17.2336                 NaN
  1067.16        2500.00                 NaN   16.0221        7.28259                 NaN            NaN   11.0513        45.6344                 NaN   2.77372                 NaN   17.2359                 NaN
  1065.93        2500.00                 NaN   16.1080        7.20634                 NaN            NaN   11.0809        45.6032                 NaN   2.76662                 NaN   17.2349                 NaN
  1064.71        2500.00                 NaN   16.1528        7.16144                 NaN            NaN   11.1001        45.5860                 NaN   2.76378                 NaN   17.2359                 NaN
  1063.49        2500.00                 NaN   7.14146        16.1925                 NaN            NaN   11.1258        45.5526                 NaN   2.75619                 NaN   17.2315                 NaN
  1062.27        2500.00                 NaN   7.12347        16.2318                 NaN            NaN   11.1496        45.5197                 NaN   2.74872                 NaN   17.2267                 NaN
  1061.05        2500.00                 NaN   7.09016        16.2843                 NaN            NaN   11.1726        45.4891                 NaN   2.74128                 NaN   17.2225                 NaN
  1059.83        2500.00                 NaN   16.3375        7.04234                 NaN            NaN   11.1973        45.4640                 NaN   2.73645                 NaN   17.2224                 NaN
  1058.61        2500.00                 NaN   16.3817        7.03831                 NaN            NaN   11.2272        45.4159                 NaN   2.72398                 NaN   17.2129                 NaN
  1057.39        2500.00                 NaN   16.4503        6.98667                 NaN            NaN   11.2752        45.3647                 NaN   2.71358                 NaN   17.2096                 NaN
  1056.17        2500.00                 NaN   16.4871        6.94826                 NaN            NaN   11.3033        45.3404                 NaN   2.70993                 NaN   17.2110                 NaN
  1054.95        2500.00                 NaN   6.94603        16.5066                 NaN            NaN   11.2979        45.3358                 NaN   2.70696                 NaN   17.2067                 NaN
  1053.72        2500.00                 NaN   16.5074        6.92204                 NaN            NaN   11.3103        45.3371                 NaN   2.71024                 NaN   17.2128                 NaN
  1052.50        2500.00                 NaN   16.5977        6.88013                 NaN            NaN   11.3462        45.2793                 NaN   2.69453                 NaN   17.2021                 NaN
  1051.28        2500.00                 NaN   16.5212        6.93526                 NaN            NaN   11.3202        45.3131                 NaN   2.70438                 NaN   17.2058                 NaN
  1050.06        2500.00                 NaN   16.5637        6.89124                 NaN            NaN   11.3313        45.3042                 NaN   2.70344                 NaN   17.2062                 NaN
  1048.84        2500.00                 NaN   16.5664        6.90924                 NaN            NaN   11.3374        45.2876                 NaN   2.69808                 NaN   17.2013                 NaN
  1047.62        2500.00                 NaN   16.7720        6.76136                 NaN            NaN   11.4446        45.1630                 NaN   2.66851                 NaN   17.1905                 NaN
  1046.40        2500.00                 NaN   16.8394        6.69441                 NaN            NaN   11.4620        45.1471                 NaN   2.66506                 NaN   17.1920                 NaN
  1045.18        2500.00                 NaN   16.9502        6.62130                 NaN            NaN   11.5329        45.0639                 NaN   2.64718                 NaN   17.1845                 NaN
  1043.96        2500.00                 NaN   16.9943        6.58990                 NaN            NaN   11.5620        45.0316                 NaN   2.63998                 NaN   17.1823                 NaN
  1042.74        2500.00                 NaN   17.0178        6.57385                 NaN            NaN   11.5756        45.0157                 NaN   2.63623                 NaN   17.1809                 NaN
  1041.51        2500.00                 NaN   17.0321        6.58600                 NaN            NaN   11.5953        44.9848                 NaN   2.62824                 NaN   17.1735                 NaN
  1040.29        2500.00                 NaN   17.0562        6.56550                 NaN            NaN   11.5999        44.9785                 NaN   2.62651                 NaN   17.1734                 NaN
  1039.07        2500.00                 NaN   17.0835        6.54705                 NaN            NaN   11.6135        44.9618                 NaN   2.62264                 NaN   17.1715                 NaN
  1037.85        2500.00                 NaN   17.1301        6.49991                 NaN            NaN   11.6321        44.9456                 NaN   2.61874                 NaN   17.1736                 NaN
  1036.63        2500.00                 NaN   17.1766        6.46178                 NaN            NaN   11.6441        44.9303                 NaN   2.61551                 NaN   17.1717                 NaN
  1035.41        2500.00                 NaN   17.2204        6.43244                 NaN            NaN   11.6652        44.9040                 NaN   2.60911                 NaN   17.1688                 NaN
  1034.19        2500.00                 NaN   17.3206        6.38045                 NaN            NaN   11.7202        44.8299                 NaN   2.58999                 NaN   17.1589                 NaN
  1032.97        2500.00                 NaN   6.32077        17.3890                 NaN            NaN   11.7453        44.8032                 NaN   2.58390                 NaN   17.1578                 NaN
  1031.75        2500.00                 NaN   17.4412        6.28626                 NaN            NaN   11.7719        44.7704                 NaN   2.57590                 NaN   17.1543                 NaN
  1030.53        2500.00                 NaN   17.4896        6.27356                 NaN            NaN   11.8065        44.7212                 NaN   2.56327                 NaN   17.1459                 NaN
  1029.30        2500.00                 NaN   17.5423        6.23412                 NaN            NaN   11.8329        44.6911                 NaN   2.55599                 NaN   17.1436                 NaN
  1028.08        2500.00                 NaN   17.5938        6.20035                 NaN            NaN   11.8599        44.6581                 NaN   2.54788                 NaN   17.1399                 NaN
  1026.86        2500.00                 NaN   17.6463        6.16586                 NaN            NaN   11.8871        44.6248                 NaN   2.53967                 NaN   17.1362                 NaN
  1025.64        2500.00                 NaN   17.7206        6.10234                 NaN            NaN   11.9169        44.5932                 NaN   2.53219                 NaN   17.1348                 NaN
  1024.42        2500.00                 NaN   17.7533        6.08122                 NaN            NaN   11.9328        44.5731                 NaN   2.52719                 NaN   17.1324                 NaN
  1023.20        2500.00                 NaN   17.7852        6.06066                 NaN            NaN   11.9481        44.5536                 NaN   2.52233                 NaN   17.1300                 NaN
  1021.98        2500.00                 NaN   17.7976        6.04646                 NaN            NaN   11.9569        44.5474                 NaN   2.52119                 NaN   17.1305                 NaN
  1020.76        2500.00                 NaN   17.8249        6.05697                 NaN            NaN   11.9783        44.5083                 NaN   2.51063                 NaN   17.1209                 NaN
  1019.54        2500.00                 NaN   17.8549        6.03785                 NaN            NaN   11.9925        44.4900                 NaN   2.50602                 NaN   17.1187                 NaN
  1018.32        2500.00                 NaN   17.9101        6.00176                 NaN            NaN   12.0184        44.4571                 NaN   2.49758                 NaN   17.1150                 NaN
  1017.09        2500.00                 NaN   18.1293        5.85801                 NaN            NaN   12.1242        44.3248                 NaN   2.46303                 NaN   17.1007                 NaN
  1015.87        2500.00                 NaN   18.2269        5.76012                 NaN            NaN   12.1629        44.2902                 NaN   2.45759                 NaN   17.1023                 NaN
  1014.65        2500.00                 NaN   18.2169        5.80343                 NaN            NaN   12.1661        44.2707                 NaN   2.44902                 NaN   17.0938                 NaN
  1013.43        2500.00                 NaN   18.2886        5.73408                 NaN            NaN   12.1885        44.2500                 NaN   2.44367                 NaN   17.0952                 NaN
  1012.21        2500.00                 NaN   5.71927        18.3499                 NaN            NaN   12.2265        44.1922                 NaN   2.42805                 NaN   17.0841                 NaN
  1010.99        2500.00                 NaN   18.4141        5.67714                 NaN            NaN   12.2563        44.1546                 NaN   2.41805                 NaN   17.0798                 NaN
  1009.77        2500.00                 NaN   18.4664        5.64279                 NaN            NaN   12.2828        44.1220                 NaN   2.40958                 NaN   17.0765                 NaN
  1008.55        2500.00                 NaN   18.5259        5.60421                 NaN            NaN   12.3113        44.0861                 NaN   2.40006                 NaN   17.0725                 NaN
  1007.33        2500.00                 NaN   18.6013        5.56436                 NaN            NaN   12.3455        44.0379                 NaN   2.38678                 NaN   17.0641                 NaN
  1006.11        2500.00                 NaN   18.6530        5.53224                 NaN            NaN   12.3718        44.0046                 NaN   2.37803                 NaN   17.0604                 NaN
  1004.88        2500.00                 NaN   18.7129        5.48696                 NaN            NaN   12.3995        43.9725                 NaN   2.36959                 NaN   17.0585                 NaN
  1003.66        2500.00                 NaN   5.45262        18.7779                 NaN            NaN   12.4305        43.9296                 NaN   2.35785                 NaN   17.0515                 NaN
  1002.44        2500.00                 NaN   18.8525        5.40457                 NaN            NaN   12.4632        43.8874                 NaN   2.34613                 NaN   17.0462                 NaN
  1001.22        2500.00                 NaN   18.9192        5.36389                 NaN            NaN   12.4939        43.8472                 NaN   2.33511                 NaN   17.0408                 NaN
