T(K)	P(bar)	SiO2	TiO2	Al2O3	Cr2O3	FeO	MnO	MgO	CaO	Na2O	K2O	NiO
  1461.54      2500.00     0.263189     0.325457E-02 0.379290E-01 0.301454E-03 0.756543E-01  0.00000     0.681666E-01 0.609583E-01 0.103255E-01 0.212310E-03  0.00000    
  1460.38      2500.00     0.261267     0.324096E-02 0.378758E-01 0.293764E-03 0.751937E-01  0.00000     0.672635E-01 0.604216E-01 0.103160E-01 0.212070E-03  0.00000    
  1459.23      2500.00     0.259286     0.322365E-02 0.378187E-01 0.286250E-03 0.746952E-01  0.00000     0.663056E-01 0.599144E-01 0.103063E-01 0.211831E-03  0.00000    
  1458.07      2500.00     0.255476     0.319107E-02 0.377073E-01 0.271998E-03 0.737014E-01  0.00000     0.644268E-01 0.589250E-01 0.102887E-01 0.211225E-03  0.00000    
  1456.91      2500.00     0.255395     0.319032E-02 0.377049E-01 0.271699E-03 0.736808E-01  0.00000     0.643881E-01 0.589042E-01 0.102883E-01 0.211213E-03  0.00000    
  1455.76      2500.00     0.253552     0.317354E-02 0.376492E-01 0.264903E-03 0.732107E-01  0.00000     0.635010E-01 0.584308E-01 0.102793E-01 0.210986E-03  0.00000    
  1454.60      2500.00     0.251671     0.315625E-02 0.375916E-01 0.258031E-03 0.727294E-01  0.00000     0.626013E-01 0.579479E-01 0.102701E-01 0.210749E-03  0.00000    
  1453.44      2500.00     0.249817     0.313896E-02 0.375340E-01 0.251322E-03 0.722531E-01  0.00000     0.617163E-01 0.574715E-01 0.102610E-01 0.210518E-03  0.00000    
  1452.29      2500.00     0.247916     0.312088E-02 0.374742E-01 0.244509E-03 0.717626E-01  0.00000     0.608118E-01 0.569825E-01 0.102515E-01 0.210286E-03  0.00000    
  1451.13      2500.00     0.246176     0.310436E-02 0.374185E-01 0.238329E-03 0.713116E-01  0.00000     0.599850E-01 0.565346E-01 0.102429E-01 0.210069E-03  0.00000    
  1449.97      2500.00     0.244408     0.308831E-02 0.373623E-01 0.232112E-03 0.708403E-01  0.00000     0.591341E-01 0.560757E-01 0.102343E-01 0.209857E-03  0.00000    
  1448.82      2500.00     0.240920     0.305701E-02 0.372504E-01 0.220009E-03 0.698893E-01  0.00000     0.574445E-01 0.551639E-01 0.102176E-01 0.209332E-03  0.00000    
  1447.66      2500.00     0.240846     0.305643E-02 0.372481E-01 0.219754E-03 0.698682E-01  0.00000     0.574077E-01 0.551444E-01 0.102172E-01 0.209322E-03  0.00000    
  1446.50      2500.00     0.239273     0.304205E-02 0.371963E-01 0.214377E-03 0.694388E-01  0.00000     0.566503E-01 0.547334E-01 0.102095E-01 0.209127E-03  0.00000    
  1445.35      2500.00     0.237613     0.302744E-02 0.371417E-01 0.208754E-03 0.689758E-01  0.00000     0.558442E-01 0.542970E-01 0.102015E-01 0.208926E-03  0.00000    
  1444.19      2500.00     0.235948     0.301123E-02 0.370845E-01 0.203183E-03 0.685241E-01  0.00000     0.550552E-01 0.538634E-01 0.101932E-01 0.208717E-03  0.00000    
  1443.03      2500.00     0.234301     0.299562E-02 0.370277E-01 0.197723E-03 0.680686E-01  0.00000     0.542686E-01 0.534319E-01 0.101851E-01 0.208516E-03  0.00000    
  1441.88      2500.00     0.233954     0.299220E-02 0.370154E-01 0.196585E-03 0.679730E-01  0.00000     0.541029E-01 0.533405E-01 0.101835E-01 0.208481E-03  0.00000    
  1440.72      2500.00     0.231094     0.296437E-02 0.369136E-01 0.187275E-03 0.671745E-01  0.00000     0.527478E-01 0.525903E-01 0.101694E-01 0.208116E-03  0.00000    
  1439.56      2500.00     0.229517     0.294883E-02 0.368567E-01 0.182208E-03 0.667340E-01  0.00000     0.520021E-01 0.521766E-01 0.101616E-01 0.207922E-03  0.00000    
  1438.41      2500.00     0.227760     0.293099E-02 0.367909E-01 0.176626E-03 0.662462E-01  0.00000     0.511686E-01 0.517133E-01 0.101533E-01 0.207726E-03  0.00000    
  1437.25      2500.00     0.226419     0.291737E-02 0.367410E-01 0.172412E-03 0.658686E-01  0.00000     0.505384E-01 0.513614E-01 0.101466E-01 0.207562E-03  0.00000    
  1436.09      2500.00     0.224891     0.290168E-02 0.366833E-01 0.167658E-03 0.654368E-01  0.00000     0.498243E-01 0.509596E-01 0.101390E-01 0.207364E-03  0.00000    
  1434.93      2500.00     0.223381     0.288602E-02 0.366252E-01 0.163013E-03 0.650092E-01  0.00000     0.491197E-01 0.505622E-01 0.101315E-01 0.207170E-03  0.00000    
  1433.78      2500.00     0.221646     0.286787E-02 0.365585E-01 0.157732E-03 0.645127E-01  0.00000     0.483169E-01 0.501058E-01 0.101226E-01 0.206967E-03  0.00000    
  1432.62      2500.00     0.218755     0.284614E-02 0.360884E-01 0.152702E-03 0.637294E-01  0.00000     0.471492E-01 0.492598E-01 0.101135E-01 0.206738E-03  0.00000    
  1431.46      2500.00     0.215180     0.281982E-02 0.354868E-01 0.146773E-03 0.627542E-01  0.00000     0.457218E-01 0.482078E-01 0.101022E-01 0.206454E-03  0.00000    
  1430.31      2500.00     0.211715     0.279451E-02 0.349035E-01 0.141204E-03 0.618009E-01  0.00000     0.443455E-01 0.471873E-01 0.100911E-01 0.206176E-03  0.00000    
  1429.15      2500.00     0.208362     0.276998E-02 0.343388E-01 0.135743E-03 0.608679E-01  0.00000     0.430213E-01 0.461990E-01 0.100800E-01 0.205902E-03  0.00000    
  1427.99      2500.00     0.205106     0.274636E-02 0.337904E-01 0.130621E-03 0.599532E-01  0.00000     0.417434E-01 0.452387E-01 0.100691E-01 0.205634E-03  0.00000    
  1426.84      2500.00     0.201947     0.272346E-02 0.332580E-01 0.125630E-03 0.590564E-01  0.00000     0.405108E-01 0.443061E-01 0.100582E-01 0.205369E-03  0.00000    
  1425.68      2500.00     0.198886     0.270148E-02 0.327419E-01 0.120930E-03 0.581797E-01  0.00000     0.393225E-01 0.434017E-01 0.100475E-01 0.205101E-03  0.00000    
  1424.52      2500.00     0.195916     0.268012E-02 0.322411E-01 0.116382E-03 0.573211E-01  0.00000     0.381760E-01 0.425236E-01 0.100368E-01 0.204836E-03  0.00000    
  1423.37      2500.00     0.193032     0.265944E-02 0.317545E-01 0.112034E-03 0.564794E-01  0.00000     0.370689E-01 0.416701E-01 0.100263E-01 0.204577E-03  0.00000    
  1422.21      2500.00     0.190232     0.263954E-02 0.312818E-01 0.107857E-03 0.556549E-01  0.00000     0.359997E-01 0.408407E-01 0.100158E-01 0.204319E-03  0.00000    
  1421.05      2500.00     0.187490     0.261915E-02 0.308165E-01 0.102496E-03 0.548400E-01  0.00000     0.349616E-01 0.400310E-01 0.100052E-01 0.204103E-03  0.00000    
  1419.90      2500.00     0.184574     0.259879E-02 0.303244E-01 0.983727E-04 0.539614E-01  0.00000     0.338581E-01 0.391651E-01 0.999389E-02 0.203829E-03  0.00000    
  1418.74      2500.00     0.182314     0.258282E-02 0.299427E-01 0.951777E-04 0.532774E-01  0.00000     0.330097E-01 0.384940E-01 0.998489E-02 0.203606E-03  0.00000    
  1417.58      2500.00     0.179815     0.256513E-02 0.295205E-01 0.916668E-04 0.525138E-01  0.00000     0.320779E-01 0.377516E-01 0.997473E-02 0.203356E-03  0.00000    
  1416.43      2500.00     0.177382     0.254812E-02 0.291096E-01 0.883437E-04 0.517639E-01  0.00000     0.311765E-01 0.370283E-01 0.996466E-02 0.203109E-03  0.00000    
  1415.27      2500.00     0.175017     0.253164E-02 0.287100E-01 0.851069E-04 0.510287E-01  0.00000     0.303052E-01 0.363248E-01 0.995466E-02 0.202862E-03  0.00000    
  1414.11      2500.00     0.172715     0.251567E-02 0.283209E-01 0.820411E-04 0.503066E-01  0.00000     0.294617E-01 0.356392E-01 0.994474E-02 0.202618E-03  0.00000    
  1412.96      2500.00     0.170474     0.250014E-02 0.279422E-01 0.790751E-04 0.495977E-01  0.00000     0.286459E-01 0.349716E-01 0.993488E-02 0.202376E-03  0.00000    
  1411.80      2500.00     0.168293     0.248515E-02 0.275732E-01 0.761890E-04 0.489010E-01  0.00000     0.278561E-01 0.343210E-01 0.992511E-02 0.202136E-03  0.00000    
  1410.64      2500.00     0.166165     0.247055E-02 0.272134E-01 0.733969E-04 0.482162E-01  0.00000     0.270915E-01 0.336865E-01 0.991538E-02 0.201895E-03  0.00000    
  1409.49      2500.00     0.164097     0.245646E-02 0.268637E-01 0.707885E-04 0.475458E-01  0.00000     0.263514E-01 0.330689E-01 0.990574E-02 0.201661E-03  0.00000    
  1408.33      2500.00     0.162051     0.244165E-02 0.265161E-01 0.680730E-04 0.468782E-01  0.00000     0.256219E-01 0.324580E-01 0.989593E-02 0.201436E-03  0.00000    
  1407.17      2500.00     0.160122     0.242872E-02 0.261908E-01 0.656822E-04 0.462413E-01  0.00000     0.249400E-01 0.318804E-01 0.988657E-02 0.201208E-03  0.00000    
  1406.02      2500.00     0.158203     0.241564E-02 0.258662E-01 0.632809E-04 0.456024E-01  0.00000     0.242671E-01 0.313064E-01 0.987709E-02 0.200973E-03  0.00000    
  1404.86      2500.00     0.156331     0.240300E-02 0.255498E-01 0.610199E-04 0.449748E-01  0.00000     0.236148E-01 0.307463E-01 0.986767E-02 0.200742E-03  0.00000    
  1403.70      2500.00     0.154507     0.239072E-02 0.252412E-01 0.588372E-04 0.443582E-01  0.00000     0.229825E-01 0.301998E-01 0.985831E-02 0.200510E-03  0.00000    
  1402.55      2500.00     0.152725     0.237877E-02 0.249398E-01 0.567305E-04 0.437508E-01  0.00000     0.223693E-01 0.296658E-01 0.984900E-02 0.200288E-03  0.00000    
  1401.39      2500.00     0.150983     0.236711E-02 0.246452E-01 0.548015E-04 0.431531E-01  0.00000     0.217736E-01 0.291435E-01 0.983972E-02 0.200078E-03  0.00000    
  1400.23      2500.00     0.149291     0.235580E-02 0.243593E-01 0.528720E-04 0.425678E-01  0.00000     0.211981E-01 0.286354E-01 0.983052E-02 0.199861E-03  0.00000    
  1399.08      2500.00     0.147625     0.234484E-02 0.240780E-01 0.511364E-04 0.419879E-01  0.00000     0.206368E-01 0.281353E-01 0.982133E-02 0.199641E-03  0.00000    
  1397.92      2500.00     0.146015     0.233418E-02 0.238058E-01 0.493470E-04 0.414218E-01  0.00000     0.200960E-01 0.276515E-01 0.981226E-02 0.199420E-03  0.00000    
  1396.76      2500.00     0.144072     0.232138E-02 0.234772E-01 0.473171E-04 0.407328E-01  0.00000     0.194494E-01 0.270672E-01 0.980126E-02 0.199157E-03  0.00000    
  1395.61      2500.00     0.142890     0.231355E-02 0.232779E-01 0.459890E-04 0.403116E-01  0.00000     0.190582E-01 0.267118E-01 0.979433E-02 0.198987E-03  0.00000    
  1394.45      2500.00     0.141380     0.230364E-02 0.230228E-01 0.443600E-04 0.397693E-01  0.00000     0.185620E-01 0.262577E-01 0.978534E-02 0.198775E-03  0.00000    
  1393.29      2500.00     0.139905     0.229392E-02 0.227738E-01 0.428276E-04 0.392359E-01  0.00000     0.180805E-01 0.258138E-01 0.977640E-02 0.198560E-03  0.00000    
  1392.14      2500.00     0.138461     0.228441E-02 0.225301E-01 0.413271E-04 0.387098E-01  0.00000     0.176128E-01 0.253792E-01 0.976749E-02 0.198343E-03  0.00000    
  1390.98      2500.00     0.137049     0.227513E-02 0.222920E-01 0.398825E-04 0.381920E-01  0.00000     0.171586E-01 0.249542E-01 0.975861E-02 0.198129E-03  0.00000    
  1389.82      2500.00     0.135666     0.226614E-02 0.220584E-01 0.384618E-04 0.376811E-01  0.00000     0.167165E-01 0.245372E-01 0.974977E-02 0.197919E-03  0.00000    
  1388.67      2500.00     0.134319     0.225726E-02 0.218314E-01 0.370972E-04 0.371800E-01  0.00000     0.162888E-01 0.241316E-01 0.974098E-02 0.197711E-03  0.00000    
  1387.51      2500.00     0.132999     0.224859E-02 0.216088E-01 0.357806E-04 0.366863E-01  0.00000     0.158721E-01 0.237337E-01 0.973221E-02 0.197500E-03  0.00000    
  1386.35      2500.00     0.131706     0.224009E-02 0.213910E-01 0.345062E-04 0.361992E-01  0.00000     0.154674E-01 0.233439E-01 0.972347E-02 0.197289E-03  0.00000    
  1385.20      2500.00     0.130412     0.223150E-02 0.211747E-01 0.332106E-04 0.357127E-01  0.00000     0.150667E-01 0.229524E-01 0.971443E-02 0.197064E-03  0.00000    
  1384.04      2500.00     0.129170     0.222060E-02 0.209664E-01 0.321287E-04 0.352488E-01  0.00000     0.146858E-01 0.225937E-01 0.970545E-02 0.196852E-03  0.00000    
  1382.88      2500.00     0.127955     0.221256E-02 0.207621E-01 0.309723E-04 0.347823E-01  0.00000     0.143141E-01 0.222276E-01 0.969678E-02 0.196645E-03  0.00000    
  1381.72      2500.00     0.126766     0.220469E-02 0.205623E-01 0.298859E-04 0.343232E-01  0.00000     0.139532E-01 0.218685E-01 0.968812E-02 0.196446E-03  0.00000    
  1380.57      2500.00     0.125599     0.219680E-02 0.203664E-01 0.288426E-04 0.338701E-01  0.00000     0.136010E-01 0.215175E-01 0.967949E-02 0.196240E-03  0.00000    
  1379.41      2500.00     0.124454     0.218872E-02 0.201746E-01 0.278192E-04 0.334256E-01  0.00000     0.132590E-01 0.211741E-01 0.967077E-02 0.196030E-03  0.00000    
  1378.25      2500.00     0.123327     0.218064E-02 0.199861E-01 0.268559E-04 0.329848E-01  0.00000     0.129246E-01 0.208373E-01 0.966204E-02 0.195828E-03  0.00000    
  1377.10      2500.00     0.122228     0.217289E-02 0.198021E-01 0.259143E-04 0.325520E-01  0.00000     0.126006E-01 0.205074E-01 0.965340E-02 0.195626E-03  0.00000    
  1375.94      2500.00     0.121144     0.216474E-02 0.196211E-01 0.249984E-04 0.321251E-01  0.00000     0.122844E-01 0.201847E-01 0.964465E-02 0.195414E-03  0.00000    
  1374.78      2500.00     0.120083     0.215696E-02 0.194443E-01 0.241147E-04 0.317044E-01  0.00000     0.119772E-01 0.198677E-01 0.963595E-02 0.195210E-03  0.00000    
  1373.63      2500.00     0.119041     0.214922E-02 0.192706E-01 0.232840E-04 0.312892E-01  0.00000     0.116777E-01 0.195569E-01 0.962726E-02 0.195004E-03  0.00000    
  1372.47      2500.00     0.118023     0.214169E-02 0.191009E-01 0.224637E-04 0.308804E-01  0.00000     0.113870E-01 0.192522E-01 0.961861E-02 0.194801E-03  0.00000    
  1371.31      2500.00     0.117021     0.213411E-02 0.189343E-01 0.216580E-04 0.304772E-01  0.00000     0.111036E-01 0.189535E-01 0.960993E-02 0.194596E-03  0.00000    
  1370.16      2500.00     0.116038     0.212661E-02 0.187710E-01 0.208880E-04 0.300795E-01  0.00000     0.108277E-01 0.186605E-01 0.960126E-02 0.194391E-03  0.00000    
  1369.00      2500.00     0.115073     0.211927E-02 0.186109E-01 0.201410E-04 0.296869E-01  0.00000     0.105592E-01 0.183728E-01 0.959261E-02 0.194186E-03  0.00000    
  1367.84      2500.00     0.114122     0.211156E-02 0.184532E-01 0.194037E-04 0.292994E-01  0.00000     0.102971E-01 0.180909E-01 0.958384E-02 0.193980E-03  0.00000    
  1366.69      2500.00     0.113190     0.210420E-02 0.182991E-01 0.187126E-04 0.289174E-01  0.00000     0.100425E-01 0.178139E-01 0.957515E-02 0.193776E-03  0.00000    
  1365.53      2500.00     0.112275     0.209687E-02 0.181480E-01 0.180333E-04 0.285413E-01  0.00000     0.979430E-02 0.175426E-01 0.956644E-02 0.193572E-03  0.00000    
  1364.37      2500.00     0.111381     0.209029E-02 0.179994E-01 0.172790E-04 0.281690E-01  0.00000     0.955266E-02 0.172754E-01 0.955803E-02 0.193407E-03  0.00000    
  1363.22      2500.00     0.110502     0.208306E-02 0.178549E-01 0.166621E-04 0.278045E-01  0.00000     0.931823E-02 0.170149E-01 0.954933E-02 0.193206E-03  0.00000    
  1362.06      2500.00     0.109632     0.207583E-02 0.177117E-01 0.160491E-04 0.274425E-01  0.00000     0.908840E-02 0.167577E-01 0.954058E-02 0.193002E-03  0.00000    
  1360.90      2500.00     0.108781     0.206871E-02 0.175719E-01 0.154707E-04 0.270865E-01  0.00000     0.886516E-02 0.165058E-01 0.953187E-02 0.192800E-03  0.00000    
  1359.75      2500.00     0.107943     0.206152E-02 0.174342E-01 0.148909E-04 0.267351E-01  0.00000     0.864695E-02 0.162583E-01 0.952311E-02 0.192592E-03  0.00000    
  1358.59      2500.00     0.107120     0.205456E-02 0.172992E-01 0.143379E-04 0.263878E-01  0.00000     0.843486E-02 0.160148E-01 0.951439E-02 0.192389E-03  0.00000    
  1357.43      2500.00     0.106304     0.204732E-02 0.171653E-01 0.137831E-04 0.260423E-01  0.00000     0.822688E-02 0.157740E-01 0.950553E-02 0.192176E-03  0.00000    
  1356.28      2500.00     0.105509     0.204009E-02 0.170357E-01 0.132538E-04 0.257062E-01  0.00000     0.802609E-02 0.155411E-01 0.949670E-02 0.191976E-03  0.00000    
  1355.12      2500.00     0.104727     0.203320E-02 0.169082E-01 0.127384E-04 0.253729E-01  0.00000     0.782999E-02 0.153105E-01 0.948792E-02 0.191775E-03  0.00000    
  1353.96      2500.00     0.103954     0.202592E-02 0.167819E-01 0.123135E-04 0.250432E-01  0.00000     0.763746E-02 0.150835E-01 0.947903E-02 0.191563E-03  0.00000    
  1352.81      2500.00     0.103197     0.201911E-02 0.166587E-01 0.117901E-04 0.247197E-01  0.00000     0.744964E-02 0.148606E-01 0.947033E-02 0.191351E-03  0.00000    
  1351.65      2500.00     0.102458     0.201237E-02 0.165387E-01 0.113574E-04 0.244009E-01  0.00000     0.726908E-02 0.146433E-01 0.946159E-02 0.191151E-03  0.00000    
  1350.49      2500.00     0.101726     0.200567E-02 0.164198E-01 0.109074E-04 0.240847E-01  0.00000     0.709164E-02 0.144281E-01 0.945279E-02 0.190949E-03  0.00000    
  1349.34      2500.00     0.101005     0.199895E-02 0.163030E-01 0.104669E-04 0.237719E-01  0.00000     0.691896E-02 0.142164E-01 0.944395E-02 0.190743E-03  0.00000    
  1348.18      2500.00     0.100295     0.199229E-02 0.161882E-01 0.100686E-04 0.234632E-01  0.00000     0.675044E-02 0.140079E-01 0.943509E-02 0.190541E-03  0.00000    
  1347.02      2500.00     0.995965E-01 0.198555E-02 0.160754E-01 0.968999E-05 0.231590E-01  0.00000     0.658571E-02 0.138033E-01 0.942619E-02 0.190340E-03  0.00000    
  1345.87      2500.00     0.989082E-01 0.197876E-02 0.159645E-01 0.931037E-05 0.228586E-01  0.00000     0.642534E-02 0.136021E-01 0.941724E-02 0.190135E-03  0.00000    
  1344.71      2500.00     0.982299E-01 0.197200E-02 0.158554E-01 0.895099E-05 0.225618E-01  0.00000     0.626882E-02 0.134040E-01 0.940827E-02 0.189926E-03  0.00000    
  1343.55      2500.00     0.975607E-01 0.196512E-02 0.157478E-01 0.856772E-05 0.222681E-01  0.00000     0.611624E-02 0.132095E-01 0.939922E-02 0.189716E-03  0.00000    
  1342.40      2500.00     0.969032E-01 0.195842E-02 0.156425E-01 0.820187E-05 0.219785E-01  0.00000     0.596760E-02 0.130176E-01 0.939019E-02 0.189507E-03  0.00000    
  1341.24      2500.00     0.962563E-01 0.195177E-02 0.155389E-01 0.788441E-05 0.216927E-01  0.00000     0.582244E-02 0.128288E-01 0.938117E-02 0.189296E-03  0.00000    
  1340.08      2500.00     0.956190E-01 0.194512E-02 0.154371E-01 0.757520E-05 0.214108E-01  0.00000     0.568083E-02 0.126434E-01 0.937212E-02 0.189087E-03  0.00000    
  1338.93      2500.00     0.949907E-01 0.193849E-02 0.153369E-01 0.726624E-05 0.211321E-01  0.00000     0.554277E-02 0.124607E-01 0.936304E-02 0.188880E-03  0.00000    
  1337.77      2500.00     0.943709E-01 0.193175E-02 0.152383E-01 0.696887E-05 0.208571E-01  0.00000     0.540793E-02 0.122810E-01 0.935388E-02 0.188672E-03  0.00000    
  1336.61      2500.00     0.937605E-01 0.192509E-02 0.151413E-01 0.668912E-05 0.205854E-01  0.00000     0.527640E-02 0.121041E-01 0.934472E-02 0.188464E-03  0.00000    
  1335.46      2500.00     0.931593E-01 0.191843E-02 0.150459E-01 0.641772E-05 0.203173E-01  0.00000     0.514802E-02 0.119300E-01 0.933553E-02 0.188258E-03  0.00000    
  1334.30      2500.00     0.925654E-01 0.191166E-02 0.149520E-01 0.615642E-05 0.200525E-01  0.00000     0.502264E-02 0.117587E-01 0.932625E-02 0.188049E-03  0.00000    
  1333.14      2500.00     0.919791E-01 0.190482E-02 0.148594E-01 0.590691E-05 0.197907E-01  0.00000     0.490020E-02 0.115898E-01 0.931690E-02 0.187835E-03  0.00000    
  1331.98      2500.00     0.914039E-01 0.189834E-02 0.147684E-01 0.564430E-05 0.195308E-01  0.00000     0.478144E-02 0.114230E-01 0.930768E-02 0.187632E-03  0.00000    
  1330.83      2500.00     0.908350E-01 0.189155E-02 0.146791E-01 0.542251E-05 0.192761E-01  0.00000     0.466513E-02 0.112595E-01 0.929827E-02 0.187424E-03  0.00000    
  1329.67      2500.00     0.902705E-01 0.188451E-02 0.145905E-01 0.521297E-05 0.190236E-01  0.00000     0.455114E-02 0.110983E-01 0.928873E-02 0.187207E-03  0.00000    
  1328.51      2500.00     0.897172E-01 0.187770E-02 0.145039E-01 0.498104E-05 0.187751E-01  0.00000     0.444020E-02 0.109398E-01 0.927924E-02 0.186998E-03  0.00000    
  1327.36      2500.00     0.891692E-01 0.187071E-02 0.144183E-01 0.476478E-05 0.185293E-01  0.00000     0.433170E-02 0.107837E-01 0.926963E-02 0.186782E-03  0.00000    
  1326.20      2500.00     0.886293E-01 0.186380E-02 0.143341E-01 0.455749E-05 0.182865E-01  0.00000     0.422590E-02 0.106298E-01 0.926003E-02 0.186567E-03  0.00000    
  1325.04      2500.00     0.880952E-01 0.185678E-02 0.142510E-01 0.437789E-05 0.180467E-01  0.00000     0.412231E-02 0.104781E-01 0.925033E-02 0.186347E-03  0.00000    
  1323.89      2500.00     0.875704E-01 0.184991E-02 0.141694E-01 0.417540E-05 0.178097E-01  0.00000     0.402172E-02 0.103288E-01 0.924067E-02 0.186133E-03  0.00000    
  1322.73      2500.00     0.870506E-01 0.184285E-02 0.140888E-01 0.399170E-05 0.175758E-01  0.00000     0.392309E-02 0.101818E-01 0.923087E-02 0.185921E-03  0.00000    
  1321.57      2500.00     0.865357E-01 0.183577E-02 0.140093E-01 0.382601E-05 0.173437E-01  0.00000     0.382709E-02 0.100363E-01 0.922100E-02 0.185699E-03  0.00000    
  1320.42      2500.00     0.860297E-01 0.182873E-02 0.139312E-01 0.365508E-05 0.171153E-01  0.00000     0.373326E-02 0.989354E-02 0.921113E-02 0.185482E-03  0.00000    
  1319.26      2500.00     0.855295E-01 0.182163E-02 0.138541E-01 0.349529E-05 0.168896E-01  0.00000     0.364152E-02 0.975271E-02 0.920119E-02 0.185262E-03  0.00000    
  1318.10      2500.00     0.850396E-01 0.181535E-02 0.137777E-01 0.327557E-05 0.166664E-01  0.00000     0.355235E-02 0.961193E-02 0.919166E-02 0.185049E-03  0.00000    
  1316.95      2500.00     0.845569E-01 0.180826E-02 0.137044E-01 0.312856E-05 0.164469E-01  0.00000     0.346555E-02 0.947722E-02 0.918170E-02 0.184829E-03  0.00000    
  1315.79      2500.00     0.840736E-01 0.180097E-02 0.136304E-01 0.298515E-05 0.162290E-01  0.00000     0.338015E-02 0.934223E-02 0.917152E-02 0.184604E-03  0.00000    
  1314.63      2500.00     0.835962E-01 0.179360E-02 0.135576E-01 0.285236E-05 0.160140E-01  0.00000     0.329661E-02 0.920937E-02 0.916127E-02 0.184377E-03  0.00000    
  1313.48      2500.00     0.831266E-01 0.178644E-02 0.134859E-01 0.272457E-05 0.158012E-01  0.00000     0.321531E-02 0.907795E-02 0.915109E-02 0.184151E-03  0.00000    
  1312.32      2500.00     0.826598E-01 0.177900E-02 0.134150E-01 0.260587E-05 0.155912E-01  0.00000     0.313572E-02 0.894861E-02 0.914070E-02 0.183922E-03  0.00000    
  1311.16      2500.00     0.821983E-01 0.177147E-02 0.133450E-01 0.248110E-05 0.153836E-01  0.00000     0.305795E-02 0.882116E-02 0.913022E-02 0.183697E-03  0.00000    
  1310.01      2500.00     0.817394E-01 0.176374E-02 0.132756E-01 0.236186E-05 0.151780E-01  0.00000     0.298193E-02 0.869548E-02 0.911957E-02 0.183470E-03  0.00000    
  1308.85      2500.00     0.812878E-01 0.175607E-02 0.132076E-01 0.225250E-05 0.149757E-01  0.00000     0.290761E-02 0.857155E-02 0.910891E-02 0.183239E-03  0.00000    
  1307.69      2500.00     0.808400E-01 0.174815E-02 0.131401E-01 0.213632E-05 0.147759E-01  0.00000     0.283473E-02 0.844976E-02 0.909809E-02 0.183006E-03  0.00000    
  1306.54      2500.00     0.785972E-01 0.173052E-02 0.127768E-01 0.191876E-05 0.143239E-01  0.00000     0.267471E-02 0.816789E-02 0.887064E-02 0.181523E-03  0.00000    
  1305.38      2500.00     0.703814E-01 0.167759E-02 0.114302E-01 0.139711E-05 0.130150E-01  0.00000     0.224179E-02 0.735021E-02 0.792389E-02 0.175403E-03  0.00000    
  1304.22      2500.00     0.633873E-01 0.162923E-02 0.102844E-01 0.101507E-05 0.118839E-01  0.00000     0.188813E-02 0.665094E-02 0.711936E-02 0.169739E-03  0.00000    
  1303.07      2500.00     0.545110E-01 0.146251E-02 0.881983E-02 0.640474E-06 0.103729E-01  0.00000     0.148975E-02 0.575103E-02 0.608940E-02 0.161810E-03  0.00000    
  1301.91      2500.00     0.423058E-01 0.111027E-02 0.679514E-02 0.306571E-06 0.818959E-02  0.00000     0.101299E-02 0.449099E-02 0.466479E-02 0.148628E-03  0.00000    
  1300.75      2500.00     0.335355E-01 0.861763E-03 0.534403E-02 0.149015E-06 0.657670E-02  0.00000     0.701799E-03 0.356761E-02 0.364596E-02 0.137417E-03  0.00000    
  1299.60      2500.00     0.271633E-01 0.684122E-03 0.429244E-02 0.750908E-07 0.537581E-02  0.00000     0.496421E-03 0.288614E-02 0.290957E-02 0.127881E-03  0.00000    
  1298.44      2500.00     0.224586E-01 0.554802E-03 0.351798E-02 0.373528E-07 0.446985E-02  0.00000     0.358486E-03 0.237650E-02 0.236878E-02 0.119767E-03  0.00000    
  1297.28      2500.00     0.189093E-01 0.458469E-03 0.293523E-02 0.207798E-07 0.377298E-02  0.00000     0.263858E-03 0.198775E-02 0.196309E-02 0.112787E-03  0.00000    
  1296.13      2500.00     0.161859E-01 0.385334E-03 0.248919E-02 0.114785E-07 0.322896E-02  0.00000     0.197707E-03 0.168671E-02 0.165353E-02 0.106756E-03  0.00000    
  1294.97      2500.00     0.140523E-01 0.328584E-03 0.214062E-02  0.00000     0.279606E-02  0.00000     0.150534E-03 0.144902E-02 0.141241E-02 0.101499E-03  0.00000    
  1293.81      2500.00     0.127524E-01 0.294299E-03 0.192311E-02  0.00000     0.252301E-02  0.00000     0.126758E-03 0.131104E-02 0.126353E-02 0.980098E-04  0.00000    
  1292.66      2500.00     0.109155E-01 0.246329E-03 0.162965E-02  0.00000     0.214209E-02  0.00000     0.921099E-04 0.109441E-02 0.106074E-02 0.924490E-04  0.00000    
  1291.50      2500.00     0.859098E-02 0.183286E-03 0.124780E-02  0.00000     0.164580E-02  0.00000     0.636492E-04 0.841530E-03 0.797572E-03 0.854886E-04  0.00000    
  1290.34      2500.00     0.843034E-02 0.181160E-03 0.122419E-02  0.00000     0.161102E-02  0.00000     0.601461E-04 0.818885E-03 0.781625E-03 0.848827E-04  0.00000    
  1289.19      2500.00     0.785134E-02 0.167620E-03 0.113436E-02  0.00000     0.147872E-02  0.00000     0.506466E-04 0.741002E-03 0.722093E-03 0.824472E-04  0.00000    
  1288.03      2500.00     0.728696E-02 0.152961E-03 0.104381E-02  0.00000     0.135862E-02  0.00000     0.418758E-04 0.677052E-03 0.660674E-03 0.800404E-04  0.00000    
  1286.87      2500.00     0.682952E-02 0.141165E-03 0.970394E-03  0.00000     0.126004E-02  0.00000     0.355810E-04 0.625359E-03 0.611062E-03 0.780399E-04  0.00000    
  1285.72      2500.00     0.599463E-02 0.119538E-03 0.834013E-03  0.00000     0.107728E-02  0.00000     0.261341E-04 0.531506E-03 0.519147E-03 0.744231E-04  0.00000    
  1284.56      2500.00     0.593700E-02 0.117762E-03 0.825758E-03  0.00000     0.106385E-02  0.00000     0.254929E-04 0.523754E-03 0.513282E-03 0.741026E-04  0.00000    
  1283.40      2500.00     0.504676E-02 0.957054E-04 0.683548E-03  0.00000     0.862232E-03  0.00000     0.183129E-04 0.423238E-03 0.419167E-03 0.691995E-04  0.00000    
  1282.25      2500.00     0.504221E-02 0.956307E-04 0.683185E-03  0.00000     0.860429E-03  0.00000     0.182121E-04 0.422381E-03 0.418851E-03 0.691718E-04  0.00000    
  1281.09      2500.00     0.479018E-02 0.889066E-04 0.641616E-03  0.00000     0.805032E-03  0.00000     0.155911E-04 0.397412E-03 0.391208E-03 0.675940E-04  0.00000    
  1279.93      2500.00     0.470702E-02 0.869851E-04 0.628672E-03  0.00000     0.786940E-03  0.00000     0.145672E-04 0.386697E-03 0.382881E-03 0.670610E-04  0.00000    
  1278.77      2500.00     0.461718E-02 0.845166E-04 0.614186E-03  0.00000     0.770022E-03  0.00000     0.136639E-04 0.377215E-03 0.373039E-03 0.664499E-04  0.00000    
  1277.62      2500.00     0.461369E-02 0.845166E-04 0.613415E-03  0.00000     0.769693E-03  0.00000     0.136489E-04 0.376886E-03 0.372618E-03 0.664286E-04  0.00000    
  1276.46      2500.00     0.408030E-02 0.713722E-04 0.530430E-03  0.00000     0.649282E-03  0.00000     0.908943E-05 0.316096E-03 0.318290E-03 0.627966E-04  0.00000    
  1275.30      2500.00     0.383754E-02 0.649985E-04 0.491298E-03  0.00000     0.600874E-03  0.00000     0.737502E-05 0.292306E-03 0.291894E-03 0.610742E-04  0.00000    
  1274.15      2500.00     0.375228E-02 0.629280E-04 0.478346E-03  0.00000     0.578553E-03  0.00000     0.654468E-05 0.281531E-03 0.283977E-03 0.604612E-04  0.00000    
  1272.99      2500.00     0.355808E-02 0.578205E-04 0.447745E-03  0.00000     0.535630E-03  0.00000     0.551403E-05 0.258724E-03 0.264273E-03 0.589266E-04  0.00000    
  1271.83      2500.00     0.340820E-02 0.537720E-04 0.424382E-03  0.00000     0.504194E-03  0.00000     0.462316E-05 0.241136E-03 0.248835E-03 0.575919E-04  0.00000    
  1270.68      2500.00     0.325414E-02 0.496511E-04 0.400086E-03  0.00000     0.467368E-03  0.00000     0.367032E-05 0.224023E-03 0.233620E-03 0.563369E-04  0.00000    
  1269.52      2500.00     0.310778E-02 0.461100E-04 0.375612E-03  0.00000     0.431589E-03  0.00000     0.334964E-05 0.213157E-03 0.217548E-03 0.553877E-04  0.00000    
  1268.36      2500.00     0.307210E-02 0.458583E-04 0.369476E-03  0.00000     0.424854E-03  0.00000     0.317224E-05 0.209163E-03 0.213966E-03 0.550629E-04  0.00000    
  1267.21      2500.00     0.302593E-02 0.450757E-04 0.362719E-03  0.00000     0.413009E-03  0.00000     0.289470E-05 0.204089E-03 0.209573E-03 0.546321E-04  0.00000    
  1266.05      2500.00     0.290035E-02 0.424981E-04 0.342860E-03  0.00000     0.384331E-03  0.00000     0.226314E-05 0.191289E-03 0.196975E-03 0.534763E-04  0.00000    
  1264.89      2500.00     0.285678E-02 0.407285E-04 0.335928E-03  0.00000     0.376874E-03  0.00000     0.217457E-05 0.188387E-03 0.191697E-03 0.530443E-04  0.00000    
  1263.74      2500.00     0.278344E-02 0.387546E-04 0.324709E-03  0.00000     0.360362E-03  0.00000     0.191739E-05 0.179527E-03 0.184401E-03 0.523159E-04  0.00000    
  1262.58      2500.00     0.257903E-02 0.335128E-04 0.291906E-03  0.00000     0.314046E-03  0.00000     0.108382E-05 0.156891E-03 0.164352E-03 0.500886E-04  0.00000    
  1261.42      2500.00     0.257364E-02 0.333995E-04 0.291225E-03  0.00000     0.311344E-03  0.00000     0.104257E-05 0.155438E-03 0.164210E-03 0.500447E-04  0.00000    
  1260.27      2500.00     0.255933E-02 0.332747E-04 0.289018E-03  0.00000     0.308417E-03  0.00000     0.101127E-05 0.154120E-03 0.162732E-03 0.498791E-04  0.00000    
  1259.11      2500.00     0.245635E-02 0.309042E-04 0.272961E-03  0.00000     0.284324E-03  0.00000     0.768658E-06 0.143518E-03 0.152578E-03 0.487277E-04  0.00000    
  1257.95      2500.00     0.242269E-02 0.301394E-04 0.267831E-03  0.00000     0.277400E-03  0.00000     0.697457E-06 0.141630E-03 0.148759E-03 0.483614E-04  0.00000    
  1256.80      2500.00     0.239901E-02 0.299135E-04 0.263730E-03  0.00000     0.271640E-03  0.00000     0.616938E-06 0.139091E-03 0.146610E-03 0.481331E-04  0.00000    
  1255.64      2500.00     0.230146E-02 0.275837E-04 0.248220E-03  0.00000     0.247695E-03  0.00000     0.433513E-06 0.128997E-03 0.137260E-03 0.470447E-04  0.00000    
  1254.48      2500.00     0.226798E-02 0.269678E-04 0.242945E-03  0.00000     0.240594E-03  0.00000     0.383210E-06 0.125954E-03 0.133793E-03 0.466661E-04  0.00000    
  1253.33      2500.00     0.225660E-02 0.266795E-04 0.241149E-03  0.00000     0.238026E-03  0.00000     0.365611E-06 0.124718E-03 0.132671E-03 0.465316E-04  0.00000    
  1252.17      2500.00     0.223036E-02 0.260195E-04 0.236985E-03  0.00000     0.232739E-03  0.00000     0.290395E-06 0.121931E-03 0.129958E-03 0.462256E-04  0.00000    
  1251.01      2500.00     0.217463E-02 0.238098E-04 0.228324E-03  0.00000     0.221017E-03  0.00000     0.161412E-06 0.114141E-03 0.124480E-03 0.455302E-04  0.00000    
  1249.86      2500.00     0.215391E-02 0.236821E-04 0.224999E-03  0.00000     0.217895E-03  0.00000     0.155869E-06 0.112518E-03 0.122152E-03 0.452430E-04  0.00000    
  1248.70      2500.00     0.212205E-02 0.225324E-04 0.219849E-03  0.00000     0.212101E-03  0.00000     0.152368E-06 0.109680E-03 0.118681E-03 0.447700E-04  0.00000    
  1247.54      2500.00     0.208088E-02 0.214153E-04 0.213471E-03  0.00000     0.202066E-03  0.00000     0.145644E-06 0.104502E-03 0.114903E-03 0.442177E-04  0.00000    
  1246.39      2500.00     0.202395E-02 0.202923E-04 0.204596E-03  0.00000     0.188783E-03  0.00000     0.843632E-07 0.985776E-04 0.109508E-03 0.434007E-04  0.00000    
  1245.23      2500.00     0.200167E-02 0.199116E-04 0.201092E-03  0.00000     0.182903E-03  0.00000      0.00000     0.965559E-04 0.107471E-03 0.431097E-04  0.00000    
  1244.07      2500.00     0.198810E-02 0.198384E-04 0.198960E-03  0.00000     0.181039E-03  0.00000      0.00000     0.958564E-04 0.105875E-03 0.428842E-04  0.00000    
  1242.92      2500.00     0.196674E-02 0.195278E-04 0.195649E-03  0.00000     0.176161E-03  0.00000      0.00000     0.940743E-04 0.103755E-03 0.425851E-04  0.00000    
  1241.76      2500.00     0.193899E-02 0.189197E-04 0.191272E-03  0.00000     0.169792E-03  0.00000      0.00000     0.914227E-04 0.101062E-03 0.421791E-04  0.00000    
  1240.60      2500.00     0.191198E-02 0.183053E-04 0.187011E-03  0.00000     0.163828E-03  0.00000      0.00000     0.887765E-04 0.984104E-04 0.417771E-04  0.00000    
  1239.45      2500.00     0.188824E-02 0.175105E-04 0.182315E-03  0.00000     0.162740E-03  0.00000      0.00000     0.875351E-04 0.953180E-04 0.413626E-04  0.00000    
  1238.29      2500.00     0.179717E-02 0.163765E-04 0.171634E-03  0.00000     0.157697E-03  0.00000      0.00000     0.820005E-04 0.886377E-04 0.403811E-04  0.00000    
  1237.13      2500.00     0.177416E-02 0.156459E-04 0.169731E-03  0.00000     0.154519E-03  0.00000      0.00000     0.805417E-04 0.869407E-04 0.400744E-04  0.00000    
  1235.98      2500.00     0.171041E-02 0.151087E-04 0.162410E-03  0.00000     0.140603E-03  0.00000      0.00000     0.759187E-04 0.828239E-04 0.392686E-04  0.00000    
  1234.82      2500.00     0.156695E-02 0.132952E-04 0.148975E-03  0.00000     0.134677E-03  0.00000      0.00000     0.723606E-04 0.739101E-04 0.376258E-04  0.00000    
  1233.66      2500.00     0.134512E-02 0.120561E-04 0.127688E-03  0.00000     0.103179E-03  0.00000      0.00000     0.589473E-04 0.625496E-04 0.344291E-04  0.00000    
  1232.51      2500.00     0.111819E-02 0.992311E-05 0.106182E-03  0.00000     0.839492E-04  0.00000      0.00000     0.474576E-04 0.502355E-04 0.305259E-04  0.00000    
  1231.35      2500.00     0.879352E-03 0.735250E-05 0.838522E-04  0.00000     0.727363E-04  0.00000      0.00000     0.369706E-04 0.381026E-04 0.251132E-04  0.00000    
  1230.19      2500.00     0.879352E-03 0.735250E-05 0.838522E-04  0.00000     0.727363E-04  0.00000      0.00000     0.369706E-04 0.381026E-04 0.251132E-04  0.00000    
  1229.03      2500.00     0.879352E-03 0.735250E-05 0.838522E-04  0.00000     0.727363E-04  0.00000      0.00000     0.369706E-04 0.381026E-04 0.251132E-04  0.00000    
  1227.88      2500.00     0.879352E-03 0.735250E-05 0.838522E-04  0.00000     0.727363E-04  0.00000      0.00000     0.369706E-04 0.381026E-04 0.251132E-04  0.00000    
  1226.72      2500.00     0.879352E-03 0.735250E-05 0.838522E-04  0.00000     0.727363E-04  0.00000      0.00000     0.369706E-04 0.381026E-04 0.251132E-04  0.00000    
  1225.56      2500.00     0.879352E-03 0.735250E-05 0.838522E-04  0.00000     0.727363E-04  0.00000      0.00000     0.369706E-04 0.381026E-04 0.251132E-04  0.00000    
  1224.41      2500.00     0.879352E-03 0.735250E-05 0.838522E-04  0.00000     0.727363E-04  0.00000      0.00000     0.369706E-04 0.381026E-04 0.251132E-04  0.00000    
  1223.25      2500.00     0.879352E-03 0.735250E-05 0.838522E-04  0.00000     0.727363E-04  0.00000      0.00000     0.369706E-04 0.381026E-04 0.251132E-04  0.00000    
  1222.09      2500.00     0.879352E-03 0.735250E-05 0.838522E-04  0.00000     0.727363E-04  0.00000      0.00000     0.369706E-04 0.381026E-04 0.251132E-04  0.00000    
  1220.94      2500.00     0.879352E-03 0.735250E-05 0.838522E-04  0.00000     0.727363E-04  0.00000      0.00000     0.369706E-04 0.381026E-04 0.251132E-04  0.00000    
  1219.78      2500.00     0.879352E-03 0.735250E-05 0.838522E-04  0.00000     0.727363E-04  0.00000      0.00000     0.369706E-04 0.381026E-04 0.251132E-04  0.00000    
  1218.62      2500.00     0.879352E-03 0.735250E-05 0.838522E-04  0.00000     0.727363E-04  0.00000      0.00000     0.369706E-04 0.381026E-04 0.251132E-04  0.00000    
  1217.47      2500.00     0.879352E-03 0.735250E-05 0.838522E-04  0.00000     0.727363E-04  0.00000      0.00000     0.369706E-04 0.381026E-04 0.251132E-04  0.00000    
  1216.31      2500.00     0.879352E-03 0.735250E-05 0.838522E-04  0.00000     0.727363E-04  0.00000      0.00000     0.369706E-04 0.381026E-04 0.251132E-04  0.00000    
  1215.15      2500.00     0.879352E-03 0.735250E-05 0.838522E-04  0.00000     0.727363E-04  0.00000      0.00000     0.369706E-04 0.381026E-04 0.251132E-04  0.00000    
  1214.00      2500.00     0.879352E-03 0.735250E-05 0.838522E-04  0.00000     0.727363E-04  0.00000      0.00000     0.369706E-04 0.381026E-04 0.251132E-04  0.00000    
  1212.84      2500.00     0.879352E-03 0.735250E-05 0.838522E-04  0.00000     0.727363E-04  0.00000      0.00000     0.369706E-04 0.381026E-04 0.251132E-04  0.00000    
  1211.68      2500.00     0.879352E-03 0.735250E-05 0.838522E-04  0.00000     0.727363E-04  0.00000      0.00000     0.369706E-04 0.381026E-04 0.251132E-04  0.00000    
  1210.53      2500.00     0.879352E-03 0.735250E-05 0.838522E-04  0.00000     0.727363E-04  0.00000      0.00000     0.369706E-04 0.381026E-04 0.251132E-04  0.00000    
  1209.37      2500.00     0.879352E-03 0.735250E-05 0.838522E-04  0.00000     0.727363E-04  0.00000      0.00000     0.369706E-04 0.381026E-04 0.251132E-04  0.00000    
  1208.21      2500.00     0.879352E-03 0.735250E-05 0.838522E-04  0.00000     0.727363E-04  0.00000      0.00000     0.369706E-04 0.381026E-04 0.251132E-04  0.00000    
  1207.06      2500.00     0.879352E-03 0.735250E-05 0.838522E-04  0.00000     0.727363E-04  0.00000      0.00000     0.369706E-04 0.381026E-04 0.251132E-04  0.00000    
  1205.90      2500.00     0.879352E-03 0.735250E-05 0.838522E-04  0.00000     0.727363E-04  0.00000      0.00000     0.369706E-04 0.381026E-04 0.251132E-04  0.00000    
  1204.74      2500.00     0.879352E-03 0.735250E-05 0.838522E-04  0.00000     0.727363E-04  0.00000      0.00000     0.369706E-04 0.381026E-04 0.251132E-04  0.00000    
  1203.59      2500.00     0.879352E-03 0.735250E-05 0.838522E-04  0.00000     0.727363E-04  0.00000      0.00000     0.369706E-04 0.381026E-04 0.251132E-04  0.00000    
  1202.43      2500.00     0.879352E-03 0.735250E-05 0.838522E-04  0.00000     0.727363E-04  0.00000      0.00000     0.369706E-04 0.381026E-04 0.251132E-04  0.00000    
  1201.27      2500.00     0.879352E-03 0.735250E-05 0.838522E-04  0.00000     0.727363E-04  0.00000      0.00000     0.369706E-04 0.381026E-04 0.251132E-04  0.00000    
  1200.12      2500.00     0.879352E-03 0.735250E-05 0.838522E-04  0.00000     0.727363E-04  0.00000      0.00000     0.369706E-04 0.381026E-04 0.251132E-04  0.00000    
  1198.96      2500.00     0.879352E-03 0.735250E-05 0.838522E-04  0.00000     0.727363E-04  0.00000      0.00000     0.369706E-04 0.381026E-04 0.251132E-04  0.00000    
  1197.80      2500.00     0.879352E-03 0.735250E-05 0.838522E-04  0.00000     0.727363E-04  0.00000      0.00000     0.369706E-04 0.381026E-04 0.251132E-04  0.00000    
  1196.65      2500.00     0.879352E-03 0.735250E-05 0.838522E-04  0.00000     0.727363E-04  0.00000      0.00000     0.369706E-04 0.381026E-04 0.251132E-04  0.00000    
  1195.49      2500.00     0.879352E-03 0.735250E-05 0.838522E-04  0.00000     0.727363E-04  0.00000      0.00000     0.369706E-04 0.381026E-04 0.251132E-04  0.00000    
  1194.33      2500.00     0.879352E-03 0.735250E-05 0.838522E-04  0.00000     0.727363E-04  0.00000      0.00000     0.369706E-04 0.381026E-04 0.251132E-04  0.00000    
  1193.18      2500.00     0.879352E-03 0.735250E-05 0.838522E-04  0.00000     0.727363E-04  0.00000      0.00000     0.369706E-04 0.381026E-04 0.251132E-04  0.00000    
  1192.02      2500.00     0.879352E-03 0.735250E-05 0.838522E-04  0.00000     0.727363E-04  0.00000      0.00000     0.369706E-04 0.381026E-04 0.251132E-04  0.00000    
  1190.86      2500.00     0.879352E-03 0.735250E-05 0.838522E-04  0.00000     0.727363E-04  0.00000      0.00000     0.369706E-04 0.381026E-04 0.251132E-04  0.00000    
  1189.71      2500.00     0.879352E-03 0.735250E-05 0.838522E-04  0.00000     0.727363E-04  0.00000      0.00000     0.369706E-04 0.381026E-04 0.251132E-04  0.00000    
  1188.55      2500.00     0.879352E-03 0.735250E-05 0.838522E-04  0.00000     0.727363E-04  0.00000      0.00000     0.369706E-04 0.381026E-04 0.251132E-04  0.00000    
  1187.39      2500.00     0.879352E-03 0.735250E-05 0.838522E-04  0.00000     0.727363E-04  0.00000      0.00000     0.369706E-04 0.381026E-04 0.251132E-04  0.00000    
  1186.24      2500.00     0.879352E-03 0.735250E-05 0.838522E-04  0.00000     0.727363E-04  0.00000      0.00000     0.369706E-04 0.381026E-04 0.251132E-04  0.00000    
  1185.08      2500.00     0.879352E-03 0.735250E-05 0.838522E-04  0.00000     0.727363E-04  0.00000      0.00000     0.369706E-04 0.381026E-04 0.251132E-04  0.00000    
  1183.92      2500.00     0.879352E-03 0.735250E-05 0.838522E-04  0.00000     0.727363E-04  0.00000      0.00000     0.369706E-04 0.381026E-04 0.251132E-04  0.00000    
  1182.77      2500.00     0.879352E-03 0.735250E-05 0.838522E-04  0.00000     0.727363E-04  0.00000      0.00000     0.369706E-04 0.381026E-04 0.251132E-04  0.00000    
  1181.61      2500.00     0.879352E-03 0.735250E-05 0.838522E-04  0.00000     0.727363E-04  0.00000      0.00000     0.369706E-04 0.381026E-04 0.251132E-04  0.00000    
  1180.45      2500.00     0.879352E-03 0.735250E-05 0.838522E-04  0.00000     0.727363E-04  0.00000      0.00000     0.369706E-04 0.381026E-04 0.251132E-04  0.00000    
  1179.29      2500.00     0.879352E-03 0.735250E-05 0.838522E-04  0.00000     0.727363E-04  0.00000      0.00000     0.369706E-04 0.381026E-04 0.251132E-04  0.00000    
  1178.14      2500.00     0.879352E-03 0.735250E-05 0.838522E-04  0.00000     0.727363E-04  0.00000      0.00000     0.369706E-04 0.381026E-04 0.251132E-04  0.00000    
  1176.98      2500.00     0.879352E-03 0.735250E-05 0.838522E-04  0.00000     0.727363E-04  0.00000      0.00000     0.369706E-04 0.381026E-04 0.251132E-04  0.00000    
  1175.82      2500.00     0.879352E-03 0.735250E-05 0.838522E-04  0.00000     0.727363E-04  0.00000      0.00000     0.369706E-04 0.381026E-04 0.251132E-04  0.00000    
  1174.67      2500.00     0.879352E-03 0.735250E-05 0.838522E-04  0.00000     0.727363E-04  0.00000      0.00000     0.369706E-04 0.381026E-04 0.251132E-04  0.00000    
  1173.51      2500.00     0.879352E-03 0.735250E-05 0.838522E-04  0.00000     0.727363E-04  0.00000      0.00000     0.369706E-04 0.381026E-04 0.251132E-04  0.00000    
  1172.35      2500.00     0.879352E-03 0.735250E-05 0.838522E-04  0.00000     0.727363E-04  0.00000      0.00000     0.369706E-04 0.381026E-04 0.251132E-04  0.00000    
  1171.20      2500.00     0.879352E-03 0.735250E-05 0.838522E-04  0.00000     0.727363E-04  0.00000      0.00000     0.369706E-04 0.381026E-04 0.251132E-04  0.00000    
  1170.04      2500.00     0.879352E-03 0.735250E-05 0.838522E-04  0.00000     0.727363E-04  0.00000      0.00000     0.369706E-04 0.381026E-04 0.251132E-04  0.00000    
  1168.88      2500.00     0.879352E-03 0.735250E-05 0.838522E-04  0.00000     0.727363E-04  0.00000      0.00000     0.369706E-04 0.381026E-04 0.251132E-04  0.00000    
  1167.73      2500.00     0.879352E-03 0.735250E-05 0.838522E-04  0.00000     0.727363E-04  0.00000      0.00000     0.369706E-04 0.381026E-04 0.251132E-04  0.00000    
  1166.57      2500.00     0.879352E-03 0.735250E-05 0.838522E-04  0.00000     0.727363E-04  0.00000      0.00000     0.369706E-04 0.381026E-04 0.251132E-04  0.00000    
  1165.41      2500.00     0.879352E-03 0.735250E-05 0.838522E-04  0.00000     0.727363E-04  0.00000      0.00000     0.369706E-04 0.381026E-04 0.251132E-04  0.00000    
  1164.26      2500.00     0.879352E-03 0.735250E-05 0.838522E-04  0.00000     0.727363E-04  0.00000      0.00000     0.369706E-04 0.381026E-04 0.251132E-04  0.00000    
  1163.10      2500.00     0.879352E-03 0.735250E-05 0.838522E-04  0.00000     0.727363E-04  0.00000      0.00000     0.369706E-04 0.381026E-04 0.251132E-04  0.00000    
  1161.94      2500.00     0.879352E-03 0.735250E-05 0.838522E-04  0.00000     0.727363E-04  0.00000      0.00000     0.369706E-04 0.381026E-04 0.251132E-04  0.00000    
  1160.79      2500.00     0.879352E-03 0.735250E-05 0.838522E-04  0.00000     0.727363E-04  0.00000      0.00000     0.369706E-04 0.381026E-04 0.251132E-04  0.00000    
  1159.63      2500.00     0.879352E-03 0.735250E-05 0.838522E-04  0.00000     0.727363E-04  0.00000      0.00000     0.369706E-04 0.381026E-04 0.251132E-04  0.00000    
  1158.47      2500.00     0.879352E-03 0.735250E-05 0.838522E-04  0.00000     0.727363E-04  0.00000      0.00000     0.369706E-04 0.381026E-04 0.251132E-04  0.00000    
  1157.32      2500.00     0.879352E-03 0.735250E-05 0.838522E-04  0.00000     0.727363E-04  0.00000      0.00000     0.369706E-04 0.381026E-04 0.251132E-04  0.00000    
  1156.16      2500.00     0.879352E-03 0.735250E-05 0.838522E-04  0.00000     0.727363E-04  0.00000      0.00000     0.369706E-04 0.381026E-04 0.251132E-04  0.00000    
  1155.00      2500.00     0.879352E-03 0.735250E-05 0.838522E-04  0.00000     0.727363E-04  0.00000      0.00000     0.369706E-04 0.381026E-04 0.251132E-04  0.00000    
  1153.85      2500.00     0.879352E-03 0.735250E-05 0.838522E-04  0.00000     0.727363E-04  0.00000      0.00000     0.369706E-04 0.381026E-04 0.251132E-04  0.00000    
  1152.69      2500.00     0.879352E-03 0.735250E-05 0.838522E-04  0.00000     0.727363E-04  0.00000      0.00000     0.369706E-04 0.381026E-04 0.251132E-04  0.00000    
  1151.53      2500.00     0.879352E-03 0.735250E-05 0.838522E-04  0.00000     0.727363E-04  0.00000      0.00000     0.369706E-04 0.381026E-04 0.251132E-04  0.00000    
  1150.38      2500.00     0.879352E-03 0.735250E-05 0.838522E-04  0.00000     0.727363E-04  0.00000      0.00000     0.369706E-04 0.381026E-04 0.251132E-04  0.00000    
  1149.22      2500.00     0.879352E-03 0.735250E-05 0.838522E-04  0.00000     0.727363E-04  0.00000      0.00000     0.369706E-04 0.381026E-04 0.251132E-04  0.00000    
  1148.06      2500.00     0.879352E-03 0.735250E-05 0.838522E-04  0.00000     0.727363E-04  0.00000      0.00000     0.369706E-04 0.381026E-04 0.251132E-04  0.00000    
  1146.91      2500.00     0.879352E-03 0.735250E-05 0.838522E-04  0.00000     0.727363E-04  0.00000      0.00000     0.369706E-04 0.381026E-04 0.251132E-04  0.00000    
  1145.75      2500.00     0.879352E-03 0.735250E-05 0.838522E-04  0.00000     0.727363E-04  0.00000      0.00000     0.369706E-04 0.381026E-04 0.251132E-04  0.00000    
  1144.59      2500.00     0.879352E-03 0.735250E-05 0.838522E-04  0.00000     0.727363E-04  0.00000      0.00000     0.369706E-04 0.381026E-04 0.251132E-04  0.00000    
  1143.44      2500.00     0.879352E-03 0.735250E-05 0.838522E-04  0.00000     0.727363E-04  0.00000      0.00000     0.369706E-04 0.381026E-04 0.251132E-04  0.00000    
  1142.28      2500.00     0.879352E-03 0.735250E-05 0.838522E-04  0.00000     0.727363E-04  0.00000      0.00000     0.369706E-04 0.381026E-04 0.251132E-04  0.00000    
  1141.12      2500.00     0.879352E-03 0.735250E-05 0.838522E-04  0.00000     0.727363E-04  0.00000      0.00000     0.369706E-04 0.381026E-04 0.251132E-04  0.00000    
  1139.97      2500.00     0.879352E-03 0.735250E-05 0.838522E-04  0.00000     0.727363E-04  0.00000      0.00000     0.369706E-04 0.381026E-04 0.251132E-04  0.00000    
  1138.81      2500.00     0.879352E-03 0.735250E-05 0.838522E-04  0.00000     0.727363E-04  0.00000      0.00000     0.369706E-04 0.381026E-04 0.251132E-04  0.00000    
  1137.65      2500.00     0.879352E-03 0.735250E-05 0.838522E-04  0.00000     0.727363E-04  0.00000      0.00000     0.369706E-04 0.381026E-04 0.251132E-04  0.00000    
  1136.50      2500.00     0.879352E-03 0.735250E-05 0.838522E-04  0.00000     0.727363E-04  0.00000      0.00000     0.369706E-04 0.381026E-04 0.251132E-04  0.00000    
  1135.34      2500.00     0.879352E-03 0.735250E-05 0.838522E-04  0.00000     0.727363E-04  0.00000      0.00000     0.369706E-04 0.381026E-04 0.251132E-04  0.00000    
  1134.18      2500.00     0.879352E-03 0.735250E-05 0.838522E-04  0.00000     0.727363E-04  0.00000      0.00000     0.369706E-04 0.381026E-04 0.251132E-04  0.00000    
  1133.03      2500.00     0.879352E-03 0.735250E-05 0.838522E-04  0.00000     0.727363E-04  0.00000      0.00000     0.369706E-04 0.381026E-04 0.251132E-04  0.00000    
  1131.87      2500.00     0.879352E-03 0.735250E-05 0.838522E-04  0.00000     0.727363E-04  0.00000      0.00000     0.369706E-04 0.381026E-04 0.251132E-04  0.00000    
  1130.71      2500.00     0.879352E-03 0.735250E-05 0.838522E-04  0.00000     0.727363E-04  0.00000      0.00000     0.369706E-04 0.381026E-04 0.251132E-04  0.00000    
  1129.56      2500.00     0.879352E-03 0.735250E-05 0.838522E-04  0.00000     0.727363E-04  0.00000      0.00000     0.369706E-04 0.381026E-04 0.251132E-04  0.00000    
  1128.40      2500.00     0.879352E-03 0.735250E-05 0.838522E-04  0.00000     0.727363E-04  0.00000      0.00000     0.369706E-04 0.381026E-04 0.251132E-04  0.00000    
  1127.24      2500.00     0.879352E-03 0.735250E-05 0.838522E-04  0.00000     0.727363E-04  0.00000      0.00000     0.369706E-04 0.381026E-04 0.251132E-04  0.00000    
  1126.08      2500.00     0.879352E-03 0.735250E-05 0.838522E-04  0.00000     0.727363E-04  0.00000      0.00000     0.369706E-04 0.381026E-04 0.251132E-04  0.00000    
  1124.93      2500.00     0.879352E-03 0.735250E-05 0.838522E-04  0.00000     0.727363E-04  0.00000      0.00000     0.369706E-04 0.381026E-04 0.251132E-04  0.00000    
  1123.77      2500.00     0.879352E-03 0.735250E-05 0.838522E-04  0.00000     0.727363E-04  0.00000      0.00000     0.369706E-04 0.381026E-04 0.251132E-04  0.00000    
  1122.61      2500.00     0.879352E-03 0.735250E-05 0.838522E-04  0.00000     0.727363E-04  0.00000      0.00000     0.369706E-04 0.381026E-04 0.251132E-04  0.00000    
  1121.46      2500.00     0.879352E-03 0.735250E-05 0.838522E-04  0.00000     0.727363E-04  0.00000      0.00000     0.369706E-04 0.381026E-04 0.251132E-04  0.00000    
  1120.30      2500.00     0.879352E-03 0.735250E-05 0.838522E-04  0.00000     0.727363E-04  0.00000      0.00000     0.369706E-04 0.381026E-04 0.251132E-04  0.00000    
  1119.14      2500.00     0.879352E-03 0.735250E-05 0.838522E-04  0.00000     0.727363E-04  0.00000      0.00000     0.369706E-04 0.381026E-04 0.251132E-04  0.00000    
  1117.99      2500.00     0.879352E-03 0.735250E-05 0.838522E-04  0.00000     0.727363E-04  0.00000      0.00000     0.369706E-04 0.381026E-04 0.251132E-04  0.00000    
  1116.83      2500.00     0.879352E-03 0.735250E-05 0.838522E-04  0.00000     0.727363E-04  0.00000      0.00000     0.369706E-04 0.381026E-04 0.251132E-04  0.00000    
  1115.67      2500.00     0.879352E-03 0.735250E-05 0.838522E-04  0.00000     0.727363E-04  0.00000      0.00000     0.369706E-04 0.381026E-04 0.251132E-04  0.00000    
  1114.52      2500.00     0.879352E-03 0.735250E-05 0.838522E-04  0.00000     0.727363E-04  0.00000      0.00000     0.369706E-04 0.381026E-04 0.251132E-04  0.00000    
  1113.36      2500.00     0.879352E-03 0.735250E-05 0.838522E-04  0.00000     0.727363E-04  0.00000      0.00000     0.369706E-04 0.381026E-04 0.251132E-04  0.00000    
  1112.20      2500.00     0.879352E-03 0.735250E-05 0.838522E-04  0.00000     0.727363E-04  0.00000      0.00000     0.369706E-04 0.381026E-04 0.251132E-04  0.00000    
  1111.05      2500.00     0.879352E-03 0.735250E-05 0.838522E-04  0.00000     0.727363E-04  0.00000      0.00000     0.369706E-04 0.381026E-04 0.251132E-04  0.00000    
  1109.89      2500.00     0.879352E-03 0.735250E-05 0.838522E-04  0.00000     0.727363E-04  0.00000      0.00000     0.369706E-04 0.381026E-04 0.251132E-04  0.00000    
  1108.73      2500.00     0.879352E-03 0.735250E-05 0.838522E-04  0.00000     0.727363E-04  0.00000      0.00000     0.369706E-04 0.381026E-04 0.251132E-04  0.00000    
  1107.58      2500.00     0.879352E-03 0.735250E-05 0.838522E-04  0.00000     0.727363E-04  0.00000      0.00000     0.369706E-04 0.381026E-04 0.251132E-04  0.00000    
  1106.42      2500.00     0.879352E-03 0.735250E-05 0.838522E-04  0.00000     0.727363E-04  0.00000      0.00000     0.369706E-04 0.381026E-04 0.251132E-04  0.00000    
  1105.26      2500.00     0.879352E-03 0.735250E-05 0.838522E-04  0.00000     0.727363E-04  0.00000      0.00000     0.369706E-04 0.381026E-04 0.251132E-04  0.00000    
  1104.11      2500.00     0.879352E-03 0.735250E-05 0.838522E-04  0.00000     0.727363E-04  0.00000      0.00000     0.369706E-04 0.381026E-04 0.251132E-04  0.00000    
  1102.95      2500.00     0.879352E-03 0.735250E-05 0.838522E-04  0.00000     0.727363E-04  0.00000      0.00000     0.369706E-04 0.381026E-04 0.251132E-04  0.00000    
  1101.79      2500.00     0.879352E-03 0.735250E-05 0.838522E-04  0.00000     0.727363E-04  0.00000      0.00000     0.369706E-04 0.381026E-04 0.251132E-04  0.00000    
  1100.64      2500.00     0.879352E-03 0.735250E-05 0.838522E-04  0.00000     0.727363E-04  0.00000      0.00000     0.369706E-04 0.381026E-04 0.251132E-04  0.00000    
  1099.48      2500.00     0.879352E-03 0.735250E-05 0.838522E-04  0.00000     0.727363E-04  0.00000      0.00000     0.369706E-04 0.381026E-04 0.251132E-04  0.00000    
  1098.32      2500.00     0.879352E-03 0.735250E-05 0.838522E-04  0.00000     0.727363E-04  0.00000      0.00000     0.369706E-04 0.381026E-04 0.251132E-04  0.00000    
  1097.17      2500.00     0.879352E-03 0.735250E-05 0.838522E-04  0.00000     0.727363E-04  0.00000      0.00000     0.369706E-04 0.381026E-04 0.251132E-04  0.00000    
  1096.01      2500.00     0.879352E-03 0.735250E-05 0.838522E-04  0.00000     0.727363E-04  0.00000      0.00000     0.369706E-04 0.381026E-04 0.251132E-04  0.00000    
  1094.85      2500.00     0.879352E-03 0.735250E-05 0.838522E-04  0.00000     0.727363E-04  0.00000      0.00000     0.369706E-04 0.381026E-04 0.251132E-04  0.00000    
  1093.70      2500.00     0.879352E-03 0.735250E-05 0.838522E-04  0.00000     0.727363E-04  0.00000      0.00000     0.369706E-04 0.381026E-04 0.251132E-04  0.00000    
  1092.54      2500.00     0.879352E-03 0.735250E-05 0.838522E-04  0.00000     0.727363E-04  0.00000      0.00000     0.369706E-04 0.381026E-04 0.251132E-04  0.00000    
  1091.38      2500.00     0.879352E-03 0.735250E-05 0.838522E-04  0.00000     0.727363E-04  0.00000      0.00000     0.369706E-04 0.381026E-04 0.251132E-04  0.00000    
  1090.23      2500.00     0.879352E-03 0.735250E-05 0.838522E-04  0.00000     0.727363E-04  0.00000      0.00000     0.369706E-04 0.381026E-04 0.251132E-04  0.00000    
  1089.07      2500.00     0.879352E-03 0.735250E-05 0.838522E-04  0.00000     0.727363E-04  0.00000      0.00000     0.369706E-04 0.381026E-04 0.251132E-04  0.00000    
  1087.91      2500.00     0.879352E-03 0.735250E-05 0.838522E-04  0.00000     0.727363E-04  0.00000      0.00000     0.369706E-04 0.381026E-04 0.251132E-04  0.00000    
  1086.76      2500.00     0.879352E-03 0.735250E-05 0.838522E-04  0.00000     0.727363E-04  0.00000      0.00000     0.369706E-04 0.381026E-04 0.251132E-04  0.00000    
  1085.60      2500.00     0.879352E-03 0.735250E-05 0.838522E-04  0.00000     0.727363E-04  0.00000      0.00000     0.369706E-04 0.381026E-04 0.251132E-04  0.00000    
  1084.44      2500.00     0.879352E-03 0.735250E-05 0.838522E-04  0.00000     0.727363E-04  0.00000      0.00000     0.369706E-04 0.381026E-04 0.251132E-04  0.00000    
  1083.29      2500.00     0.879352E-03 0.735250E-05 0.838522E-04  0.00000     0.727363E-04  0.00000      0.00000     0.369706E-04 0.381026E-04 0.251132E-04  0.00000    
  1082.13      2500.00     0.879352E-03 0.735250E-05 0.838522E-04  0.00000     0.727363E-04  0.00000      0.00000     0.369706E-04 0.381026E-04 0.251132E-04  0.00000    
  1080.97      2500.00     0.879352E-03 0.735250E-05 0.838522E-04  0.00000     0.727363E-04  0.00000      0.00000     0.369706E-04 0.381026E-04 0.251132E-04  0.00000    
  1079.82      2500.00     0.879352E-03 0.735250E-05 0.838522E-04  0.00000     0.727363E-04  0.00000      0.00000     0.369706E-04 0.381026E-04 0.251132E-04  0.00000    
  1078.66      2500.00     0.879352E-03 0.735250E-05 0.838522E-04  0.00000     0.727363E-04  0.00000      0.00000     0.369706E-04 0.381026E-04 0.251132E-04  0.00000    
  1077.50      2500.00     0.879352E-03 0.735250E-05 0.838522E-04  0.00000     0.727363E-04  0.00000      0.00000     0.369706E-04 0.381026E-04 0.251132E-04  0.00000    
  1076.34      2500.00     0.879352E-03 0.735250E-05 0.838522E-04  0.00000     0.727363E-04  0.00000      0.00000     0.369706E-04 0.381026E-04 0.251132E-04  0.00000    
  1075.19      2500.00     0.879352E-03 0.735250E-05 0.838522E-04  0.00000     0.727363E-04  0.00000      0.00000     0.369706E-04 0.381026E-04 0.251132E-04  0.00000    
  1074.03      2500.00     0.879352E-03 0.735250E-05 0.838522E-04  0.00000     0.727363E-04  0.00000      0.00000     0.369706E-04 0.381026E-04 0.251132E-04  0.00000    
  1072.87      2500.00     0.879352E-03 0.735250E-05 0.838522E-04  0.00000     0.727363E-04  0.00000      0.00000     0.369706E-04 0.381026E-04 0.251132E-04  0.00000    
  1071.72      2500.00     0.879352E-03 0.735250E-05 0.838522E-04  0.00000     0.727363E-04  0.00000      0.00000     0.369706E-04 0.381026E-04 0.251132E-04  0.00000    
  1070.56      2500.00     0.879352E-03 0.735250E-05 0.838522E-04  0.00000     0.727363E-04  0.00000      0.00000     0.369706E-04 0.381026E-04 0.251132E-04  0.00000    
  1069.40      2500.00     0.879352E-03 0.735250E-05 0.838522E-04  0.00000     0.727363E-04  0.00000      0.00000     0.369706E-04 0.381026E-04 0.251132E-04  0.00000    
  1068.25      2500.00     0.879352E-03 0.735250E-05 0.838522E-04  0.00000     0.727363E-04  0.00000      0.00000     0.369706E-04 0.381026E-04 0.251132E-04  0.00000    
  1067.09      2500.00     0.879352E-03 0.735250E-05 0.838522E-04  0.00000     0.727363E-04  0.00000      0.00000     0.369706E-04 0.381026E-04 0.251132E-04  0.00000    
  1065.93      2500.00     0.879352E-03 0.735250E-05 0.838522E-04  0.00000     0.727363E-04  0.00000      0.00000     0.369706E-04 0.381026E-04 0.251132E-04  0.00000    
  1064.78      2500.00     0.879352E-03 0.735250E-05 0.838522E-04  0.00000     0.727363E-04  0.00000      0.00000     0.369706E-04 0.381026E-04 0.251132E-04  0.00000    
  1063.62      2500.00     0.879352E-03 0.735250E-05 0.838522E-04  0.00000     0.727363E-04  0.00000      0.00000     0.369706E-04 0.381026E-04 0.251132E-04  0.00000    
  1062.46      2500.00     0.879352E-03 0.735250E-05 0.838522E-04  0.00000     0.727363E-04  0.00000      0.00000     0.369706E-04 0.381026E-04 0.251132E-04  0.00000    
  1061.31      2500.00     0.879352E-03 0.735250E-05 0.838522E-04  0.00000     0.727363E-04  0.00000      0.00000     0.369706E-04 0.381026E-04 0.251132E-04  0.00000    
  1060.15      2500.00     0.879352E-03 0.735250E-05 0.838522E-04  0.00000     0.727363E-04  0.00000      0.00000     0.369706E-04 0.381026E-04 0.251132E-04  0.00000    
  1058.99      2500.00     0.879352E-03 0.735250E-05 0.838522E-04  0.00000     0.727363E-04  0.00000      0.00000     0.369706E-04 0.381026E-04 0.251132E-04  0.00000    
  1057.84      2500.00     0.879352E-03 0.735250E-05 0.838522E-04  0.00000     0.727363E-04  0.00000      0.00000     0.369706E-04 0.381026E-04 0.251132E-04  0.00000    
  1056.68      2500.00     0.879352E-03 0.735250E-05 0.838522E-04  0.00000     0.727363E-04  0.00000      0.00000     0.369706E-04 0.381026E-04 0.251132E-04  0.00000    
  1055.52      2500.00     0.879352E-03 0.735250E-05 0.838522E-04  0.00000     0.727363E-04  0.00000      0.00000     0.369706E-04 0.381026E-04 0.251132E-04  0.00000    
  1054.37      2500.00     0.879352E-03 0.735250E-05 0.838522E-04  0.00000     0.727363E-04  0.00000      0.00000     0.369706E-04 0.381026E-04 0.251132E-04  0.00000    
  1053.21      2500.00     0.879352E-03 0.735250E-05 0.838522E-04  0.00000     0.727363E-04  0.00000      0.00000     0.369706E-04 0.381026E-04 0.251132E-04  0.00000    
  1052.05      2500.00     0.879352E-03 0.735250E-05 0.838522E-04  0.00000     0.727363E-04  0.00000      0.00000     0.369706E-04 0.381026E-04 0.251132E-04  0.00000    
  1050.90      2500.00     0.879352E-03 0.735250E-05 0.838522E-04  0.00000     0.727363E-04  0.00000      0.00000     0.369706E-04 0.381026E-04 0.251132E-04  0.00000    
  1049.74      2500.00     0.879352E-03 0.735250E-05 0.838522E-04  0.00000     0.727363E-04  0.00000      0.00000     0.369706E-04 0.381026E-04 0.251132E-04  0.00000    
  1048.58      2500.00     0.879352E-03 0.735250E-05 0.838522E-04  0.00000     0.727363E-04  0.00000      0.00000     0.369706E-04 0.381026E-04 0.251132E-04  0.00000    
  1047.43      2500.00     0.879352E-03 0.735250E-05 0.838522E-04  0.00000     0.727363E-04  0.00000      0.00000     0.369706E-04 0.381026E-04 0.251132E-04  0.00000    
  1046.27      2500.00     0.879352E-03 0.735250E-05 0.838522E-04  0.00000     0.727363E-04  0.00000      0.00000     0.369706E-04 0.381026E-04 0.251132E-04  0.00000    
  1045.11      2500.00     0.879352E-03 0.735250E-05 0.838522E-04  0.00000     0.727363E-04  0.00000      0.00000     0.369706E-04 0.381026E-04 0.251132E-04  0.00000    
  1043.96      2500.00     0.879352E-03 0.735250E-05 0.838522E-04  0.00000     0.727363E-04  0.00000      0.00000     0.369706E-04 0.381026E-04 0.251132E-04  0.00000    
  1042.80      2500.00     0.879352E-03 0.735250E-05 0.838522E-04  0.00000     0.727363E-04  0.00000      0.00000     0.369706E-04 0.381026E-04 0.251132E-04  0.00000    
  1041.64      2500.00     0.879352E-03 0.735250E-05 0.838522E-04  0.00000     0.727363E-04  0.00000      0.00000     0.369706E-04 0.381026E-04 0.251132E-04  0.00000    
  1040.49      2500.00     0.879352E-03 0.735250E-05 0.838522E-04  0.00000     0.727363E-04  0.00000      0.00000     0.369706E-04 0.381026E-04 0.251132E-04  0.00000    
  1039.33      2500.00     0.879352E-03 0.735250E-05 0.838522E-04  0.00000     0.727363E-04  0.00000      0.00000     0.369706E-04 0.381026E-04 0.251132E-04  0.00000    
  1038.17      2500.00     0.879352E-03 0.735250E-05 0.838522E-04  0.00000     0.727363E-04  0.00000      0.00000     0.369706E-04 0.381026E-04 0.251132E-04  0.00000    
  1037.02      2500.00     0.879352E-03 0.735250E-05 0.838522E-04  0.00000     0.727363E-04  0.00000      0.00000     0.369706E-04 0.381026E-04 0.251132E-04  0.00000    
  1035.86      2500.00     0.879352E-03 0.735250E-05 0.838522E-04  0.00000     0.727363E-04  0.00000      0.00000     0.369706E-04 0.381026E-04 0.251132E-04  0.00000    
  1034.70      2500.00     0.879352E-03 0.735250E-05 0.838522E-04  0.00000     0.727363E-04  0.00000      0.00000     0.369706E-04 0.381026E-04 0.251132E-04  0.00000    
  1033.55      2500.00     0.879352E-03 0.735250E-05 0.838522E-04  0.00000     0.727363E-04  0.00000      0.00000     0.369706E-04 0.381026E-04 0.251132E-04  0.00000    
  1032.39      2500.00     0.879352E-03 0.735250E-05 0.838522E-04  0.00000     0.727363E-04  0.00000      0.00000     0.369706E-04 0.381026E-04 0.251132E-04  0.00000    
  1031.23      2500.00     0.879352E-03 0.735250E-05 0.838522E-04  0.00000     0.727363E-04  0.00000      0.00000     0.369706E-04 0.381026E-04 0.251132E-04  0.00000    
  1030.08      2500.00     0.879352E-03 0.735250E-05 0.838522E-04  0.00000     0.727363E-04  0.00000      0.00000     0.369706E-04 0.381026E-04 0.251132E-04  0.00000    
  1028.92      2500.00     0.879352E-03 0.735250E-05 0.838522E-04  0.00000     0.727363E-04  0.00000      0.00000     0.369706E-04 0.381026E-04 0.251132E-04  0.00000    
  1027.76      2500.00     0.879352E-03 0.735250E-05 0.838522E-04  0.00000     0.727363E-04  0.00000      0.00000     0.369706E-04 0.381026E-04 0.251132E-04  0.00000    
  1026.61      2500.00     0.879352E-03 0.735250E-05 0.838522E-04  0.00000     0.727363E-04  0.00000      0.00000     0.369706E-04 0.381026E-04 0.251132E-04  0.00000    
  1025.45      2500.00     0.879352E-03 0.735250E-05 0.838522E-04  0.00000     0.727363E-04  0.00000      0.00000     0.369706E-04 0.381026E-04 0.251132E-04  0.00000    
  1024.29      2500.00     0.879352E-03 0.735250E-05 0.838522E-04  0.00000     0.727363E-04  0.00000      0.00000     0.369706E-04 0.381026E-04 0.251132E-04  0.00000    
  1023.13      2500.00     0.879352E-03 0.735250E-05 0.838522E-04  0.00000     0.727363E-04  0.00000      0.00000     0.369706E-04 0.381026E-04 0.251132E-04  0.00000    
  1021.98      2500.00     0.879352E-03 0.735250E-05 0.838522E-04  0.00000     0.727363E-04  0.00000      0.00000     0.369706E-04 0.381026E-04 0.251132E-04  0.00000    
  1020.82      2500.00     0.879352E-03 0.735250E-05 0.838522E-04  0.00000     0.727363E-04  0.00000      0.00000     0.369706E-04 0.381026E-04 0.251132E-04  0.00000    
  1019.66      2500.00     0.879352E-03 0.735250E-05 0.838522E-04  0.00000     0.727363E-04  0.00000      0.00000     0.369706E-04 0.381026E-04 0.251132E-04  0.00000    
  1018.51      2500.00     0.879352E-03 0.735250E-05 0.838522E-04  0.00000     0.727363E-04  0.00000      0.00000     0.369706E-04 0.381026E-04 0.251132E-04  0.00000    
  1017.35      2500.00     0.879352E-03 0.735250E-05 0.838522E-04  0.00000     0.727363E-04  0.00000      0.00000     0.369706E-04 0.381026E-04 0.251132E-04  0.00000    
  1016.19      2500.00     0.879352E-03 0.735250E-05 0.838522E-04  0.00000     0.727363E-04  0.00000      0.00000     0.369706E-04 0.381026E-04 0.251132E-04  0.00000    
  1015.04      2500.00     0.879352E-03 0.735250E-05 0.838522E-04  0.00000     0.727363E-04  0.00000      0.00000     0.369706E-04 0.381026E-04 0.251132E-04  0.00000    
  1013.88      2500.00     0.879352E-03 0.735250E-05 0.838522E-04  0.00000     0.727363E-04  0.00000      0.00000     0.369706E-04 0.381026E-04 0.251132E-04  0.00000    
  1012.72      2500.00     0.879352E-03 0.735250E-05 0.838522E-04  0.00000     0.727363E-04  0.00000      0.00000     0.369706E-04 0.381026E-04 0.251132E-04  0.00000    
  1011.57      2500.00     0.879352E-03 0.735250E-05 0.838522E-04  0.00000     0.727363E-04  0.00000      0.00000     0.369706E-04 0.381026E-04 0.251132E-04  0.00000    
  1010.41      2500.00     0.879352E-03 0.735250E-05 0.838522E-04  0.00000     0.727363E-04  0.00000      0.00000     0.369706E-04 0.381026E-04 0.251132E-04  0.00000    
  1009.25      2500.00     0.879352E-03 0.735250E-05 0.838522E-04  0.00000     0.727363E-04  0.00000      0.00000     0.369706E-04 0.381026E-04 0.251132E-04  0.00000    
  1008.10      2500.00     0.879352E-03 0.735250E-05 0.838522E-04  0.00000     0.727363E-04  0.00000      0.00000     0.369706E-04 0.381026E-04 0.251132E-04  0.00000    
  1006.94      2500.00     0.879352E-03 0.735250E-05 0.838522E-04  0.00000     0.727363E-04  0.00000      0.00000     0.369706E-04 0.381026E-04 0.251132E-04  0.00000    
  1005.78      2500.00     0.879352E-03 0.735250E-05 0.838522E-04  0.00000     0.727363E-04  0.00000      0.00000     0.369706E-04 0.381026E-04 0.251132E-04  0.00000    
  1004.63      2500.00     0.879352E-03 0.735250E-05 0.838522E-04  0.00000     0.727363E-04  0.00000      0.00000     0.369706E-04 0.381026E-04 0.251132E-04  0.00000    
  1003.47      2500.00     0.879352E-03 0.735250E-05 0.838522E-04  0.00000     0.727363E-04  0.00000      0.00000     0.369706E-04 0.381026E-04 0.251132E-04  0.00000    
  1002.31      2500.00     0.879352E-03 0.735250E-05 0.838522E-04  0.00000     0.727363E-04  0.00000      0.00000     0.369706E-04 0.381026E-04 0.251132E-04  0.00000    
  1001.16      2500.00     0.879352E-03 0.735250E-05 0.838522E-04  0.00000     0.727363E-04  0.00000      0.00000     0.369706E-04 0.381026E-04 0.251132E-04  0.00000    
  1000.00      2500.00     0.879352E-03 0.735250E-05 0.838522E-04  0.00000     0.727363E-04  0.00000      0.00000     0.369706E-04 0.381026E-04 0.251132E-04  0.00000    
