|6.6.6
Archiving\03_Data\frac/QFM_m1.5/TAY13/TAY13_5.tab                         
           1
T(K)    
  0.000000000000000E+000
  0.000000000000000E+000
           0
          10
T(K)           P(bar)         pcr     usp     imt     ispTH     iherc     nmt     nsp     nherc    
  2000.00        2500.00                 NaN            NaN            NaN            NaN            NaN            NaN            NaN            NaN
  1997.49        2500.00                 NaN            NaN            NaN            NaN            NaN            NaN            NaN            NaN
  1994.99        2500.00                 NaN            NaN            NaN            NaN            NaN            NaN            NaN            NaN
  1992.48        2500.00                 NaN            NaN            NaN            NaN            NaN            NaN            NaN            NaN
  1989.97        2500.00                 NaN            NaN            NaN            NaN            NaN            NaN            NaN            NaN
  1987.47        2500.00                 NaN            NaN            NaN            NaN            NaN            NaN            NaN            NaN
  1984.96        2500.00                 NaN            NaN            NaN            NaN            NaN            NaN            NaN            NaN
  1982.46        2500.00                 NaN            NaN            NaN            NaN            NaN            NaN            NaN            NaN
  1979.95        2500.00                 NaN            NaN            NaN            NaN            NaN            NaN            NaN            NaN
  1977.44        2500.00                 NaN            NaN            NaN            NaN            NaN            NaN            NaN            NaN
  1974.94        2500.00                 NaN            NaN            NaN            NaN            NaN            NaN            NaN            NaN
  1972.43        2500.00                 NaN            NaN            NaN            NaN            NaN            NaN            NaN            NaN
  1969.92        2500.00                 NaN            NaN            NaN            NaN            NaN            NaN            NaN            NaN
  1967.42        2500.00                 NaN            NaN            NaN            NaN            NaN            NaN            NaN            NaN
  1964.91        2500.00                 NaN            NaN            NaN            NaN            NaN            NaN            NaN            NaN
  1962.41        2500.00                 NaN            NaN            NaN            NaN            NaN            NaN            NaN            NaN
  1959.90        2500.00                 NaN            NaN            NaN            NaN            NaN            NaN            NaN            NaN
  1957.39        2500.00                 NaN            NaN            NaN            NaN            NaN            NaN            NaN            NaN
  1954.89        2500.00                 NaN            NaN            NaN            NaN            NaN            NaN            NaN            NaN
  1952.38        2500.00                 NaN            NaN            NaN            NaN            NaN            NaN            NaN            NaN
  1949.87        2500.00                 NaN            NaN            NaN            NaN            NaN            NaN            NaN            NaN
  1947.37        2500.00                 NaN            NaN            NaN            NaN            NaN            NaN            NaN            NaN
  1944.86        2500.00                 NaN            NaN            NaN            NaN            NaN            NaN            NaN            NaN
  1942.36        2500.00                 NaN            NaN            NaN            NaN            NaN            NaN            NaN            NaN
  1939.85        2500.00                 NaN            NaN            NaN            NaN            NaN            NaN            NaN            NaN
  1937.34        2500.00                 NaN            NaN            NaN            NaN            NaN            NaN            NaN            NaN
  1934.84        2500.00                 NaN            NaN            NaN            NaN            NaN            NaN            NaN            NaN
  1932.33        2500.00                 NaN            NaN            NaN            NaN            NaN            NaN            NaN            NaN
  1929.82        2500.00                 NaN            NaN            NaN            NaN            NaN            NaN            NaN            NaN
  1927.32        2500.00                 NaN            NaN            NaN            NaN            NaN            NaN            NaN            NaN
  1924.81        2500.00                 NaN            NaN            NaN            NaN            NaN            NaN            NaN            NaN
  1922.31        2500.00                 NaN            NaN            NaN            NaN            NaN            NaN            NaN            NaN
  1919.80        2500.00                 NaN            NaN            NaN            NaN            NaN            NaN            NaN            NaN
  1917.29        2500.00                 NaN            NaN            NaN            NaN            NaN            NaN            NaN            NaN
  1914.79        2500.00                 NaN            NaN            NaN            NaN            NaN            NaN            NaN            NaN
  1912.28        2500.00                 NaN            NaN            NaN            NaN            NaN            NaN            NaN            NaN
  1909.77        2500.00                 NaN            NaN            NaN            NaN            NaN            NaN            NaN            NaN
  1907.27        2500.00                 NaN            NaN            NaN            NaN            NaN            NaN            NaN            NaN
  1904.76        2500.00                 NaN            NaN            NaN            NaN            NaN            NaN            NaN            NaN
  1902.26        2500.00                 NaN            NaN            NaN            NaN            NaN            NaN            NaN            NaN
  1899.75        2500.00                 NaN            NaN            NaN            NaN            NaN            NaN            NaN            NaN
  1897.24        2500.00                 NaN            NaN            NaN            NaN            NaN            NaN            NaN            NaN
  1894.74        2500.00                 NaN            NaN            NaN            NaN            NaN            NaN            NaN            NaN
  1892.23        2500.00                 NaN            NaN            NaN            NaN            NaN            NaN            NaN            NaN
  1889.72        2500.00                 NaN            NaN            NaN            NaN            NaN            NaN            NaN            NaN
  1887.22        2500.00                 NaN            NaN            NaN            NaN            NaN            NaN            NaN            NaN
  1884.71        2500.00                 NaN            NaN            NaN            NaN            NaN            NaN            NaN            NaN
  1882.21        2500.00                 NaN            NaN            NaN            NaN            NaN            NaN            NaN            NaN
  1879.70        2500.00                 NaN            NaN            NaN            NaN            NaN            NaN            NaN            NaN
  1877.19        2500.00                 NaN            NaN            NaN            NaN            NaN            NaN            NaN            NaN
  1874.69        2500.00       0.806970       0.803363E-004  0.181838       0.136724      -0.852040E-001 -0.878965E-001 -0.345210       0.392699     
  1872.18        2500.00       0.807356       0.753318E-004  0.180880       0.135099      -0.836487E-001 -0.874377E-001 -0.346896       0.394573     
  1869.67        2500.00       0.807122       0.792107E-004  0.180786       0.133381      -0.820056E-001 -0.873562E-001 -0.349436       0.397430     
  1867.17        2500.00       0.806827       0.708551E-004  0.179389       0.131465      -0.798667E-001 -0.866777E-001 -0.350769       0.399562     
  1864.66        2500.00       0.806786       0.810596E-004  0.179540       0.130111      -0.786890E-001 -0.867201E-001 -0.353085       0.401975     
  1862.16        2500.00       0.806769       0.766276E-004  0.179027       0.128583      -0.772009E-001 -0.864574E-001 -0.354955       0.404158     
  1859.65        2500.00       0.807464       0.753612E-004  0.178147       0.126735      -0.755407E-001 -0.860343E-001 -0.357406       0.406560     
  1857.14        2500.00       0.806801       0.823642E-004  0.177884       0.125294      -0.740000E-001 -0.858742E-001 -0.359062       0.408876     
  1854.64        2500.00       0.807166       0.765406E-004  0.177649       0.123786      -0.727040E-001 -0.857454E-001 -0.361483       0.411255     
  1852.13        2500.00       0.802576       0.296477E-004  0.181057       0.115434      -0.643190E-001 -0.868948E-001 -0.371906       0.424024     
  1849.62        2500.00       0.807134       0.738110E-004  0.176996       0.120345      -0.694370E-001 -0.853785E-001 -0.366468       0.416734     
  1847.12        2500.00       0.807183       0.776821E-004  0.176429       0.118616      -0.677638E-001 -0.850867E-001 -0.368777       0.419322     
  1844.61        2500.00       0.804085       0.401733E-004  0.172801       0.116994      -0.646188E-001 -0.833539E-001 -0.365561       0.419613     
  1842.11        2500.00       0.809285       0.771548E-004  0.175850       0.114457      -0.644452E-001 -0.847752E-001 -0.376582       0.426133     
  1839.60        2500.00       0.806998       0.736440E-004  0.174551       0.114114      -0.632708E-001 -0.841435E-001 -0.374158       0.425836     
  1837.09        2500.00       0.807158       0.847446E-004  0.174258       0.112788      -0.620807E-001 -0.839885E-001 -0.376172       0.427952     
  1834.59        2500.00       0.808236       0.984947E-004  0.173604       0.110880      -0.605214E-001 -0.836724E-001 -0.379465       0.430841     
  1832.08        2500.00       0.807544       0.932903E-004  0.172224       0.109509      -0.588090E-001 -0.830085E-001 -0.379882       0.432329     
  1829.57        2500.00       0.806727       0.861060E-004  0.172286       0.108195      -0.574120E-001 -0.829949E-001 -0.381680       0.434792     
  1827.07        2500.00       0.810141       0.503287E-004  0.179365       0.105303      -0.571290E-001 -0.861772E-001 -0.396463       0.444910     
  1824.56        2500.00       0.806522       0.689470E-004  0.171064       0.105223      -0.544254E-001 -0.823780E-001 -0.385427       0.439352     
  1822.06        2500.00       0.806173       0.724712E-004  0.170203       0.103630      -0.527104E-001 -0.819491E-001 -0.387118       0.441699     
  1819.55        2500.00       0.805138       0.722516E-004  0.169124       0.102273      -0.509847E-001 -0.814148E-001 -0.387700       0.443491     
  1817.04        2500.00       0.806624       0.836734E-004  0.169806       0.100870      -0.502946E-001 -0.817218E-001 -0.391885       0.446518     
  1814.54        2500.00       0.806347       0.823870E-004  0.168838       0.991684E-001 -0.484726E-001 -0.812427E-001 -0.393788       0.449068     
  1812.03        2500.00       0.805332       0.847058E-004  0.168527       0.980126E-001 -0.471047E-001 -0.810601E-001 -0.394844       0.451052     
  1809.52        2500.00       0.804834       0.824061E-004  0.167333       0.964229E-001 -0.452863E-001 -0.804785E-001 -0.396196       0.453289     
  1807.02        2500.00       0.804365       0.752059E-004  0.167498       0.948737E-001 -0.437827E-001 -0.805093E-001 -0.398904       0.456384     
  1804.51        2500.00       0.805114       0.905489E-004  0.167323       0.935559E-001 -0.427900E-001 -0.804172E-001 -0.401647       0.458771     
  1802.01        2500.00       0.804669       0.828269E-004  0.166408       0.923887E-001 -0.414543E-001 -0.799736E-001 -0.402547       0.460426     
  1799.50        2500.00       0.805328       0.807974E-004  0.166261       0.912100E-001 -0.405713E-001 -0.798961E-001 -0.405011       0.462599     
  1796.99        2500.00       0.804838       0.803745E-004  0.165483       0.897073E-001 -0.389243E-001 -0.795033E-001 -0.406740       0.465059     
  1794.49        2500.00       0.804967       0.906236E-004  0.165797       0.883410E-001 -0.378000E-001 -0.796166E-001 -0.409730       0.467951     
  1791.98        2500.00       0.804421       0.841216E-004  0.164543       0.870622E-001 -0.362644E-001 -0.790156E-001 -0.410535       0.469704     
  1789.47        2500.00       0.803723       0.867706E-004  0.163482       0.857370E-001 -0.346823E-001 -0.784961E-001 -0.411549       0.471699     
  1786.97        2500.00       0.804023       0.795361E-004  0.163635       0.845107E-001 -0.337054E-001 -0.785442E-001 -0.414261       0.474263     
  1784.46        2500.00       0.805665       0.929583E-004  0.163959       0.828953E-001 -0.327582E-001 -0.786839E-001 -0.418923       0.477753     
  1781.95        2500.00       0.803751       0.838744E-004  0.162878       0.819572E-001 -0.312119E-001 -0.781428E-001 -0.418317       0.479002     
  1779.45        2500.00       0.804054       0.808785E-004  0.161510       0.806655E-001 -0.298830E-001 -0.775064E-001 -0.419762       0.480841     
  1776.94        2500.00       0.802873       0.803367E-004  0.162078       0.795944E-001 -0.287285E-001 -0.777148E-001 -0.421578       0.483395     
  1774.44        2500.00       0.802613       0.859070E-004  0.160949       0.782268E-001 -0.272186E-001 -0.771721E-001 -0.423077       0.485593     
  1771.93        2500.00       0.802385       0.853561E-004  0.160637       0.768228E-001 -0.258336E-001 -0.769950E-001 -0.425487       0.488386     
  1769.42        2500.00       0.802108       0.838996E-004  0.160189       0.757599E-001 -0.247457E-001 -0.767657E-001 -0.427005       0.490376     
  1766.92        2500.00       0.801583       0.833580E-004  0.159174       0.749030E-001 -0.236891E-001 -0.762840E-001 -0.427371       0.491600     
  1764.41        2500.00       0.801716       0.882262E-004  0.159005       0.738220E-001 -0.227495E-001 -0.761868E-001 -0.429525       0.493831     
  1761.90        2500.00       0.801074       0.822979E-004  0.158744       0.723413E-001 -0.211847E-001 -0.760211E-001 -0.431956       0.496921     
  1759.40        2500.00       0.801871       0.879537E-004  0.158623       0.712161E-001 -0.203894E-001 -0.759570E-001 -0.434785       0.499334     
  1756.89        2500.00       0.800436       0.824741E-004  0.157228       0.702846E-001 -0.189458E-001 -0.752852E-001 -0.434386       0.500586     
  1754.39        2500.00       0.799894       0.898711E-004  0.157205       0.692893E-001 -0.179364E-001 -0.752416E-001 -0.436071       0.502772     
  1751.88        2500.00       0.799633       0.862745E-004  0.156141       0.682872E-001 -0.168035E-001 -0.747386E-001 -0.437038       0.504433     
  1749.37        2500.00       0.799163       0.900853E-004  0.156146       0.670634E-001 -0.155924E-001 -0.747022E-001 -0.439378       0.507209     
  1746.87        2500.00       0.798777       0.884795E-004  0.155668       0.659002E-001 -0.143742E-001 -0.744528E-001 -0.441219       0.509613     
  1744.36        2500.00       0.798892       0.943847E-004  0.155314       0.647986E-001 -0.133752E-001 -0.742705E-001 -0.443428       0.511975     
  1741.85        2500.00       0.798426       0.918144E-004  0.154917       0.639595E-001 -0.124722E-001 -0.740657E-001 -0.444549       0.513694     
  1739.35        2500.00       0.798461       0.885785E-004  0.154440       0.630288E-001 -0.115973E-001 -0.738325E-001 -0.446216       0.515627     
  1736.84        2500.00       0.798759       0.926237E-004  0.154191       0.617833E-001 -0.105211E-001 -0.736956E-001 -0.449084       0.518475     
  1734.34        2500.00       0.796929       0.861546E-004  0.153548       0.608317E-001 -0.910335E-002 -0.733498E-001 -0.449300       0.520359     
  1731.83        2500.00       0.796418       0.930692E-004  0.152708       0.600105E-001 -0.813351E-002 -0.729473E-001 -0.450035       0.521886     
  1729.32        2500.00       0.796122       0.105727E-003  0.152263       0.592502E-001 -0.735300E-002 -0.727263E-001 -0.451143       0.523482     
  1726.82        2500.00       0.795447       0.963775E-004  0.151833       0.582046E-001 -0.618625E-002 -0.724953E-001 -0.452716       0.525816     
  1724.31        2500.00       0.794405       0.803852E-004  0.151699       0.567318E-001 -0.454816E-002 -0.723741E-001 -0.455396       0.529402     
  1721.80        2500.00       0.792967       0.102607E-003  0.150753       0.564176E-001 -0.383446E-002 -0.719221E-001 -0.454100       0.529617     
  1719.30        2500.00       0.793195       0.989365E-004  0.150459       0.555010E-001 -0.305796E-002 -0.717734E-001 -0.456220       0.531797     
  1716.79        2500.00       0.792410       0.943965E-004  0.149639       0.547919E-001 -0.213606E-002 -0.713773E-001 -0.456583       0.533160     
  1714.29        2500.00       0.790896       0.897373E-004  0.148963       0.538349E-001 -0.805732E-003 -0.710226E-001 -0.457186       0.535230     
  1711.78        2500.00       0.791563       0.944997E-004  0.147930       0.528041E-001  0.983869E-004 -0.705501E-001 -0.459405       0.537465     
  1709.27        2500.00       0.788432       0.132811E-003  0.146261       0.529069E-001  0.934151E-003 -0.697586E-001 -0.455084       0.536176     
  1706.77        2500.00       0.790384       0.102831E-003  0.147404       0.513997E-001  0.162327E-002 -0.702602E-001 -0.461486       0.540832     
  1704.26        2500.00       0.790502       0.909451E-004  0.146856       0.504745E-001  0.248252E-002 -0.699951E-001 -0.463478       0.543068     
  1701.75        2500.00       0.788617       0.100182E-003  0.146263       0.498840E-001  0.351423E-002 -0.696819E-001 -0.462963       0.544266     
  1699.25        2500.00       0.789476       0.104881E-003  0.146411       0.489260E-001  0.409533E-002 -0.697379E-001 -0.466264       0.546989     
  1696.74        2500.00       0.787749       0.108570E-003  0.145452       0.483617E-001  0.512170E-002 -0.692663E-001 -0.465521       0.547994     
  1694.24        2500.00       0.785908       0.112114E-003  0.144451       0.482924E-001  0.568200E-002 -0.687917E-001 -0.463234       0.547580     
  1691.73        2500.00       0.785713       0.105065E-003  0.144719       0.469335E-001  0.691486E-002 -0.688650E-001 -0.467026       0.551505     
  1689.22        2500.00       0.784667       0.993701E-004  0.143694       0.463816E-001  0.776499E-002 -0.683784E-001 -0.466765       0.552537     
  1686.72        2500.00       0.783640       0.863724E-004  0.143122       0.456122E-001  0.875365E-002 -0.680848E-001 -0.467547       0.554417     
  1684.21        2500.00       0.782998       0.113909E-003  0.142858       0.449733E-001  0.945126E-002 -0.679387E-001 -0.468530       0.556074     
  1681.70        2500.00       0.782050       0.140096E-003  0.142908       0.444047E-001  0.101006E-001 -0.679278E-001 -0.469325       0.557650     
  1679.20        2500.00       0.779790       0.150982E-003  0.140611       0.429118E-001  0.124037E-001 -0.668211E-001 -0.470024       0.560978     
  1676.69        2500.00       0.781299       0.112220E-003  0.141172       0.429474E-001  0.117662E-001 -0.671069E-001 -0.471349       0.561160     
  1674.19        2500.00       0.779178       0.123866E-003  0.140692       0.422725E-001  0.129003E-001 -0.668345E-001 -0.471152       0.562820     
  1671.68        2500.00       0.778934       0.107381E-003  0.139554       0.417312E-001  0.135536E-001 -0.663147E-001 -0.471527       0.563962     
  1669.17        2500.00       0.776054       0.102415E-003  0.139001       0.412114E-001  0.147272E-001 -0.660011E-001 -0.470196       0.565101     
  1666.67        2500.00       0.777284       0.122415E-003  0.138693       0.404782E-001  0.150676E-001 -0.658685E-001 -0.473079       0.567303     
  1664.16        2500.00       0.775032       0.130242E-003  0.137122       0.400347E-001  0.161707E-001 -0.651218E-001 -0.471235       0.567868     
  1661.65        2500.00       0.774846       0.111332E-003  0.137291       0.391675E-001  0.169233E-001 -0.651661E-001 -0.473824       0.570652     
  1659.15        2500.00       0.774616       0.128732E-003  0.137165       0.388225E-001  0.171934E-001 -0.650991E-001 -0.474467       0.571642     
  1656.64        2500.00       0.772913       0.126841E-003  0.136445       0.382457E-001  0.181564E-001 -0.647330E-001 -0.474218       0.573063     
  1654.14        2500.00       0.770963       0.124293E-003  0.134641       0.379661E-001  0.190498E-001 -0.638970E-001 -0.471939       0.573091     
  1651.63        2500.00       0.770026       0.123307E-003  0.134832       0.374209E-001  0.196436E-001 -0.639475E-001 -0.472945       0.574846     
  1649.12        2500.00       0.767480       0.104724E-003  0.133670       0.370943E-001  0.206216E-001 -0.633805E-001 -0.470846       0.575255     
  1646.62        2500.00       0.768169       0.136253E-003  0.134253       0.362123E-001  0.210985E-001 -0.636208E-001 -0.474679       0.578431     
  1644.11        2500.00       0.767973       0.117303E-003  0.133797       0.355058E-001  0.217889E-001 -0.633948E-001 -0.476399       0.580612     
  1641.60        2500.00       0.765964       0.140261E-003  0.132388       0.353898E-001  0.224460E-001 -0.627381E-001 -0.473866       0.580276     
  1639.10        2500.00       0.764573       0.137910E-003  0.131918       0.347313E-001  0.233662E-001 -0.624842E-001 -0.474468       0.582226     
  1636.59        2500.00       0.763044       0.139038E-003  0.131883       0.342410E-001  0.240743E-001 -0.624243E-001 -0.474712       0.583754     
  1634.09        2500.00       0.760668       0.139515E-003  0.129782       0.340559E-001  0.249973E-001 -0.614561E-001 -0.471595       0.583408     
  1631.58        2500.00       0.761032       0.137170E-003  0.130297       0.334083E-001  0.253313E-001 -0.616676E-001 -0.474416       0.585878     
  1629.07        2500.00       0.758246       0.144030E-003  0.129057       0.330798E-001  0.263538E-001 -0.610627E-001 -0.472154       0.586336     
  1626.57        2500.00       0.758207       0.141382E-003  0.128880       0.324734E-001  0.268500E-001 -0.609648E-001 -0.474008       0.588420     
  1624.06        2500.00       0.757751       0.142934E-003  0.128327       0.320834E-001  0.272790E-001 -0.607034E-001 -0.474448       0.589568     
  1621.55        2500.00       0.755222       0.148956E-003  0.127164       0.317599E-001  0.282171E-001 -0.601376E-001 -0.472469       0.590094     
  1619.05        2500.00       0.754364       0.143036E-003  0.127125       0.313080E-001  0.287218E-001 -0.600902E-001 -0.473217       0.591644     
  1616.54        2500.00                 NaN            NaN            NaN            NaN            NaN            NaN            NaN            NaN
  1614.04        2500.00                 NaN            NaN            NaN            NaN            NaN            NaN            NaN            NaN
  1611.53        2500.00                 NaN            NaN            NaN            NaN            NaN            NaN            NaN            NaN
  1609.02        2500.00                 NaN            NaN            NaN            NaN            NaN            NaN            NaN            NaN
  1606.52        2500.00                 NaN            NaN            NaN            NaN            NaN            NaN            NaN            NaN
  1604.01        2500.00                 NaN            NaN            NaN            NaN            NaN            NaN            NaN            NaN
  1601.50        2500.00                 NaN            NaN            NaN            NaN            NaN            NaN            NaN            NaN
  1599.00        2500.00                 NaN            NaN            NaN            NaN            NaN            NaN            NaN            NaN
  1596.49        2500.00                 NaN            NaN            NaN            NaN            NaN            NaN            NaN            NaN
  1593.98        2500.00                 NaN            NaN            NaN            NaN            NaN            NaN            NaN            NaN
  1591.48        2500.00                 NaN            NaN            NaN            NaN            NaN            NaN            NaN            NaN
  1588.97        2500.00                 NaN            NaN            NaN            NaN            NaN            NaN            NaN            NaN
  1586.47        2500.00                 NaN            NaN            NaN            NaN            NaN            NaN            NaN            NaN
  1583.96        2500.00                 NaN            NaN            NaN            NaN            NaN            NaN            NaN            NaN
  1581.45        2500.00                 NaN            NaN            NaN            NaN            NaN            NaN            NaN            NaN
  1578.95        2500.00                 NaN            NaN            NaN            NaN            NaN            NaN            NaN            NaN
  1576.44        2500.00                 NaN            NaN            NaN            NaN            NaN            NaN            NaN            NaN
  1573.93        2500.00                 NaN            NaN            NaN            NaN            NaN            NaN            NaN            NaN
  1571.43        2500.00                 NaN            NaN            NaN            NaN            NaN            NaN            NaN            NaN
  1568.92        2500.00                 NaN            NaN            NaN            NaN            NaN            NaN            NaN            NaN
  1566.42        2500.00                 NaN            NaN            NaN            NaN            NaN            NaN            NaN            NaN
  1563.91        2500.00                 NaN            NaN            NaN            NaN            NaN            NaN            NaN            NaN
  1561.40        2500.00                 NaN            NaN            NaN            NaN            NaN            NaN            NaN            NaN
  1558.90        2500.00                 NaN            NaN            NaN            NaN            NaN            NaN            NaN            NaN
  1556.39        2500.00                 NaN            NaN            NaN            NaN            NaN            NaN            NaN            NaN
  1553.88        2500.00                 NaN            NaN            NaN            NaN            NaN            NaN            NaN            NaN
  1551.38        2500.00                 NaN            NaN            NaN            NaN            NaN            NaN            NaN            NaN
  1548.87        2500.00                 NaN            NaN            NaN            NaN            NaN            NaN            NaN            NaN
  1546.37        2500.00                 NaN            NaN            NaN            NaN            NaN            NaN            NaN            NaN
  1543.86        2500.00                 NaN            NaN            NaN            NaN            NaN            NaN            NaN            NaN
  1541.35        2500.00                 NaN            NaN            NaN            NaN            NaN            NaN            NaN            NaN
  1538.85        2500.00                 NaN            NaN            NaN            NaN            NaN            NaN            NaN            NaN
  1536.34        2500.00                 NaN            NaN            NaN            NaN            NaN            NaN            NaN            NaN
  1533.83        2500.00                 NaN            NaN            NaN            NaN            NaN            NaN            NaN            NaN
  1531.33        2500.00                 NaN            NaN            NaN            NaN            NaN            NaN            NaN            NaN
  1528.82        2500.00                 NaN            NaN            NaN            NaN            NaN            NaN            NaN            NaN
  1526.32        2500.00                 NaN            NaN            NaN            NaN            NaN            NaN            NaN            NaN
  1523.81        2500.00                 NaN            NaN            NaN            NaN            NaN            NaN            NaN            NaN
  1521.30        2500.00                 NaN            NaN            NaN            NaN            NaN            NaN            NaN            NaN
  1518.80        2500.00                 NaN            NaN            NaN            NaN            NaN            NaN            NaN            NaN
  1516.29        2500.00                 NaN            NaN            NaN            NaN            NaN            NaN            NaN            NaN
  1513.78        2500.00                 NaN            NaN            NaN            NaN            NaN            NaN            NaN            NaN
  1511.28        2500.00                 NaN            NaN            NaN            NaN            NaN            NaN            NaN            NaN
  1508.77        2500.00                 NaN            NaN            NaN            NaN            NaN            NaN            NaN            NaN
  1506.27        2500.00                 NaN            NaN            NaN            NaN            NaN            NaN            NaN            NaN
  1503.76        2500.00                 NaN            NaN            NaN            NaN            NaN            NaN            NaN            NaN
  1501.25        2500.00                 NaN            NaN            NaN            NaN            NaN            NaN            NaN            NaN
  1498.75        2500.00                 NaN            NaN            NaN            NaN            NaN            NaN            NaN            NaN
  1496.24        2500.00                 NaN            NaN            NaN            NaN            NaN            NaN            NaN            NaN
  1493.73        2500.00                 NaN            NaN            NaN            NaN            NaN            NaN            NaN            NaN
  1491.23        2500.00                 NaN            NaN            NaN            NaN            NaN            NaN            NaN            NaN
  1488.72        2500.00                 NaN            NaN            NaN            NaN            NaN            NaN            NaN            NaN
  1486.22        2500.00                 NaN            NaN            NaN            NaN            NaN            NaN            NaN            NaN
  1483.71        2500.00                 NaN            NaN            NaN            NaN            NaN            NaN            NaN            NaN
  1481.20        2500.00                 NaN            NaN            NaN            NaN            NaN            NaN            NaN            NaN
  1478.70        2500.00                 NaN            NaN            NaN            NaN            NaN            NaN            NaN            NaN
  1476.19        2500.00                 NaN            NaN            NaN            NaN            NaN            NaN            NaN            NaN
  1473.68        2500.00                 NaN            NaN            NaN            NaN            NaN            NaN            NaN            NaN
  1471.18        2500.00                 NaN            NaN            NaN            NaN            NaN            NaN            NaN            NaN
  1468.67        2500.00                 NaN            NaN            NaN            NaN            NaN            NaN            NaN            NaN
  1466.17        2500.00                 NaN            NaN            NaN            NaN            NaN            NaN            NaN            NaN
  1463.66        2500.00                 NaN            NaN            NaN            NaN            NaN            NaN            NaN            NaN
  1461.15        2500.00                 NaN            NaN            NaN            NaN            NaN            NaN            NaN            NaN
  1458.65        2500.00                 NaN            NaN            NaN            NaN            NaN            NaN            NaN            NaN
  1456.14        2500.00                 NaN            NaN            NaN            NaN            NaN            NaN            NaN            NaN
  1453.63        2500.00                 NaN            NaN            NaN            NaN            NaN            NaN            NaN            NaN
  1451.13        2500.00                 NaN            NaN            NaN            NaN            NaN            NaN            NaN            NaN
  1448.62        2500.00                 NaN            NaN            NaN            NaN            NaN            NaN            NaN            NaN
  1446.12        2500.00                 NaN            NaN            NaN            NaN            NaN            NaN            NaN            NaN
  1443.61        2500.00                 NaN            NaN            NaN            NaN            NaN            NaN            NaN            NaN
  1441.10        2500.00                 NaN            NaN            NaN            NaN            NaN            NaN            NaN            NaN
  1438.60        2500.00                 NaN            NaN            NaN            NaN            NaN            NaN            NaN            NaN
  1436.09        2500.00                 NaN            NaN            NaN            NaN            NaN            NaN            NaN            NaN
  1433.58        2500.00                 NaN            NaN            NaN            NaN            NaN            NaN            NaN            NaN
  1431.08        2500.00                 NaN            NaN            NaN            NaN            NaN            NaN            NaN            NaN
  1428.57        2500.00                 NaN            NaN            NaN            NaN            NaN            NaN            NaN            NaN
  1426.07        2500.00                 NaN            NaN            NaN            NaN            NaN            NaN            NaN            NaN
  1423.56        2500.00                 NaN            NaN            NaN            NaN            NaN            NaN            NaN            NaN
  1421.05        2500.00                 NaN            NaN            NaN            NaN            NaN            NaN            NaN            NaN
  1418.55        2500.00                 NaN            NaN            NaN            NaN            NaN            NaN            NaN            NaN
  1416.04        2500.00                 NaN            NaN            NaN            NaN            NaN            NaN            NaN            NaN
  1413.53        2500.00                 NaN            NaN            NaN            NaN            NaN            NaN            NaN            NaN
  1411.03        2500.00                 NaN            NaN            NaN            NaN            NaN            NaN            NaN            NaN
  1408.52        2500.00                 NaN            NaN            NaN            NaN            NaN            NaN            NaN            NaN
  1406.02        2500.00                 NaN            NaN            NaN            NaN            NaN            NaN            NaN            NaN
  1403.51        2500.00                 NaN            NaN            NaN            NaN            NaN            NaN            NaN            NaN
  1401.00        2500.00                 NaN            NaN            NaN            NaN            NaN            NaN            NaN            NaN
  1398.50        2500.00                 NaN            NaN            NaN            NaN            NaN            NaN            NaN            NaN
  1395.99        2500.00                 NaN            NaN            NaN            NaN            NaN            NaN            NaN            NaN
  1393.48        2500.00                 NaN            NaN            NaN            NaN            NaN            NaN            NaN            NaN
  1390.98        2500.00                 NaN            NaN            NaN            NaN            NaN            NaN            NaN            NaN
  1388.47        2500.00                 NaN            NaN            NaN            NaN            NaN            NaN            NaN            NaN
  1385.96        2500.00                 NaN            NaN            NaN            NaN            NaN            NaN            NaN            NaN
  1383.46        2500.00                 NaN            NaN            NaN            NaN            NaN            NaN            NaN            NaN
  1380.95        2500.00                 NaN            NaN            NaN            NaN            NaN            NaN            NaN            NaN
  1378.45        2500.00                 NaN            NaN            NaN            NaN            NaN            NaN            NaN            NaN
  1375.94        2500.00                 NaN            NaN            NaN            NaN            NaN            NaN            NaN            NaN
  1373.43        2500.00                 NaN            NaN            NaN            NaN            NaN            NaN            NaN            NaN
  1370.93        2500.00                 NaN            NaN            NaN            NaN            NaN            NaN            NaN            NaN
  1368.42        2500.00                 NaN            NaN            NaN            NaN            NaN            NaN            NaN            NaN
  1365.91        2500.00                 NaN            NaN            NaN            NaN            NaN            NaN            NaN            NaN
  1363.41        2500.00                 NaN            NaN            NaN            NaN            NaN            NaN            NaN            NaN
  1360.90        2500.00                 NaN            NaN            NaN            NaN            NaN            NaN            NaN            NaN
  1358.40        2500.00                 NaN            NaN            NaN            NaN            NaN            NaN            NaN            NaN
  1355.89        2500.00                 NaN            NaN            NaN            NaN            NaN            NaN            NaN            NaN
  1353.38        2500.00                 NaN            NaN            NaN            NaN            NaN            NaN            NaN            NaN
  1350.88        2500.00                 NaN            NaN            NaN            NaN            NaN            NaN            NaN            NaN
  1348.37        2500.00                 NaN            NaN            NaN            NaN            NaN            NaN            NaN            NaN
  1345.86        2500.00                 NaN            NaN            NaN            NaN            NaN            NaN            NaN            NaN
  1343.36        2500.00                 NaN            NaN            NaN            NaN            NaN            NaN            NaN            NaN
  1340.85        2500.00                 NaN            NaN            NaN            NaN            NaN            NaN            NaN            NaN
  1338.35        2500.00                 NaN            NaN            NaN            NaN            NaN            NaN            NaN            NaN
  1335.84        2500.00                 NaN            NaN            NaN            NaN            NaN            NaN            NaN            NaN
  1333.33        2500.00                 NaN            NaN            NaN            NaN            NaN            NaN            NaN            NaN
  1330.83        2500.00                 NaN            NaN            NaN            NaN            NaN            NaN            NaN            NaN
  1328.32        2500.00                 NaN            NaN            NaN            NaN            NaN            NaN            NaN            NaN
  1325.81        2500.00                 NaN            NaN            NaN            NaN            NaN            NaN            NaN            NaN
  1323.31        2500.00                 NaN            NaN            NaN            NaN            NaN            NaN            NaN            NaN
  1320.80        2500.00                 NaN            NaN            NaN            NaN            NaN            NaN            NaN            NaN
  1318.30        2500.00                 NaN            NaN            NaN            NaN            NaN            NaN            NaN            NaN
  1315.79        2500.00                 NaN            NaN            NaN            NaN            NaN            NaN            NaN            NaN
  1313.28        2500.00                 NaN            NaN            NaN            NaN            NaN            NaN            NaN            NaN
  1310.78        2500.00                 NaN            NaN            NaN            NaN            NaN            NaN            NaN            NaN
  1308.27        2500.00                 NaN            NaN            NaN            NaN            NaN            NaN            NaN            NaN
  1305.76        2500.00                 NaN            NaN            NaN            NaN            NaN            NaN            NaN            NaN
  1303.26        2500.00                 NaN            NaN            NaN            NaN            NaN            NaN            NaN            NaN
  1300.75        2500.00                 NaN            NaN            NaN            NaN            NaN            NaN            NaN            NaN
  1298.25        2500.00                 NaN            NaN            NaN            NaN            NaN            NaN            NaN            NaN
  1295.74        2500.00                 NaN            NaN            NaN            NaN            NaN            NaN            NaN            NaN
  1293.23        2500.00                 NaN            NaN            NaN            NaN            NaN            NaN            NaN            NaN
  1290.73        2500.00                 NaN            NaN            NaN            NaN            NaN            NaN            NaN            NaN
  1288.22        2500.00                 NaN            NaN            NaN            NaN            NaN            NaN            NaN            NaN
  1285.71        2500.00                 NaN            NaN            NaN            NaN            NaN            NaN            NaN            NaN
  1283.21        2500.00                 NaN            NaN            NaN            NaN            NaN            NaN            NaN            NaN
  1280.70        2500.00                 NaN            NaN            NaN            NaN            NaN            NaN            NaN            NaN
  1278.20        2500.00                 NaN            NaN            NaN            NaN            NaN            NaN            NaN            NaN
  1275.69        2500.00                 NaN            NaN            NaN            NaN            NaN            NaN            NaN            NaN
  1273.18        2500.00                 NaN            NaN            NaN            NaN            NaN            NaN            NaN            NaN
  1270.68        2500.00                 NaN            NaN            NaN            NaN            NaN            NaN            NaN            NaN
  1268.17        2500.00                 NaN            NaN            NaN            NaN            NaN            NaN            NaN            NaN
  1265.66        2500.00                 NaN            NaN            NaN            NaN            NaN            NaN            NaN            NaN
  1263.16        2500.00                 NaN            NaN            NaN            NaN            NaN            NaN            NaN            NaN
  1260.65        2500.00                 NaN            NaN            NaN            NaN            NaN            NaN            NaN            NaN
  1258.15        2500.00                 NaN            NaN            NaN            NaN            NaN            NaN            NaN            NaN
  1255.64        2500.00                 NaN            NaN            NaN            NaN            NaN            NaN            NaN            NaN
  1253.13        2500.00                 NaN            NaN            NaN            NaN            NaN            NaN            NaN            NaN
  1250.63        2500.00                 NaN            NaN            NaN            NaN            NaN            NaN            NaN            NaN
  1248.12        2500.00                 NaN            NaN            NaN            NaN            NaN            NaN            NaN            NaN
  1245.61        2500.00                 NaN            NaN            NaN            NaN            NaN            NaN            NaN            NaN
  1243.11        2500.00                 NaN            NaN            NaN            NaN            NaN            NaN            NaN            NaN
  1240.60        2500.00                 NaN            NaN            NaN            NaN            NaN            NaN            NaN            NaN
  1238.10        2500.00                 NaN            NaN            NaN            NaN            NaN            NaN            NaN            NaN
  1235.59        2500.00                 NaN            NaN            NaN            NaN            NaN            NaN            NaN            NaN
  1233.08        2500.00                 NaN            NaN            NaN            NaN            NaN            NaN            NaN            NaN
  1230.58        2500.00                 NaN            NaN            NaN            NaN            NaN            NaN            NaN            NaN
  1228.07        2500.00                 NaN            NaN            NaN            NaN            NaN            NaN            NaN            NaN
  1225.56        2500.00                 NaN            NaN            NaN            NaN            NaN            NaN            NaN            NaN
  1223.06        2500.00                 NaN            NaN            NaN            NaN            NaN            NaN            NaN            NaN
  1220.55        2500.00                 NaN            NaN            NaN            NaN            NaN            NaN            NaN            NaN
  1218.05        2500.00                 NaN            NaN            NaN            NaN            NaN            NaN            NaN            NaN
  1215.54        2500.00                 NaN            NaN            NaN            NaN            NaN            NaN            NaN            NaN
  1213.03        2500.00                 NaN            NaN            NaN            NaN            NaN            NaN            NaN            NaN
  1210.53        2500.00                 NaN            NaN            NaN            NaN            NaN            NaN            NaN            NaN
  1208.02        2500.00                 NaN            NaN            NaN            NaN            NaN            NaN            NaN            NaN
  1205.51        2500.00                 NaN            NaN            NaN            NaN            NaN            NaN            NaN            NaN
  1203.01        2500.00                 NaN            NaN            NaN            NaN            NaN            NaN            NaN            NaN
  1200.50        2500.00                 NaN            NaN            NaN            NaN            NaN            NaN            NaN            NaN
  1197.99        2500.00                 NaN            NaN            NaN            NaN            NaN            NaN            NaN            NaN
  1195.49        2500.00                 NaN            NaN            NaN            NaN            NaN            NaN            NaN            NaN
  1192.98        2500.00                 NaN            NaN            NaN            NaN            NaN            NaN            NaN            NaN
  1190.48        2500.00                 NaN            NaN            NaN            NaN            NaN            NaN            NaN            NaN
  1187.97        2500.00                 NaN            NaN            NaN            NaN            NaN            NaN            NaN            NaN
  1185.46        2500.00                 NaN            NaN            NaN            NaN            NaN            NaN            NaN            NaN
  1182.96        2500.00                 NaN            NaN            NaN            NaN            NaN            NaN            NaN            NaN
  1180.45        2500.00                 NaN            NaN            NaN            NaN            NaN            NaN            NaN            NaN
  1177.94        2500.00                 NaN            NaN            NaN            NaN            NaN            NaN            NaN            NaN
  1175.44        2500.00                 NaN            NaN            NaN            NaN            NaN            NaN            NaN            NaN
  1172.93        2500.00                 NaN            NaN            NaN            NaN            NaN            NaN            NaN            NaN
  1170.43        2500.00                 NaN            NaN            NaN            NaN            NaN            NaN            NaN            NaN
  1167.92        2500.00                 NaN            NaN            NaN            NaN            NaN            NaN            NaN            NaN
  1165.41        2500.00                 NaN            NaN            NaN            NaN            NaN            NaN            NaN            NaN
  1162.91        2500.00                 NaN            NaN            NaN            NaN            NaN            NaN            NaN            NaN
  1160.40        2500.00                 NaN            NaN            NaN            NaN            NaN            NaN            NaN            NaN
  1157.89        2500.00                 NaN            NaN            NaN            NaN            NaN            NaN            NaN            NaN
  1155.39        2500.00                 NaN            NaN            NaN            NaN            NaN            NaN            NaN            NaN
  1152.88        2500.00                 NaN            NaN            NaN            NaN            NaN            NaN            NaN            NaN
  1150.38        2500.00                 NaN            NaN            NaN            NaN            NaN            NaN            NaN            NaN
  1147.87        2500.00                 NaN            NaN            NaN            NaN            NaN            NaN            NaN            NaN
  1145.36        2500.00                 NaN            NaN            NaN            NaN            NaN            NaN            NaN            NaN
  1142.86        2500.00                 NaN            NaN            NaN            NaN            NaN            NaN            NaN            NaN
  1140.35        2500.00                 NaN            NaN            NaN            NaN            NaN            NaN            NaN            NaN
  1137.84        2500.00                 NaN            NaN            NaN            NaN            NaN            NaN            NaN            NaN
  1135.34        2500.00                 NaN            NaN            NaN            NaN            NaN            NaN            NaN            NaN
  1132.83        2500.00                 NaN            NaN            NaN            NaN            NaN            NaN            NaN            NaN
  1130.33        2500.00                 NaN            NaN            NaN            NaN            NaN            NaN            NaN            NaN
  1127.82        2500.00                 NaN            NaN            NaN            NaN            NaN            NaN            NaN            NaN
  1125.31        2500.00                 NaN            NaN            NaN            NaN            NaN            NaN            NaN            NaN
  1122.81        2500.00                 NaN            NaN            NaN            NaN            NaN            NaN            NaN            NaN
  1120.30        2500.00                 NaN            NaN            NaN            NaN            NaN            NaN            NaN            NaN
  1117.79        2500.00                 NaN            NaN            NaN            NaN            NaN            NaN            NaN            NaN
  1115.29        2500.00                 NaN            NaN            NaN            NaN            NaN            NaN            NaN            NaN
  1112.78        2500.00                 NaN            NaN            NaN            NaN            NaN            NaN            NaN            NaN
  1110.28        2500.00                 NaN            NaN            NaN            NaN            NaN            NaN            NaN            NaN
  1107.77        2500.00                 NaN            NaN            NaN            NaN            NaN            NaN            NaN            NaN
  1105.26        2500.00                 NaN            NaN            NaN            NaN            NaN            NaN            NaN            NaN
  1102.76        2500.00                 NaN            NaN            NaN            NaN            NaN            NaN            NaN            NaN
  1100.25        2500.00                 NaN            NaN            NaN            NaN            NaN            NaN            NaN            NaN
  1097.74        2500.00                 NaN            NaN            NaN            NaN            NaN            NaN            NaN            NaN
  1095.24        2500.00                 NaN            NaN            NaN            NaN            NaN            NaN            NaN            NaN
  1092.73        2500.00                 NaN            NaN            NaN            NaN            NaN            NaN            NaN            NaN
  1090.23        2500.00                 NaN            NaN            NaN            NaN            NaN            NaN            NaN            NaN
  1087.72        2500.00                 NaN            NaN            NaN            NaN            NaN            NaN            NaN            NaN
  1085.21        2500.00                 NaN            NaN            NaN            NaN            NaN            NaN            NaN            NaN
  1082.71        2500.00                 NaN            NaN            NaN            NaN            NaN            NaN            NaN            NaN
  1080.20        2500.00                 NaN            NaN            NaN            NaN            NaN            NaN            NaN            NaN
  1077.69        2500.00                 NaN            NaN            NaN            NaN            NaN            NaN            NaN            NaN
  1075.19        2500.00                 NaN            NaN            NaN            NaN            NaN            NaN            NaN            NaN
  1072.68        2500.00                 NaN            NaN            NaN            NaN            NaN            NaN            NaN            NaN
  1070.18        2500.00                 NaN            NaN            NaN            NaN            NaN            NaN            NaN            NaN
  1067.67        2500.00                 NaN            NaN            NaN            NaN            NaN            NaN            NaN            NaN
  1065.16        2500.00                 NaN            NaN            NaN            NaN            NaN            NaN            NaN            NaN
  1062.66        2500.00                 NaN            NaN            NaN            NaN            NaN            NaN            NaN            NaN
  1060.15        2500.00                 NaN            NaN            NaN            NaN            NaN            NaN            NaN            NaN
  1057.64        2500.00                 NaN            NaN            NaN            NaN            NaN            NaN            NaN            NaN
  1055.14        2500.00                 NaN            NaN            NaN            NaN            NaN            NaN            NaN            NaN
  1052.63        2500.00                 NaN            NaN            NaN            NaN            NaN            NaN            NaN            NaN
  1050.13        2500.00                 NaN            NaN            NaN            NaN            NaN            NaN            NaN            NaN
  1047.62        2500.00                 NaN            NaN            NaN            NaN            NaN            NaN            NaN            NaN
  1045.11        2500.00                 NaN            NaN            NaN            NaN            NaN            NaN            NaN            NaN
  1042.61        2500.00                 NaN            NaN            NaN            NaN            NaN            NaN            NaN            NaN
  1040.10        2500.00                 NaN            NaN            NaN            NaN            NaN            NaN            NaN            NaN
  1037.59        2500.00                 NaN            NaN            NaN            NaN            NaN            NaN            NaN            NaN
  1035.09        2500.00                 NaN            NaN            NaN            NaN            NaN            NaN            NaN            NaN
  1032.58        2500.00                 NaN            NaN            NaN            NaN            NaN            NaN            NaN            NaN
  1030.08        2500.00                 NaN            NaN            NaN            NaN            NaN            NaN            NaN            NaN
  1027.57        2500.00                 NaN            NaN            NaN            NaN            NaN            NaN            NaN            NaN
  1025.06        2500.00                 NaN            NaN            NaN            NaN            NaN            NaN            NaN            NaN
  1022.56        2500.00                 NaN            NaN            NaN            NaN            NaN            NaN            NaN            NaN
  1020.05        2500.00                 NaN            NaN            NaN            NaN            NaN            NaN            NaN            NaN
  1017.54        2500.00                 NaN            NaN            NaN            NaN            NaN            NaN            NaN            NaN
  1015.04        2500.00                 NaN            NaN            NaN            NaN            NaN            NaN            NaN            NaN
  1012.53        2500.00                 NaN            NaN            NaN            NaN            NaN            NaN            NaN            NaN
  1010.03        2500.00                 NaN            NaN            NaN            NaN            NaN            NaN            NaN            NaN
  1007.52        2500.00                 NaN            NaN            NaN            NaN            NaN            NaN            NaN            NaN
  1005.01        2500.00                 NaN            NaN            NaN            NaN            NaN            NaN            NaN            NaN
  1002.51        2500.00                 NaN            NaN            NaN            NaN            NaN            NaN            NaN            NaN
  1000.00        2500.00                 NaN            NaN            NaN            NaN            NaN            NaN            NaN            NaN
