|6.6.6
Archiving\03_Data\eqfrac/QFM_m0.25/TIS/TIS_1.tab                          
           1
T(K)    
  0.000000000000000E+000
  0.000000000000000E+000
           0
          12
T(K)           P(bar)         melt(TH)       Cpx(TH)        Cpx(TH)        O(HP)          Sp(TH)         Sp(TH)         an             San(TH)        ilm            q             
  1455.13        2500.00        99.9627       0.372946E-001            NaN            NaN            NaN            NaN            NaN            NaN            NaN            NaN
  1453.99        2500.00        99.3985       0.411485       0.190062                 NaN            NaN            NaN            NaN            NaN            NaN            NaN
  1452.85        2500.00        99.2446       0.280552       0.474864                 NaN            NaN            NaN            NaN            NaN            NaN            NaN
  1451.71        2500.00        99.2498       0.471167       0.279020                 NaN            NaN            NaN            NaN            NaN            NaN            NaN
  1450.57        2500.00        99.2493       0.279224       0.471467                 NaN            NaN            NaN            NaN            NaN            NaN            NaN
  1449.43        2500.00        99.2590       0.276281       0.464680                 NaN            NaN            NaN            NaN            NaN            NaN            NaN
  1448.29        2500.00        99.2583       0.276045       0.465666                 NaN            NaN            NaN            NaN            NaN            NaN            NaN
  1447.15        2500.00        99.2642       0.223050       0.476147       0.366303E-001            NaN            NaN            NaN            NaN            NaN            NaN
  1446.00        2500.00        99.2756       0.489008       0.150058       0.853167E-001            NaN            NaN            NaN            NaN            NaN            NaN
  1444.86        2500.00        99.2688       0.458251       0.272967       0.264569E-005            NaN            NaN            NaN            NaN            NaN            NaN
  1443.72        2500.00        99.2700       0.457711       0.272299                 NaN            NaN            NaN            NaN            NaN            NaN            NaN
  1442.58        2500.00        99.2735       0.456284       0.266305       0.389361E-002            NaN            NaN            NaN            NaN            NaN            NaN
  1441.44        2500.00        99.2801       0.463099       0.224937       0.319003E-001            NaN            NaN            NaN            NaN            NaN            NaN
  1440.30        2500.00        99.2819       0.461821       0.224829       0.314963E-001            NaN            NaN            NaN            NaN            NaN            NaN
  1439.16        2500.00        99.2848       0.459181       0.225435       0.305845E-001            NaN            NaN            NaN            NaN            NaN            NaN
  1438.02        2500.00        99.2869       0.457471       0.225565       0.300324E-001            NaN            NaN            NaN            NaN            NaN            NaN
  1436.88        2500.00        99.2850       0.227544       0.458169       0.292564E-001            NaN            NaN            NaN            NaN            NaN            NaN
  1435.74        2500.00        99.2976       0.449770       0.224217       0.283853E-001            NaN            NaN            NaN            NaN            NaN            NaN
  1434.60        2500.00        99.2947       0.226009       0.451482       0.278143E-001            NaN            NaN            NaN            NaN            NaN            NaN
  1433.46        2500.00        99.2966       0.449943       0.226316       0.271384E-001            NaN            NaN            NaN            NaN            NaN            NaN
  1432.32        2500.00        99.2991       0.226510       0.447968       0.264524E-001            NaN            NaN            NaN            NaN            NaN            NaN
  1431.18        2500.00        99.3002       0.226166       0.447625       0.260265E-001            NaN            NaN            NaN            NaN            NaN            NaN
  1430.04        2500.00        99.3039       0.227843       0.443561       0.246856E-001            NaN            NaN            NaN            NaN            NaN            NaN
  1428.89        2500.00        99.3055       0.227204       0.442425       0.248342E-001            NaN            NaN            NaN            NaN            NaN            NaN
  1427.75        2500.00        99.3069       0.227719       0.441760       0.235819E-001            NaN            NaN            NaN            NaN            NaN            NaN
  1426.61        2500.00        99.5090       0.313211       0.160813       0.169568E-001            NaN            NaN            NaN            NaN            NaN            NaN
  1425.47        2500.00        99.1091       0.567340       0.294506       0.290067E-001            NaN            NaN            NaN            NaN            NaN            NaN
  1424.33        2500.00        99.3137       0.436180       0.228504       0.215896E-001            NaN            NaN            NaN            NaN            NaN            NaN
  1423.19        2500.00        99.3145       0.435759       0.228597       0.211451E-001            NaN            NaN            NaN            NaN            NaN            NaN
  1422.05        2500.00        99.6382       0.131135       0.216439       0.834759E-002  0.588971E-002            NaN            NaN            NaN            NaN            NaN
  1420.91        2500.00        98.6422       0.871586       0.446699       0.395536E-001            NaN            NaN            NaN            NaN            NaN            NaN
  1419.77        2500.00        99.6651       0.119189       0.205745       0.777028E-002  0.214572E-002            NaN            NaN            NaN            NaN            NaN
  1418.63        2500.00        99.3239       0.228356       0.428919       0.188033E-001            NaN            NaN            NaN            NaN            NaN            NaN
  1417.49        2500.00        99.3226       0.427082       0.231379       0.178257E-001  0.110069E-002            NaN            NaN            NaN            NaN            NaN
  1416.35        2500.00        99.3248       0.427283       0.230886       0.170528E-001            NaN            NaN            NaN            NaN            NaN            NaN
  1415.21        2500.00        99.3244       0.428615       0.230173       0.168111E-001            NaN            NaN            NaN            NaN            NaN            NaN
  1414.07        2500.00        99.3289       0.424759       0.230626       0.157570E-001            NaN            NaN            NaN            NaN            NaN            NaN
  1412.92        2500.00        99.6981       0.107403       0.186303       0.624268E-002  0.194151E-002            NaN            NaN            NaN            NaN            NaN
  1411.78        2500.00        98.9582       0.659170       0.359651       0.229884E-001            NaN            NaN            NaN            NaN            NaN            NaN
  1410.64        2500.00        99.3309       0.232229       0.422701       0.141617E-001            NaN            NaN            NaN            NaN            NaN            NaN
  1409.50        2500.00        99.3315       0.232390       0.422677       0.134516E-001            NaN            NaN            NaN            NaN            NaN            NaN
  1408.36        2500.00        98.9138       0.243202       0.456237       0.155649                 NaN            NaN  0.231158                 NaN            NaN            NaN
  1407.22        2500.00        98.6270       0.476632       0.246238       0.257668                 NaN            NaN  0.392444                 NaN            NaN            NaN
  1406.08        2500.00        98.6396       0.473247       0.239691       0.258409                 NaN            NaN  0.389005                 NaN            NaN            NaN
  1404.94        2500.00        98.6521       0.233375       0.470292       0.259117                 NaN            NaN  0.385072                 NaN            NaN            NaN
  1403.80        2500.00        98.6652       0.466522       0.227002       0.259500                 NaN            NaN  0.381798                 NaN            NaN            NaN
  1402.66        2500.00        98.6781       0.463346       0.221258       0.259537                 NaN            NaN  0.377748                 NaN            NaN            NaN
  1401.52        2500.00        98.6890       0.214830       0.460641       0.260617                 NaN            NaN  0.374950                 NaN            NaN            NaN
  1400.38        2500.00        98.6995       0.207026       0.458929       0.261886                 NaN            NaN  0.372671                 NaN            NaN            NaN
  1399.24        2500.00        98.7182       0.452784       0.203205       0.259892                 NaN            NaN  0.365892                 NaN            NaN            NaN
  1398.10        2500.00        98.7237       0.451497       0.197220       0.262567                 NaN            NaN  0.364995                 NaN            NaN            NaN
  1396.96        2500.00        98.7356       0.448422       0.191028       0.263232                 NaN            NaN  0.361682                 NaN            NaN            NaN
  1395.81        2500.00        98.7482       0.445608       0.186328       0.262298                 NaN            NaN  0.357542                 NaN            NaN            NaN
  1394.67        2500.00        99.3410       0.946752E-001  0.235171       0.140792                 NaN            NaN  0.188357                 NaN            NaN            NaN
  1393.53        2500.00        98.1796       0.650428       0.262254       0.388187                 NaN            NaN  0.519553                 NaN            NaN            NaN
  1392.39        2500.00        98.7751       0.169610       0.438539       0.266248                 NaN            NaN  0.350485                 NaN            NaN            NaN
  1391.25        2500.00        98.7884       0.165061       0.435767       0.264933                 NaN            NaN  0.345808                 NaN            NaN            NaN
  1390.11        2500.00        98.7992       0.159023       0.432680       0.266003                 NaN            NaN  0.343130                 NaN            NaN            NaN
  1388.97        2500.00        98.8070       0.154331       0.430749       0.267007                 NaN            NaN  0.340874                 NaN            NaN            NaN
  1387.83        2500.00        98.8168       0.149332       0.428244       0.267514                 NaN            NaN  0.338089                 NaN            NaN            NaN
  1386.69        2500.00        98.8241       0.426861       0.144160       0.268664                 NaN            NaN  0.336187                 NaN            NaN            NaN
  1385.55        2500.00        98.8365       0.423340       0.140152       0.268053                 NaN            NaN  0.331962                 NaN            NaN            NaN
  1384.41        2500.00        98.8456       0.134687       0.421169       0.268882                 NaN            NaN  0.329690                 NaN            NaN            NaN
  1383.27        2500.00        98.8533       0.419448       0.130430       0.269514                 NaN            NaN  0.327354                 NaN            NaN            NaN
  1382.13        2500.00        98.8620       0.417338       0.125316       0.270434                 NaN            NaN  0.324952                 NaN            NaN            NaN
  1380.99        2500.00        98.8707       0.121334       0.415416       0.270299                 NaN            NaN  0.322265                 NaN            NaN            NaN
  1379.85        2500.00        98.8791       0.413123       0.116850       0.271071                 NaN            NaN  0.319889                 NaN            NaN            NaN
  1378.70        2500.00        98.8877       0.112544       0.411385       0.271194                 NaN            NaN  0.317220                 NaN            NaN            NaN
  1377.56        2500.00        98.8957       0.409518       0.108092       0.271788                 NaN            NaN  0.314891                 NaN            NaN            NaN
  1376.42        2500.00        99.0234       0.364292       0.898629E-001  0.243427                 NaN            NaN  0.279033                 NaN            NaN            NaN
  1375.28        2500.00        98.7900       0.450884       0.113695       0.301257                 NaN            NaN  0.344137                 NaN            NaN            NaN
  1374.14        2500.00        98.9178       0.404090       0.969623E-001  0.272601       0.439778E-003            NaN  0.308090                 NaN            NaN            NaN
  1373.00        2500.00        98.8071       0.185366       0.426181       0.196200       0.691484E-001            NaN  0.316048                 NaN            NaN            NaN
  1371.86        2500.00        98.7597       0.214494       0.445402       0.165706       0.961893E-001            NaN  0.318556                 NaN            NaN            NaN
  1370.72        2500.00        98.7024       0.249855       0.469978       0.128335       0.127916                 NaN  0.321549                 NaN            NaN            NaN
  1369.58        2500.00        98.6433       0.284944       0.496830       0.896003E-001  0.160845                 NaN  0.324529                 NaN            NaN            NaN
  1368.44        2500.00        98.5830       0.322195       0.525147       0.486708E-001  0.193685                 NaN  0.327316                 NaN            NaN            NaN
  1367.30        2500.00        98.5442       0.544500       0.346470       0.192990E-001  0.217047                 NaN  0.328529                 NaN            NaN            NaN
  1366.16        2500.00        98.5213       0.557869       0.356745       0.237017E-002  0.232870                 NaN  0.328809                 NaN            NaN            NaN
  1365.02        2500.00        98.5088       0.349174       0.569016                 NaN  0.242852                 NaN  0.330113                 NaN            NaN            NaN
  1363.88        2500.00        98.5076       0.574182       0.338839       0.139357E-002  0.247909                 NaN  0.330027                 NaN            NaN            NaN
  1362.74        2500.00        98.5137       0.574447       0.333163                 NaN  0.250501                 NaN  0.328233                 NaN            NaN            NaN
  1361.59        2500.00        98.5206       0.573671       0.327483                 NaN  0.251503                 NaN  0.326702                 NaN            NaN            NaN
  1360.45        2500.00        98.5392       0.320368       0.567237                 NaN  0.250505                 NaN  0.322704                 NaN            NaN            NaN
  1359.31        2500.00        98.5501       0.315083       0.564236                 NaN  0.249993                 NaN  0.320631                 NaN            NaN            NaN
  1358.17        2500.00        98.5678       0.557322       0.309991                 NaN  0.247799                 NaN  0.317062                 NaN            NaN            NaN
  1357.03        2500.00        98.5808       0.303224       0.554619                 NaN  0.247260                 NaN  0.314077                 NaN            NaN            NaN
  1355.89        2500.00        98.5985       0.546392       0.299897                 NaN  0.244346                 NaN  0.310898                 NaN            NaN            NaN
  1354.75        2500.00        98.6167       0.539297       0.295040                 NaN  0.241714                 NaN  0.307219                 NaN            NaN            NaN
  1353.61        2500.00        98.6337       0.532400       0.290906                 NaN  0.239131                 NaN  0.303888                 NaN            NaN            NaN
  1352.47        2500.00        98.6497       0.526022       0.286786                 NaN  0.236732                 NaN  0.300751                 NaN            NaN            NaN
  1351.33        2500.00        98.6677       0.518984       0.282011                 NaN  0.234167                 NaN  0.297107                 NaN            NaN            NaN
  1350.19        2500.00        98.6856       0.278575       0.511042                 NaN  0.231174                 NaN  0.293647                 NaN            NaN            NaN
  1349.05        2500.00        98.7009       0.503820       0.276052                 NaN  0.228510                 NaN  0.290708                 NaN            NaN            NaN
  1347.91        2500.00        98.7187       0.271262       0.497133                 NaN  0.225758                 NaN  0.287161                 NaN            NaN            NaN
  1346.77        2500.00        98.7352       0.490077       0.267832                 NaN  0.223042                 NaN  0.283885                 NaN            NaN            NaN
  1345.63        2500.00        98.7510       0.483075       0.264777                 NaN  0.220233                 NaN  0.280878                 NaN            NaN            NaN
  1344.48        2500.00        98.7676       0.476048       0.261205                 NaN  0.217535                 NaN  0.277574                 NaN            NaN            NaN
  1343.34        2500.00        98.7832       0.257848       0.469645                 NaN  0.214803                 NaN  0.274532                 NaN            NaN            NaN
  1342.20        2500.00        98.7986       0.254746       0.462896                 NaN  0.212279                 NaN  0.271438                 NaN            NaN            NaN
  1341.06        2500.00        98.8144       0.252167       0.455640                 NaN  0.209320                 NaN  0.268425                 NaN            NaN            NaN
  1339.92        2500.00        98.8295       0.449854       0.248485                 NaN  0.206827                 NaN  0.265349                 NaN            NaN            NaN
  1338.78        2500.00        98.8444       0.443273       0.245604                 NaN  0.204307                 NaN  0.262460                 NaN            NaN            NaN
  1337.64        2500.00        98.8583       0.437323       0.242846                 NaN  0.201766                 NaN  0.259730                 NaN            NaN            NaN
  1336.50        2500.00        98.8736       0.240007       0.430678                 NaN  0.199066                 NaN  0.256644                 NaN            NaN            NaN
  1335.36        2500.00        98.8871       0.424516       0.237780                 NaN  0.196495                 NaN  0.254092                 NaN            NaN            NaN
  1334.22        2500.00        98.9006       0.418560       0.235435                 NaN  0.194057                 NaN  0.251382                 NaN            NaN            NaN
  1333.08        2500.00        98.9153       0.412795       0.232067                 NaN  0.191468                 NaN  0.248419                 NaN            NaN            NaN
  1331.94        2500.00        98.9286       0.406705       0.229841                 NaN  0.189044                 NaN  0.245836                 NaN            NaN            NaN
  1330.80        2500.00        98.9415       0.400808       0.227707                 NaN  0.186611                 NaN  0.243358                 NaN            NaN            NaN
  1329.66        2500.00        98.9551       0.225114       0.395027                 NaN  0.184269                 NaN  0.240463                 NaN            NaN            NaN
  1328.51        2500.00        98.9676       0.222676       0.389867                 NaN  0.181817                 NaN  0.238060                 NaN            NaN            NaN
  1327.37        2500.00        98.9804       0.384099       0.220545                 NaN  0.179400                 NaN  0.235519                 NaN            NaN            NaN
  1326.23        2500.00        98.9937       0.378860       0.217561                 NaN  0.177055                 NaN  0.232825                 NaN            NaN            NaN
  1325.09        2500.00        99.0047       0.373624       0.216204                 NaN  0.174772                 NaN  0.230699                 NaN            NaN            NaN
  1323.95        2500.00        99.0175       0.368375       0.213610                 NaN  0.172415                 NaN  0.228109                 NaN            NaN            NaN
  1322.81        2500.00        99.0288       0.363117       0.211891                 NaN  0.170399                 NaN  0.225815                 NaN            NaN            NaN
  1321.67        2500.00        99.0412       0.209580       0.358024                 NaN  0.167849                 NaN  0.223334                 NaN            NaN            NaN
  1320.53        2500.00        99.0517       0.353175       0.207961                 NaN  0.165761                 NaN  0.221359                 NaN            NaN            NaN
  1319.39        2500.00        99.0645       0.205704       0.347770                 NaN  0.163355                 NaN  0.218647                 NaN            NaN            NaN
  1318.25        2500.00        99.0755       0.343198       0.203724                 NaN  0.161160                 NaN  0.216438                 NaN            NaN            NaN
  1317.11        2500.00        99.0865       0.337845       0.202174                 NaN  0.159131                 NaN  0.214339                 NaN            NaN            NaN
  1315.97        2500.00        99.0970       0.333972       0.200055                 NaN  0.156912                 NaN  0.212071                 NaN            NaN            NaN
  1314.83        2500.00        99.1078       0.329189       0.198135                 NaN  0.154882                 NaN  0.209960                 NaN            NaN            NaN
  1313.69        2500.00        99.1179       0.324459       0.197086                 NaN  0.152580                 NaN  0.207966                 NaN            NaN            NaN
  1312.55        2500.00        99.1286       0.320414       0.194648                 NaN  0.150578                 NaN  0.205774                 NaN            NaN            NaN
  1311.40        2500.00        99.1383       0.193843       0.315524                 NaN  0.148468                 NaN  0.203838                 NaN            NaN            NaN
  1310.26        2500.00        99.1488       0.311272       0.191722                 NaN  0.146529                 NaN  0.201637                 NaN            NaN            NaN
  1309.12        2500.00        99.1578       0.307319       0.190245                 NaN  0.144630                 NaN  0.199958                 NaN            NaN            NaN
  1307.98        2500.00        99.1696       0.189039       0.301748                 NaN  0.142225                 NaN  0.197427                 NaN            NaN            NaN
  1306.84        2500.00        99.1782       0.298612       0.187189                 NaN  0.140395                 NaN  0.195561                 NaN            NaN            NaN
  1305.70        2500.00        99.1878       0.294592       0.185460                 NaN  0.138421                 NaN  0.193693                 NaN            NaN            NaN
  1304.56        2500.00        99.1963       0.290421       0.184913                 NaN  0.136362                 NaN  0.191995                 NaN            NaN            NaN
  1303.42        2500.00        99.2054       0.183627       0.286203                 NaN  0.134528                 NaN  0.190200                 NaN            NaN            NaN
  1302.28        2500.00        99.2153       0.282387       0.181344                 NaN  0.132805                 NaN  0.188122                 NaN            NaN            NaN
  1301.14        2500.00        99.2224       0.278742       0.181546                 NaN  0.130659                 NaN  0.186685                 NaN            NaN            NaN
  1300.00        2500.00        99.2330       0.274416       0.179632                 NaN  0.128608                 NaN  0.184356                 NaN            NaN            NaN
  1298.86        2500.00        99.2408       0.271303       0.177967                 NaN  0.126984                 NaN  0.182919                 NaN            NaN            NaN
  1297.72        2500.00        95.7561       0.744743       0.626692                 NaN  0.404629                 NaN  0.600869        1.86702                 NaN            NaN
  1296.58        2500.00        73.8332        3.61722        3.60468                 NaN   2.07142                 NaN   3.24452        13.6289                 NaN            NaN
  1295.44        2500.00        79.8709        2.74735        2.85164                 NaN   1.56608                 NaN   2.51979        10.4442                 NaN            NaN
  1294.29        2500.00        83.6682        2.20542        2.36739                 NaN   1.25322                 NaN   2.06151        8.44428                 NaN            NaN
  1293.15        2500.00        86.2663        2.02776        1.83853                 NaN   1.04288                 NaN   1.74713        7.07737                 NaN            NaN
  1292.01        2500.00        84.4773        2.14508        2.19372                 NaN   1.18910                 NaN   1.99769        7.99713                 NaN            NaN
  1290.87        2500.00        90.7710        1.13616        1.50059                 NaN  0.687654                 NaN   1.19939        4.70520                 NaN            NaN
  1289.73        2500.00        92.6321        1.00154        1.12771                 NaN  0.544447                 NaN  0.952634        3.74158                 NaN            NaN
  1288.59        2500.00        92.2235        1.03800        1.17294                 NaN  0.588300                 NaN   1.01175        3.96551                 NaN            NaN
  1287.45        2500.00        89.9431        1.87285        1.18771                 NaN  0.434190                 NaN   1.29703        5.26509                 NaN            NaN
  1286.31        2500.00        95.4025       0.695542       0.416818                 NaN  0.687976                 NaN  0.634742        2.16243                 NaN            NaN
  1285.17        2500.00        92.5589        1.12774       0.997571                 NaN  0.561365                 NaN  0.987324        3.76708                 NaN            NaN
  1284.03        2500.00        95.1719       0.652049       0.725401                 NaN  0.370979                 NaN  0.638393        2.44125                 NaN            NaN
  1282.89        2500.00        99.1498       0.255975E-001  0.173828                 NaN            NaN            NaN  0.112731       0.527566       0.105022E-001            NaN
  1281.75        2500.00        89.3044        1.42728        1.59962                 NaN  0.930961                 NaN   1.43198        5.30578                 NaN            NaN
  1280.61        2500.00        95.3604       0.837155       0.555053                 NaN  0.275041                 NaN  0.622406        2.34992                 NaN            NaN
  1279.47        2500.00        95.4358       0.668859       0.625414                 NaN  0.358478                 NaN  0.614513        2.29695                 NaN            NaN
  1278.33        2500.00        95.3958       0.686437       0.615969                 NaN  0.359311                 NaN  0.621810        2.32064                 NaN            NaN
  1277.18        2500.00        95.1246       0.674430       0.679245                 NaN  0.392908                 NaN  0.657814        2.47105                 NaN            NaN
  1276.04        2500.00        96.6792       0.467100       0.461875                 NaN  0.272401                 NaN  0.449638        1.66976                 NaN            NaN
  1274.90        2500.00        89.3937        1.49173        1.46928                 NaN  0.864771                 NaN   1.45425        5.32626                 NaN            NaN
  1273.76        2500.00        99.5335       0.256670E-001  0.966298E-001            NaN  0.457015E-001            NaN  0.621708E-001  0.236378                 NaN            NaN
  1272.62        2500.00        99.3761       0.145618                 NaN            NaN  0.587848E-001            NaN  0.751415E-001  0.344379                 NaN            NaN
  1271.48        2500.00        96.6192       0.496929       0.506878                 NaN  0.241121                 NaN  0.473414        1.66245                 NaN            NaN
  1270.34        2500.00        99.9036       0.229542E-001            NaN            NaN            NaN            NaN  0.120412E-001  0.512766E-001  0.101512E-001            NaN
  1269.20        2500.00        100.000                 NaN            NaN            NaN            NaN            NaN            NaN            NaN            NaN            NaN
  1268.06        2500.00        95.4410       0.795175       0.551378                 NaN  0.207463                 NaN  0.620258        2.29140       0.933093E-001            NaN
  1266.92        2500.00        92.3151        1.11388        1.04489                 NaN  0.580354                 NaN   1.05499        3.86243       0.283934E-001            NaN
  1265.78        2500.00        98.1325       0.233567       0.271108                 NaN  0.164060                 NaN  0.256938       0.941830                 NaN            NaN
  1264.64        2500.00        96.0357       0.769683       0.445755                 NaN  0.282029E-002            NaN  0.528864        2.02332       0.193878                 NaN
  1263.50        2500.00        94.4570       0.750982       0.783026                 NaN  0.439730                 NaN  0.766576        2.78497       0.176911E-001            NaN
  1262.36        2500.00        99.3549       0.203595       0.276962E-002            NaN            NaN            NaN  0.901451E-001  0.319187       0.294006E-001            NaN
  1261.21        2500.00        99.0134       0.194227       0.542514E-001            NaN  0.109329                 NaN  0.143489       0.485311                 NaN            NaN
  1260.07        2500.00        96.6519       0.328701       0.626273                 NaN  0.164810                 NaN  0.445154        1.71745       0.657397E-001            NaN
  1258.93        2500.00        93.8179        1.79690       0.315048E-001            NaN            NaN            NaN  0.864670        3.20351       0.285482                 NaN
  1257.79        2500.00        99.3408       0.878557E-001            NaN            NaN  0.784482E-001            NaN  0.978220E-001  0.395085                 NaN            NaN
  1256.65        2500.00        99.5146                 NaN            NaN            NaN  0.113941                 NaN  0.254255E-002  0.368924                 NaN            NaN
  1255.51        2500.00        97.3477       0.422325       0.704986                 NaN            NaN            NaN  0.408235        1.08444       0.323589E-001            NaN
  1254.37        2500.00        97.8666       0.491504                 NaN            NaN  0.212479                 NaN  0.283120        1.11606       0.302664E-001            NaN
  1253.23        2500.00        97.6429       0.276155       0.355765                 NaN  0.223706                 NaN  0.328165        1.16103       0.123113E-001            NaN
  1252.09        2500.00        90.9599        2.80545                 NaN            NaN            NaN            NaN   1.25840        4.64406       0.332163                 NaN
  1250.95        2500.00        99.6226       0.516974E-001            NaN            NaN            NaN            NaN  0.424585E-001  0.168165       0.146054E-001  0.100464     
  1249.81        2500.00        99.9505       0.171117E-001            NaN            NaN            NaN            NaN  0.750564E-002  0.249135E-001            NaN            NaN
  1248.67        2500.00        99.9643                 NaN            NaN            NaN            NaN            NaN            NaN  0.316547E-001  0.402978E-002            NaN
  1247.53        2500.00        99.9229       0.253163E-001            NaN            NaN            NaN            NaN  0.147003E-001  0.213520E-001  0.156923E-001            NaN
  1246.39        2500.00        99.6551       0.658660E-001            NaN            NaN  0.497829E-001            NaN  0.477134E-001  0.181568                 NaN            NaN
  1245.25        2500.00        96.3276       0.931974                 NaN            NaN  0.283398                 NaN  0.470415        1.92059       0.660493E-001            NaN
  1244.10        2500.00        98.2693       0.393314                 NaN            NaN  0.199925                 NaN  0.230737       0.898793       0.794875E-002            NaN
  1242.96        2500.00        98.4344       0.385361                 NaN            NaN  0.940993E-001            NaN  0.199054       0.839456       0.476574E-001            NaN
  1241.82        2500.00        90.5355       0.901482                 NaN            NaN  0.658916                 NaN  0.883363        3.66188                 NaN   3.35888     
  1240.68        2500.00        83.6954        2.09582                 NaN            NaN   1.20511                 NaN   1.62932        6.76396                 NaN   4.61039     
  1239.54        2500.00        83.6021        1.89907                 NaN            NaN   1.16695                 NaN   1.59161        6.61427                 NaN   5.12601     
  1238.40        2500.00        99.9999       0.724718E-005            NaN            NaN  0.337624E-005            NaN  0.558885E-005  0.237706E-004            NaN  0.173015E-004
  1237.26        2500.00       100.0000                 NaN            NaN            NaN  0.198466E-005            NaN            NaN  0.162741E-005            NaN  0.252418E-005
  1236.12        2500.00        76.0752        2.88618                 NaN            NaN   1.41977       0.442153E-003   2.28825        9.79276       0.181013        7.35639     
  1234.98        2500.00        91.2120        1.00922                 NaN            NaN  0.623178                 NaN  0.843455        3.57865                 NaN   2.73352     
  1233.84        2500.00        90.6012        1.04194                 NaN            NaN  0.678474                 NaN  0.897728        3.80601                 NaN   2.97462     
  1232.70        2500.00        91.3094       0.970645                 NaN            NaN  0.624320                 NaN  0.828083        3.52960                 NaN   2.73792     
  1231.56        2500.00        91.3240       0.961602                 NaN            NaN  0.609463                 NaN  0.820677        3.54691                 NaN   2.73733     
  1230.42        2500.00        86.5678        1.37925                 NaN            NaN   1.00533                 NaN   1.26822        5.43926                 NaN   4.34015     
  1229.28        2500.00        99.9595       0.567376E-002            NaN            NaN  0.226750E-002            NaN  0.366992E-002  0.163480E-001            NaN  0.124975E-001
  1228.14        2500.00        99.9542       0.344515E-002  0.761093E-005            NaN  0.382865E-002            NaN  0.426680E-002  0.191573E-001            NaN  0.150882E-001
  1226.99        2500.00        75.4021        2.51420                 NaN            NaN   1.66033                 NaN   2.24349        10.3333                 NaN   7.84657     
  1225.85        2500.00        81.7654        1.75967                 NaN            NaN   1.20178                 NaN   1.62281        7.79794                 NaN   5.85236     
  1224.71        2500.00        98.4633       0.134168                 NaN            NaN  0.100461                 NaN  0.132190       0.669690                 NaN  0.500215     
  1223.57        2500.00                 NaN   8.30774                 NaN            NaN   6.22543                 NaN   8.31345        44.2361                 NaN   32.9173     
  1222.43        2500.00                 NaN   8.32631                 NaN            NaN   6.21420                 NaN   8.31598        44.2348                 NaN   32.9087     
  1221.29        2500.00                 NaN   8.29817                 NaN            NaN   6.23072                 NaN   8.31709        44.2321                 NaN   32.9219     
  1220.15        2500.00                 NaN   8.28748                 NaN            NaN   6.23619                 NaN   8.31946        44.2308                 NaN   32.9261     
  1219.01        2500.00                 NaN   8.28641                 NaN            NaN   6.23720                 NaN   8.32052        44.2287                 NaN   32.9271     
  1217.87        2500.00                 NaN   8.29251                 NaN            NaN   6.23294                 NaN   8.32306        44.2274                 NaN   32.9241     
  1216.73        2500.00                 NaN   8.28639                 NaN            NaN   6.23640                 NaN   8.32483        44.2254                 NaN   32.9270     
  1215.59        2500.00                 NaN   8.27890                 NaN            NaN   6.23633                 NaN   8.33250        44.2256                 NaN   32.9267     
  1214.45        2500.00                 NaN   8.14744                 NaN            NaN   6.30490                 NaN   8.32216        44.2577                 NaN   32.9678     
  1213.31        2500.00                 NaN   8.21588                 NaN            NaN   6.26936                 NaN   8.33012        44.2373                 NaN   32.9473     
  1212.17        2500.00                 NaN   8.26200                 NaN            NaN   6.24972                 NaN   8.33240        44.2175                 NaN   32.9384     
  1211.03        2500.00                 NaN   8.10898                 NaN            NaN   6.32498                 NaN   8.32548        44.2588                 NaN   32.9817     
  1209.88        2500.00                 NaN   8.25941                 NaN            NaN   6.24650                 NaN   8.34169        44.2165                 NaN   32.9359     
  1208.74        2500.00                 NaN   8.24468                 NaN            NaN   6.25849                 NaN   8.33888        44.2123                 NaN   32.9457     
  1207.60        2500.00                 NaN   8.24485                 NaN            NaN   6.25926                 NaN   8.33949        44.2094                 NaN   32.9470     
  1206.46        2500.00                 NaN   8.23761                 NaN            NaN   6.26308                 NaN   8.34161        44.2075                 NaN   32.9502     
  1205.32        2500.00                 NaN   8.23133                 NaN            NaN   6.26624                 NaN   8.34350        44.2060                 NaN   32.9529     
  1204.18        2500.00                 NaN   8.22582                 NaN            NaN   6.26954                 NaN   8.34520        44.2037                 NaN   32.9557     
  1203.04        2500.00                 NaN   8.22194                 NaN            NaN   6.27154                 NaN   8.34734        44.2016                 NaN   32.9576     
  1201.90        2500.00                 NaN   8.11027                 NaN            NaN   6.32623                 NaN   8.34204        44.2328                 NaN   32.9887     
  1200.76        2500.00                 NaN   8.09349                 NaN            NaN   6.33526                 NaN   8.34541        44.2303                 NaN   32.9956     
  1199.62        2500.00                 NaN   8.21882                 NaN            NaN   6.26976                 NaN   8.35629        44.1984                 NaN   32.9568     
  1198.48        2500.00                 NaN   8.21258                 NaN            NaN   6.27259                 NaN   8.35896        44.1967                 NaN   32.9592     
  1197.34        2500.00                 NaN   8.20688                 NaN            NaN   6.27538                 NaN   8.36128        44.1948                 NaN   32.9616     
  1196.20        2500.00                 NaN   8.20243                 NaN            NaN   6.27814                 NaN   8.36271        44.1926                 NaN   32.9641     
  1195.06        2500.00                 NaN   8.19800                 NaN            NaN   6.28089                 NaN   8.36413        44.1904                 NaN   32.9666     
  1193.92        2500.00                 NaN   8.19354                 NaN            NaN   6.28366                 NaN   8.36553        44.1882                 NaN   32.9691     
  1192.77        2500.00                 NaN   8.09039                 NaN            NaN   6.33777                 NaN   8.35771        44.2121                 NaN   33.0020     
  1191.63        2500.00                 NaN   8.18472                 NaN            NaN   6.28921                 NaN   8.36830        44.1836                 NaN   32.9742     
  1190.49        2500.00                 NaN   8.08299                 NaN            NaN   6.34417                 NaN   8.35829        44.2073                 NaN   33.0073     
  1189.35        2500.00                 NaN   8.06038                 NaN            NaN   6.35917                 NaN   8.35163        44.2115                 NaN   33.0173     
  1188.21        2500.00                 NaN   8.15509                 NaN            NaN   6.30806                 NaN   8.37143        44.1753                 NaN   32.9901     
  1187.07        2500.00                 NaN   8.15134                 NaN            NaN   6.31034                 NaN   8.37309        44.1729                 NaN   32.9923     
  1185.93        2500.00                 NaN   8.16025                 NaN            NaN   6.30484                 NaN   8.37517        44.1713                 NaN   32.9885     
  1184.79        2500.00                 NaN   8.15931                 NaN            NaN   6.30534                 NaN   8.37689        44.1692                 NaN   32.9892     
  1183.65        2500.00                 NaN   8.14736                 NaN            NaN   6.31187                 NaN   8.37920        44.1670                 NaN   32.9945     
  1182.51        2500.00                 NaN   8.13236                 NaN            NaN   6.32064                 NaN   8.38055        44.1647                 NaN   33.0018     
  1181.37        2500.00                 NaN   8.13819                 NaN            NaN   6.31702                 NaN   8.38274        44.1627                 NaN   32.9994     
  1180.23        2500.00                 NaN   8.14017                 NaN            NaN   6.31573                 NaN   8.38461        44.1607                 NaN   32.9988     
  1179.09        2500.00                 NaN   8.13516                 NaN            NaN   6.31840                 NaN   8.38666        44.1586                 NaN   33.0012     
  1177.95        2500.00                 NaN   8.04614                 NaN            NaN   6.36422                 NaN   8.38012        44.1810                 NaN   33.0285     
  1176.80        2500.00                 NaN   8.04244                 NaN            NaN   6.36712                 NaN   8.38105        44.1775                 NaN   33.0318     
  1175.66        2500.00                 NaN   8.04046                 NaN            NaN   6.36778                 NaN   8.38368        44.1756                 NaN   33.0324     
  1174.52        2500.00                 NaN   8.04379                 NaN            NaN   6.36612                 NaN   8.38562        44.1720                 NaN   33.0324     
  1173.38        2500.00                 NaN   8.13582                 NaN            NaN   6.31724                 NaN   8.39574        44.1490                 NaN   33.0022     
  1172.24        2500.00                 NaN   8.10628                 NaN            NaN   6.33390                 NaN   8.39847        44.1458                 NaN   33.0155     
  1171.10        2500.00                 NaN   8.11311                 NaN            NaN   6.33072                 NaN   8.39925        44.1431                 NaN   33.0139     
  1169.96        2500.00                 NaN   8.11118                 NaN            NaN   6.33131                 NaN   8.40162        44.1413                 NaN   33.0146     
  1168.82        2500.00                 NaN   8.10624                 NaN            NaN   6.33419                 NaN   8.40331        44.1390                 NaN   33.0173     
  1167.68        2500.00                 NaN   8.09477                 NaN            NaN   6.34128                 NaN   8.40416        44.1363                 NaN   33.0235     
  1166.54        2500.00                 NaN   7.98754                 NaN            NaN   6.39474                 NaN   8.40170        44.1603                 NaN   33.0557     
  1165.40        2500.00                 NaN   8.09691                 NaN            NaN   6.33938                 NaN   8.40884        44.1321                 NaN   33.0227     
  1164.26        2500.00                 NaN   8.06874                 NaN            NaN   6.35158                 NaN   8.41598        44.1314                 NaN   33.0323     
  1163.12        2500.00                 NaN   8.07958                 NaN            NaN   6.34553                 NaN   8.41696        44.1298                 NaN   33.0281     
  1161.98        2500.00                 NaN   8.08380                 NaN            NaN   6.34682                 NaN   8.41445        44.1249                 NaN   33.0300     
  1160.84        2500.00                 NaN   8.07984                 NaN            NaN   6.34905                 NaN   8.41633        44.1225                 NaN   33.0323     
  1159.69        2500.00                 NaN   8.06996                 NaN            NaN   6.35456                 NaN   8.41855        44.1199                 NaN   33.0371     
  1158.55        2500.00                 NaN   8.06419                 NaN            NaN   6.35776                 NaN   8.42054        44.1175                 NaN   33.0400     
  1157.41        2500.00                 NaN   8.06189                 NaN            NaN   6.35902                 NaN   8.42230        44.1153                 NaN   33.0415     
  1156.27        2500.00                 NaN   7.94732                 NaN            NaN   6.40615                 NaN   8.41436        44.1461       0.110046E-001   33.0751     
  1155.13        2500.00                 NaN   8.05764                 NaN            NaN   6.36132                 NaN   8.42574        44.1111                 NaN   33.0442     
  1153.99        2500.00                 NaN   7.94105                 NaN            NaN   6.41424                 NaN   8.41840        44.1410       0.627641E-002   33.0790     
  1152.85        2500.00                 NaN   7.93795                 NaN            NaN   6.41827                 NaN   8.42043        44.1384       0.390711E-002   33.0810     
  1151.71        2500.00                 NaN   7.93485                 NaN            NaN   6.42230                 NaN   8.42247        44.1358       0.153001E-002   33.0830     
  1150.57        2500.00                 NaN   7.93184                 NaN            NaN   6.42550                 NaN   8.42446        44.1332                 NaN   33.0850     
  1149.43        2500.00                 NaN   7.92895                 NaN            NaN   6.42720                 NaN   8.42639        44.1305                 NaN   33.0870     
  1148.29        2500.00                 NaN   7.99357                 NaN            NaN   6.37497                 NaN   8.43163        44.1093       0.213500E-001   33.0692     
  1147.15        2500.00                 NaN   8.00242                 NaN            NaN   6.36007                 NaN   8.43387        44.1045       0.321891E-001   33.0670     
  1146.01        2500.00                 NaN   8.01086                 NaN            NaN   6.34532                 NaN   8.43601        44.0999       0.430665E-001   33.0648     
  1144.87        2500.00                 NaN   8.01897                 NaN            NaN   6.33079                 NaN   8.43814        44.0955       0.538758E-001   33.0627     
  1143.73        2500.00                 NaN   7.98124                 NaN            NaN   6.35130                 NaN   8.46210        44.0479       0.622945E-001   33.0951     
  1142.58        2500.00                 NaN   8.04108                 NaN            NaN   6.29839                 NaN   8.44294        44.0852       0.757574E-001   33.0567     
  1141.44        2500.00                 NaN   8.04912                 NaN            NaN   6.27898                 NaN   8.44593        44.0817       0.908240E-001   33.0534     
  1140.30        2500.00                 NaN   8.05149                 NaN            NaN   6.26504                 NaN   8.44802        44.0794       0.103596        33.0525     
  1139.16        2500.00                 NaN   8.05146                 NaN            NaN   6.25658                 NaN   8.44923        44.0767       0.112672        33.0534     
  1138.02        2500.00                 NaN   8.05128                 NaN            NaN   6.24823                 NaN   8.45043        44.0741       0.121707        33.0543     
  1136.88        2500.00                 NaN   8.02480                 NaN            NaN   6.25546                 NaN   8.44930        44.0776       0.128900        33.0639     
  1135.74        2500.00                 NaN   8.04792                 NaN            NaN   6.23554                 NaN   8.45649        44.0612       0.138710        33.0601     
  1134.60        2500.00                 NaN   8.04713                 NaN            NaN   6.22673                 NaN   8.45748        44.0598       0.148264        33.0606     
  1133.46        2500.00                 NaN   8.04635                 NaN            NaN   6.21795                 NaN   8.45850        44.0583       0.157792        33.0612     
  1132.32        2500.00                 NaN   8.04556                 NaN            NaN   6.20920                 NaN   8.45955        44.0567       0.167289        33.0617     
  1131.18        2500.00                 NaN   8.04476                 NaN            NaN   6.20050                 NaN   8.46062        44.0551       0.176759        33.0623     
  1130.04        2500.00                 NaN   8.04395                 NaN            NaN   6.19184                 NaN   8.46172        44.0534       0.186198        33.0629     
  1128.90        2500.00                 NaN   8.04313                 NaN            NaN   6.18322                 NaN   8.46286        44.0516       0.195604        33.0635     
  1127.76        2500.00                 NaN   8.04231                 NaN            NaN   6.17464                 NaN   8.46402        44.0498       0.204979        33.0642     
  1126.62        2500.00                 NaN   8.04148                 NaN            NaN   6.16612                 NaN   8.46522        44.0480       0.214319        33.0649     
  1125.47        2500.00                 NaN   8.04034                 NaN            NaN   6.15806                 NaN   8.46594        44.0463       0.223630        33.0657     
  1124.33        2500.00                 NaN   8.03805                 NaN            NaN   6.15473                 NaN   8.47211        44.0317       0.231167        33.0722     
  1123.19        2500.00                 NaN   8.03636                 NaN            NaN   6.14723                 NaN   8.47388        44.0285       0.240205        33.0738     
  1122.05        2500.00                 NaN   8.03376                 NaN            NaN   6.14018                 NaN   8.47542        44.0259       0.249204        33.0756     
  1120.91        2500.00                 NaN   8.03372                 NaN            NaN   6.13099                 NaN   8.47682        44.0233       0.258949        33.0762     
  1119.77        2500.00                 NaN   8.04051                 NaN            NaN   6.11395                 NaN   8.47412        44.0327       0.270067        33.0686     
  1118.63        2500.00                 NaN   8.03058                 NaN            NaN   6.11595                 NaN   8.47980        44.0185       0.276525        33.0787     
  1117.49        2500.00                 NaN   8.02926                 NaN            NaN   6.10798                 NaN   8.48109        44.0164       0.285598        33.0797     
  1116.35        2500.00                 NaN   8.02798                 NaN            NaN   6.09998                 NaN   8.48232        44.0145       0.294645        33.0806     
  1115.21        2500.00                 NaN   8.02686                 NaN            NaN   6.09172                 NaN   8.48323        44.0133       0.303780        33.0811     
  1114.07        2500.00                 NaN   8.03366                 NaN            NaN   6.07529                 NaN   8.48150        44.0201       0.314903        33.0746     
  1112.93        2500.00                 NaN   8.01009                 NaN            NaN   6.08516                 NaN   8.49048        44.0077       0.318240        33.0883     
  1111.79        2500.00                 NaN   8.03134                 NaN            NaN   6.05985                 NaN   8.48452        44.0149       0.332554        33.0768     
  1110.65        2500.00                 NaN   8.02200                 NaN            NaN   6.05941                 NaN   8.48770        44.0070       0.339780        33.0841     
  1109.50        2500.00                 NaN   8.02119                 NaN            NaN   6.05118                 NaN   8.48874        44.0056       0.348688        33.0846     
  1108.36        2500.00                 NaN   8.02015                 NaN            NaN   6.04301                 NaN   8.48970        44.0044       0.357613        33.0852     
  1107.22        2500.00                 NaN   8.02619                 NaN            NaN   6.02962                 NaN   8.49068        44.0047       0.367393        33.0814     
  1106.08        2500.00                 NaN   8.02477                 NaN            NaN   6.02223                 NaN   8.49223        44.0022       0.375990        33.0826     
  1104.94        2500.00                 NaN   8.02344                 NaN            NaN   6.01532                 NaN   8.49360        43.9995       0.384192        33.0839     
  1103.80        2500.00                 NaN   8.01586                 NaN            NaN   6.01065                 NaN   8.49334        44.0002       0.392919        33.0870     
  1102.66        2500.00                 NaN   8.01425                 NaN            NaN   6.00299                 NaN   8.49414        43.9994       0.401577        33.0876     
  1101.52        2500.00                 NaN   8.01313                 NaN            NaN   5.99507                 NaN   8.49498        43.9985       0.410205        33.0881     
  1100.38        2500.00                 NaN   8.01259                 NaN            NaN   5.98683                 NaN   8.49585        43.9976       0.418858        33.0883     
  1099.24        2500.00                 NaN   8.01544                 NaN            NaN   5.97924                 NaN   8.50170        43.9870       0.426572        33.0901     
  1098.10        2500.00                 NaN   8.00996                 NaN            NaN   5.97163                 NaN   8.49749        43.9962       0.435590        33.0891     
  1096.96        2500.00                 NaN   8.00863                 NaN            NaN   5.96403                 NaN   8.49833        43.9955       0.443935        33.0895     
  1095.82        2500.00                 NaN   8.00751                 NaN            NaN   5.95646                 NaN   8.49902        43.9949       0.452218        33.0899     
  1094.68        2500.00                 NaN   8.00623                 NaN            NaN   5.94894                 NaN   8.49982        43.9942       0.460462        33.0903     
  1093.54        2500.00                 NaN   8.00499                 NaN            NaN   5.94140                 NaN   8.50058        43.9937       0.468707        33.0907     
  1092.39        2500.00                 NaN   8.00538                 NaN            NaN   5.92881                 NaN   8.50493        43.9896       0.480778        33.0905     
  1091.25        2500.00                 NaN   7.99955                 NaN            NaN   5.93522                 NaN   8.50957        43.9729       0.481990        33.1008     
  1090.11        2500.00                 NaN   7.99822                 NaN            NaN   5.92795                 NaN   8.51037        43.9722       0.490056        33.1012     
  1088.97        2500.00                 NaN   7.99689                 NaN            NaN   5.92072                 NaN   8.51114        43.9715       0.498055        33.1017     
  1087.83        2500.00                 NaN   7.99556                 NaN            NaN   5.91352                 NaN   8.51189        43.9709       0.506004        33.1021     
  1086.69        2500.00                 NaN   7.99426                 NaN            NaN   5.90630                 NaN   8.51263        43.9704       0.513937        33.1025     
  1085.55        2500.00                 NaN   7.96512                 NaN            NaN   5.94292                 NaN   8.53127        43.9226       0.503899        33.1342     
  1084.41        2500.00                 NaN   7.96512                 NaN            NaN   5.94292                 NaN   8.53127        43.9226       0.503900        33.1342     
  1083.27        2500.00                 NaN   7.96511                 NaN            NaN   5.94290                 NaN   8.53127        43.9226       0.503914        33.1342     
  1082.13        2500.00                 NaN   7.96511                 NaN            NaN   5.94292                 NaN   8.53127        43.9226       0.503897        33.1342     
  1080.99        2500.00                 NaN   7.95722                 NaN            NaN   5.89968                 NaN   8.53663        43.9238       0.549064        33.1336     
  1079.85        2500.00                 NaN   7.95485                 NaN            NaN   5.89343                 NaN   8.53795        43.9222       0.556785        33.1348     
  1078.71        2500.00                 NaN   7.95336                 NaN            NaN   5.88644                 NaN   8.53893        43.9216       0.564533        33.1352     
  1077.57        2500.00                 NaN   7.97542                 NaN            NaN   5.86118                 NaN   8.53212        43.9386       0.574029        33.1187     
  1076.43        2500.00                 NaN   7.94929                 NaN            NaN   5.87359                 NaN   8.54148        43.9222       0.578264        33.1352     
  1075.28        2500.00                 NaN   7.94990                 NaN            NaN   5.86405                 NaN   8.54106        43.9219       0.588074        33.1350     
  1074.14        2500.00                 NaN   7.94950                 NaN            NaN   5.85773                 NaN   8.54127        43.9219       0.594647        33.1350     
  1073.00        2500.00                 NaN   7.94608                 NaN            NaN   5.83531                 NaN   8.54324        43.9225       0.618128        33.1347     
  1071.86        2500.00                 NaN   7.94566                 NaN            NaN   5.83186                 NaN   8.54348        43.9226       0.621734        33.1347     
  1070.72        2500.00                 NaN   7.94526                 NaN            NaN   5.82906                 NaN   8.54371        43.9227       0.624665        33.1347     
  1069.58        2500.00                 NaN   7.94494                 NaN            NaN   5.82681                 NaN   8.54389        43.9227       0.627021        33.1346     
  1068.44        2500.00                 NaN   7.94389                 NaN            NaN   5.82887                 NaN   8.54709        43.9143       0.627091        33.1388     
  1067.30        2500.00                 NaN   7.94389                 NaN            NaN   5.82887                 NaN   8.54709        43.9143       0.627091        33.1388     
  1066.16        2500.00                 NaN   7.94035                 NaN            NaN   5.80027                 NaN   8.54808        43.9184       0.656133        33.1368     
  1065.02        2500.00                 NaN   7.94035                 NaN            NaN   5.80027                 NaN   8.54808        43.9184       0.656133        33.1368     
  1063.88        2500.00                 NaN   7.94035                 NaN            NaN   5.80027                 NaN   8.54808        43.9184       0.656133        33.1368     
  1062.74        2500.00                 NaN   7.94035                 NaN            NaN   5.80027                 NaN   8.54808        43.9184       0.656133        33.1368     
  1061.60        2500.00                 NaN   7.93578                 NaN            NaN   5.77471                 NaN   8.54925        43.9244       0.681747        33.1341     
  1060.46        2500.00                 NaN   7.93578                 NaN            NaN   5.77471                 NaN   8.54925        43.9244       0.681747        33.1341     
  1059.32        2500.00                 NaN   7.93578                 NaN            NaN   5.77471                 NaN   8.54925        43.9244       0.681747        33.1341     
  1058.17        2500.00                 NaN   7.93578                 NaN            NaN   5.77471                 NaN   8.54925        43.9244       0.681747        33.1341     
  1057.03        2500.00                 NaN   7.93418                 NaN            NaN   5.75095                 NaN   8.55005        43.9246       0.706401        33.1338     
  1055.89        2500.00                 NaN   7.91015                 NaN            NaN   5.77968                 NaN   8.56674        43.8773       0.701054        33.1651     
  1054.75        2500.00                 NaN   7.90984                 NaN            NaN   5.77768                 NaN   8.56692        43.8774       0.703144        33.1650     
  1053.61        2500.00                 NaN   7.90950                 NaN            NaN   5.77558                 NaN   8.56711        43.8774       0.705342        33.1650     
  1052.47        2500.00                 NaN   7.90633                 NaN            NaN   5.75360                 NaN   8.56892        43.8780       0.728339        33.1648     
  1051.33        2500.00                 NaN   7.90601                 NaN            NaN   5.75163                 NaN   8.56911        43.8781       0.730406        33.1647     
  1050.19        2500.00                 NaN   7.90734                 NaN            NaN   5.74873                 NaN   8.56966        43.8781       0.732362        33.1638     
  1049.05        2500.00                 NaN   7.90528                 NaN            NaN   5.74734                 NaN   8.56953        43.8783       0.734902        33.1647     
  1047.91        2500.00                 NaN   7.90209                 NaN            NaN   5.72985                 NaN   8.57138        43.8789       0.753264        33.1645     
  1046.77        2500.00                 NaN   7.89850                 NaN  0.296886E-001   5.69964                 NaN   8.57373        43.8806       0.761727        33.1561     
  1045.63        2500.00                 NaN   7.89839                 NaN  0.310864E-001   5.69840                 NaN   8.57381        43.8807       0.761929        33.1557     
  1044.49        2500.00                 NaN   7.89831                 NaN  0.320564E-001   5.69757                 NaN   8.57386        43.8807       0.762033        33.1554     
  1043.35        2500.00                 NaN   7.89836                 NaN  0.314646E-001   5.69808                 NaN   8.57383        43.8807       0.761969        33.1556     
  1042.21        2500.00                 NaN   7.84818                 NaN  0.134622        5.61457                 NaN   8.59097        43.8658       0.795298        33.1506     
  1041.06        2500.00                 NaN   7.84775                 NaN  0.140657        5.60945                 NaN   8.59127        43.8660       0.795923        33.1489     
  1039.92        2500.00                 NaN   7.84730                 NaN  0.147012        5.60406                 NaN   8.59158        43.8663       0.796583        33.1471     
  1038.78        2500.00                 NaN   7.77699                 NaN  0.782254        5.06841                 NaN   8.62842        43.8858       0.874249        32.9839     
  1037.64        2500.00                 NaN   7.73446                 NaN   1.10880        4.79774                 NaN   8.64646        43.8981       0.912645        32.9018     
  1036.50        2500.00                 NaN   7.69543                 NaN   1.40819        4.54970                 NaN   8.66309        43.9093       0.947709        32.8266     
  1035.36        2500.00                 NaN   7.66399                 NaN   1.67995        4.32312                 NaN   8.67858        43.9175       0.979288        32.7576     
  1034.22        2500.00                 NaN   7.63094                 NaN   1.94349        4.10477                 NaN   8.69342        43.9264        1.00965        32.6913     
  1033.08        2500.00                 NaN   7.60039                 NaN   2.19021        3.90047                 NaN   8.70742        43.9344        1.03785        32.6293     
  1031.94        2500.00                 NaN   7.57183                 NaN   2.42209        3.70864                 NaN   8.72066        43.9416        1.06415        32.5711     
  1030.80        2500.00                 NaN   7.53422                 NaN   2.66461        3.51188                 NaN   8.73378        43.9521        1.09134        32.5121     
  1029.66        2500.00                 NaN   7.50807                 NaN   2.87215        3.34090                 NaN   8.74568        43.9584        1.11451        32.4603     
  1028.52        2500.00                 NaN   7.48318                 NaN   3.06923        3.17882                 NaN   8.75708        43.9641        1.13630        32.4113     
  1027.38        2500.00                 NaN   7.46087                 NaN   3.24984        3.03040                 NaN   8.76758        43.9689        1.15600        32.3664     
  1026.24        2500.00                 NaN   7.45299                 NaN   3.39800        2.90376                 NaN   8.77731        43.9686        1.17231        32.3271     
  1025.09        2500.00                 NaN   7.43301                 NaN   3.56390        2.76749                 NaN   8.78706        43.9725        1.19019        32.2858     
  1023.95        2500.00                 NaN   7.25905                 NaN   5.95401       0.774872                 NaN   8.90315        44.0738        1.40885        31.6262     
  1022.81        2500.00                 NaN   7.38429                 NaN   3.91893        2.47900                 NaN   8.80714        43.9845        1.22757        32.1985     
  1021.67        2500.00                 NaN   7.36780                 NaN   4.06082        2.36267                 NaN   8.81573        43.9872        1.24244        32.1633     
  1020.53        2500.00                 NaN   7.35192                 NaN   4.19690        2.25132                 NaN   8.82401        43.9896        1.25656        32.1297     
  1019.39        2500.00                 NaN   7.33661                 NaN   4.32744        2.14470                 NaN   8.83199        43.9918        1.26996        32.0975     
  1018.25        2500.00                 NaN   7.32185                 NaN   4.45271        2.04258                 NaN   8.83968        43.9938        1.28269        32.0667     
  1017.11        2500.00                 NaN   7.30762                 NaN   4.57295        1.94476                 NaN   8.84711        43.9955        1.29479        32.0372     
  1015.97        2500.00                 NaN   7.29386                 NaN   4.68861        1.85085                 NaN   8.85428        43.9971        1.30630        32.0090     
  1014.83        2500.00                 NaN   7.28061                 NaN   4.79920        1.76124                 NaN   8.86119        43.9985        1.31720        31.9821     
  1013.69        2500.00                 NaN   7.26779                 NaN   4.90565        1.67517                 NaN   8.86788        43.9997        1.32757        31.9563     
  1012.55        2500.00                 NaN   7.10126                 NaN   6.94617                 NaN            NaN   8.95261        44.1127        1.49702        31.3902     
  1011.41        2500.00                 NaN   7.09113                 NaN   6.95298                 NaN            NaN   8.95279        44.1134        1.49748        31.3922     
  1010.27        2500.00                 NaN   7.06712                 NaN   6.96627                 NaN            NaN   8.95088        44.1219        1.49903        31.3948     
  1009.13        2500.00                 NaN   7.07444                 NaN   6.96461                 NaN            NaN   8.95417        44.1120        1.49824        31.3965     
  1007.98        2500.00                 NaN   7.06927                 NaN   6.96870                 NaN            NaN   8.95581        44.1088        1.49848        31.3990     
  1006.84        2500.00                 NaN   7.06418                 NaN   6.97272                 NaN            NaN   8.95744        44.1055        1.49871        31.4014     
  1005.70        2500.00                 NaN   7.05919                 NaN   6.97669                 NaN            NaN   8.95907        44.1023        1.49893        31.4038     
  1004.56        2500.00                 NaN   7.17920                 NaN   5.62035        1.10270                 NaN   8.91405        44.0036        1.39407        31.7861     
  1003.42        2500.00                 NaN   7.04946                 NaN   6.98445                 NaN            NaN   8.96230        44.0958        1.49936        31.4086     
  1002.28        2500.00                 NaN   7.04471                 NaN   6.98826                 NaN            NaN   8.96391        44.0926        1.49957        31.4109     
  1001.14        2500.00                 NaN   7.15132                 NaN   5.83549       0.932694                 NaN   8.92857        44.0028        1.41283        31.7363     
  1000.00        2500.00                 NaN   7.14620                 NaN   5.84197       0.930066                 NaN   8.93015        44.0002        1.41376        31.7377     
