|6.6.6
Archiving\03_Data\eqfracLP/QFM_m0.75/Y98/Y98_1.tab                        
           1
T(K)    
  0.000000000000000E+000
  0.000000000000000E+000
           0
          13
T(K)           P(bar)         melt(TH)       melt(TH)       Cpx(TH)        Cpx(TH)        Opx(TH)        O(HP)          an             Sp(TH)         San(TH)        ilm            q             
  1451.92        500.000        99.8902                 NaN  0.587379E-001  0.510614E-001            NaN            NaN            NaN            NaN            NaN            NaN            NaN
  1450.79        500.000        99.2194                 NaN  0.377864       0.402729                 NaN            NaN            NaN            NaN            NaN            NaN            NaN
  1449.65        500.000        99.1260                 NaN  0.354384       0.519569                 NaN            NaN            NaN            NaN            NaN            NaN            NaN
  1448.52        500.000        99.1294                 NaN  0.517082       0.353476                 NaN            NaN            NaN            NaN            NaN            NaN            NaN
  1447.39        500.000        99.1401                 NaN  0.348856       0.511085                 NaN            NaN            NaN            NaN            NaN            NaN            NaN
  1446.26        500.000        99.1415                 NaN  0.347423       0.511054                 NaN            NaN            NaN            NaN            NaN            NaN            NaN
  1445.12        500.000        99.1475                 NaN  0.507399       0.345111                 NaN            NaN            NaN            NaN            NaN            NaN            NaN
  1443.99        500.000        99.1515                 NaN  0.505342       0.343123                 NaN            NaN            NaN            NaN            NaN            NaN            NaN
  1442.86        500.000        99.1578                 NaN  0.501231       0.340933                 NaN            NaN            NaN            NaN            NaN            NaN            NaN
  1441.73        500.000        97.5849                 NaN  0.930217        1.45517       0.253930E-001  0.434904E-002            NaN            NaN            NaN            NaN            NaN
  1440.59        500.000        100.000                 NaN            NaN            NaN            NaN            NaN            NaN            NaN            NaN            NaN            NaN
  1439.46        500.000        99.1731                 NaN  0.352851       0.474011                 NaN            NaN            NaN            NaN            NaN            NaN            NaN
  1438.33        500.000        99.9103                 NaN  0.361546E-001  0.535585E-001            NaN  0.114656E-005            NaN            NaN            NaN            NaN            NaN
  1437.20        500.000        99.2468                 NaN  0.449944       0.303292                 NaN            NaN            NaN            NaN            NaN            NaN            NaN
  1436.06        500.000        99.1890                 NaN  0.484218       0.326777                 NaN            NaN            NaN            NaN            NaN            NaN            NaN
  1434.93        500.000        99.1928                 NaN  0.482109       0.325136                 NaN            NaN            NaN            NaN            NaN            NaN            NaN
  1433.80        500.000        99.1968                 NaN  0.323268       0.479925                 NaN            NaN            NaN            NaN            NaN            NaN            NaN
  1432.67        500.000        99.2013                 NaN  0.320724       0.477973                 NaN            NaN            NaN            NaN            NaN            NaN            NaN
  1431.53        500.000        99.2043                 NaN  0.476219       0.319437                 NaN            NaN            NaN            NaN            NaN            NaN            NaN
  1430.40        500.000        99.2112                 NaN  0.471683       0.317158                 NaN            NaN            NaN            NaN            NaN            NaN            NaN
  1429.27        500.000        99.1082                 NaN  0.530438       0.361397                 NaN            NaN            NaN            NaN            NaN            NaN            NaN
  1428.13        500.000        99.3291                 NaN  0.270539       0.400353                 NaN            NaN            NaN            NaN            NaN            NaN            NaN
  1427.00        500.000        99.2234                 NaN  0.311224       0.465402                 NaN            NaN            NaN            NaN            NaN            NaN            NaN
  1425.87        500.000        98.8940                 NaN  0.512043       0.453063                 NaN            NaN  0.140908                 NaN            NaN            NaN            NaN
  1424.74        500.000        97.8106                 NaN  0.699003       0.917963                 NaN            NaN  0.572392                 NaN            NaN            NaN            NaN
  1423.60        500.000        98.2091                 NaN  0.750390       0.572628                 NaN            NaN  0.467912                 NaN            NaN            NaN            NaN
  1422.47        500.000        98.0558                 NaN  0.622021       0.814470                 NaN            NaN  0.507732                 NaN            NaN            NaN            NaN
  1421.34        500.000        98.0832                 NaN  0.614012       0.802426                 NaN            NaN  0.500362                 NaN            NaN            NaN            NaN
  1420.21        500.000        98.1120                 NaN  0.790181       0.605618                 NaN            NaN  0.492179                 NaN            NaN            NaN            NaN
  1419.07        500.000        98.1392                 NaN  0.597061       0.778776                 NaN            NaN  0.484917                 NaN            NaN            NaN            NaN
  1417.94        500.000        98.1655                 NaN  0.589062       0.767433                 NaN            NaN  0.478030                 NaN            NaN            NaN            NaN
  1416.81        500.000        98.1924                 NaN  0.755889       0.581057                 NaN            NaN  0.470656                 NaN            NaN            NaN            NaN
  1415.68        500.000        98.2164                 NaN  0.573320       0.745977                 NaN            NaN  0.464324                 NaN            NaN            NaN            NaN
  1414.54        500.000        98.2424                 NaN  0.566444       0.734436                 NaN            NaN  0.456756                 NaN            NaN            NaN            NaN
  1413.41        500.000        98.2647                 NaN  0.725492       0.559017                 NaN            NaN  0.450799                 NaN            NaN            NaN            NaN
  1412.28        500.000        98.2805                 NaN  0.553905       0.719132                 NaN            NaN  0.446415                 NaN            NaN            NaN            NaN
  1411.15        500.000        98.3191                 NaN  0.702351       0.542636                 NaN            NaN  0.435932                 NaN            NaN            NaN            NaN
  1410.01        500.000        98.3338                 NaN  0.696133       0.538253                 NaN            NaN  0.431801                 NaN            NaN            NaN            NaN
  1408.88        500.000        98.3546                 NaN  0.531862       0.687628                 NaN            NaN  0.425935                 NaN            NaN            NaN            NaN
  1407.75        500.000        98.3761                 NaN  0.678282       0.525646                 NaN            NaN  0.419991                 NaN            NaN            NaN            NaN
  1406.61        500.000        98.3962                 NaN  0.669851       0.519457                 NaN            NaN  0.414530                 NaN            NaN            NaN            NaN
  1405.48        500.000        98.4171                 NaN  0.513037       0.660918                 NaN            NaN  0.408978                 NaN            NaN            NaN            NaN
  1404.35        500.000        99.9281                 NaN  0.559102E-001            NaN            NaN  0.581873E-002  0.101242E-001            NaN            NaN            NaN            NaN
  1403.22        500.000        96.9684                 NaN   1.23335        1.00712                 NaN            NaN  0.791094                 NaN            NaN            NaN            NaN
  1402.08        500.000        98.4749                 NaN  0.504075       0.577704                 NaN  0.434279E-001  0.399907                 NaN            NaN            NaN            NaN
  1400.95        500.000        98.4789                 NaN  0.526563       0.415827                 NaN  0.161090       0.417669                 NaN            NaN            NaN            NaN
  1399.82        500.000        98.5022                 NaN  0.519320       0.403547                 NaN  0.163188       0.411716                 NaN            NaN            NaN            NaN
  1398.69        500.000        98.5194                 NaN  0.514894       0.394666                 NaN  0.163852       0.407172                 NaN            NaN            NaN            NaN
  1397.55        500.000        98.5366                 NaN  0.510115       0.385035                 NaN  0.165564       0.402678                 NaN            NaN            NaN            NaN
  1396.42        500.000        98.5513                 NaN  0.506421       0.376190                 NaN  0.167206       0.398847                 NaN            NaN            NaN            NaN
  1395.29        500.000        98.5691                 NaN  0.367453       0.501444                 NaN  0.168083       0.393912                 NaN            NaN            NaN            NaN
  1394.16        500.000        98.5837                 NaN  0.497660       0.358333                 NaN  0.169995       0.390297                 NaN            NaN            NaN            NaN
  1393.02        500.000        98.5987                 NaN  0.493122       0.350525                 NaN  0.171450       0.386173                 NaN            NaN            NaN            NaN
  1391.89        500.000        98.6151                 NaN  0.342019       0.488862                 NaN  0.172137       0.381899                 NaN            NaN            NaN            NaN
  1390.76        500.000        98.6218                 NaN  0.487699       0.334893                 NaN  0.175577       0.380049                 NaN            NaN            NaN            NaN
  1389.63        500.000        98.6522                 NaN  0.478533       0.324005                 NaN  0.173530       0.371744                 NaN            NaN            NaN            NaN
  1388.49        500.000        98.6592                 NaN  0.477359       0.316511                 NaN  0.176567       0.370363                 NaN            NaN            NaN            NaN
  1387.36        500.000        98.6719                 NaN  0.474025       0.309145                 NaN  0.178044       0.366868                 NaN            NaN            NaN            NaN
  1386.23        500.000        98.6860                 NaN  0.300751       0.470140                 NaN  0.179712       0.363379                 NaN            NaN            NaN            NaN
  1385.09        500.000        98.7009                 NaN  0.293126       0.466637                 NaN  0.180248       0.359122                 NaN            NaN            NaN            NaN
  1383.96        500.000        98.7128                 NaN  0.463502       0.285346                 NaN  0.182081       0.356242                 NaN            NaN            NaN            NaN
  1382.83        500.000        98.7240                 NaN  0.279100       0.460296                 NaN  0.183374       0.353183                 NaN            NaN            NaN            NaN
  1381.70        500.000        98.7390                 NaN  0.271262       0.455995                 NaN  0.184590       0.349146                 NaN            NaN            NaN            NaN
  1380.56        500.000        98.7516                 NaN  0.452987       0.263490                 NaN  0.186010       0.345931                 NaN            NaN            NaN            NaN
  1379.43        500.000        98.7635                 NaN  0.256623       0.449992                 NaN  0.187178       0.342672                 NaN            NaN            NaN            NaN
  1378.30        500.000        98.7755                 NaN  0.446858       0.249688                 NaN  0.188515       0.339487                 NaN            NaN            NaN            NaN
  1377.17        500.000        98.7830                 NaN  0.445409       0.243916                 NaN  0.190041       0.337595                 NaN            NaN            NaN            NaN
  1376.03        500.000        98.8009                 NaN  0.235718       0.440280                 NaN  0.190526       0.332608                 NaN            NaN            NaN            NaN
  1374.90        500.000        98.8081                 NaN  0.439002       0.229242                 NaN  0.192641       0.330995                 NaN            NaN            NaN            NaN
  1373.77        500.000        98.8219                 NaN  0.222947       0.435168                 NaN  0.192966       0.327012                 NaN            NaN            NaN            NaN
  1372.64        500.000        98.8320                 NaN  0.216562       0.432502                 NaN  0.194509       0.324383                 NaN            NaN            NaN            NaN
  1371.50        500.000        98.8419                 NaN  0.430308       0.209960                 NaN  0.195918       0.321870                 NaN            NaN            NaN            NaN
  1370.37        500.000        98.8526                 NaN  0.204848       0.426973                 NaN  0.196714       0.318825                 NaN            NaN            NaN            NaN
  1369.24        500.000        99.0045                 NaN  0.169321       0.372688                 NaN  0.175460       0.278011                 NaN            NaN            NaN            NaN
  1368.11        500.000        98.7327                 NaN  0.219818       0.474718                 NaN  0.221322       0.351465                 NaN            NaN            NaN            NaN
  1366.97        500.000        98.8837                 NaN  0.419106       0.186439                 NaN  0.200112       0.310602                 NaN            NaN            NaN            NaN
  1365.84        500.000        98.8932                 NaN  0.180628       0.417286                 NaN  0.201101       0.307814                 NaN            NaN            NaN            NaN
  1364.71        500.000        98.9024                 NaN  0.175476       0.414894                 NaN  0.201902       0.305327                 NaN            NaN            NaN            NaN
  1363.57        500.000        98.9118                 NaN  0.412882       0.169541                 NaN  0.202987       0.302763                 NaN            NaN            NaN            NaN
  1362.44        500.000        98.9167                 NaN  0.412432       0.164060                 NaN  0.205110       0.301713                 NaN            NaN            NaN            NaN
  1361.31        500.000        98.9341                 NaN  0.406015       0.160022                 NaN  0.203499       0.296412                 NaN            NaN            NaN            NaN
  1360.18        500.000        98.9388                 NaN  0.406163       0.154094                 NaN  0.205592       0.295315                 NaN            NaN            NaN            NaN
  1359.04        500.000        98.9482                 NaN  0.403359       0.149419                 NaN  0.206254       0.292753                 NaN            NaN            NaN            NaN
  1357.91        500.000        98.9555                 NaN  0.402676       0.143192                 NaN  0.207786       0.290886                 NaN            NaN            NaN            NaN
  1356.78        500.000        98.9657                 NaN  0.139747       0.399531                 NaN  0.207298       0.287686                 NaN            NaN            NaN            NaN
  1355.65        500.000        98.9722                 NaN  0.398552       0.133676                 NaN  0.209240       0.286287                 NaN            NaN            NaN            NaN
  1354.51        500.000        99.9036                 NaN  0.282837E-001            NaN            NaN  0.380510E-001  0.300454E-001            NaN            NaN            NaN            NaN
  1353.38        500.000        98.0663                 NaN  0.234281       0.788233                 NaN  0.377317       0.533877                 NaN            NaN            NaN            NaN
  1352.25        500.000        98.9964                 NaN  0.126837       0.391424                 NaN  0.206710       0.278583                 NaN            NaN            NaN            NaN
  1351.12        500.000        99.0045                 NaN  0.391359       0.112835                 NaN  0.214025       0.277256                 NaN            NaN            NaN            NaN
  1349.98        500.000        99.0123                 NaN  0.113454       0.388291                 NaN  0.211216       0.274699                 NaN            NaN            NaN            NaN
  1348.85        500.000        99.0198                 NaN  0.386933       0.109185                 NaN  0.211594       0.272453                 NaN            NaN            NaN            NaN
  1347.72        500.000        99.0287                 NaN  0.384510       0.104584                 NaN  0.212137       0.270105                 NaN            NaN            NaN            NaN
  1346.59        500.000        99.0355                 NaN  0.101548       0.382477                 NaN  0.212381       0.268068                 NaN            NaN            NaN            NaN
  1345.45        500.000        99.0418                 NaN  0.381175       0.986865E-001            NaN  0.212298       0.266042                 NaN            NaN            NaN            NaN
  1344.32        500.000        99.0479                 NaN  0.380297       0.939880E-001            NaN  0.213365       0.264408                 NaN            NaN            NaN            NaN
  1343.19        500.000        99.0577                 NaN  0.914350E-001  0.377178                 NaN  0.212231       0.261504                 NaN            NaN            NaN            NaN
  1342.05        500.000        99.0619                 NaN  0.376523       0.862584E-001            NaN  0.214486       0.260796                 NaN            NaN            NaN            NaN
  1340.92        500.000        99.0692                 NaN  0.857653E-001  0.374690                 NaN  0.212526       0.257787                 NaN            NaN            NaN            NaN
  1339.79        500.000        99.0784                 NaN  0.824541E-001  0.371922                 NaN  0.212042       0.255224                 NaN            NaN            NaN            NaN
  1338.66        500.000        99.0722                 NaN  0.373607       0.803750E-001            NaN  0.216238       0.257540                 NaN            NaN            NaN            NaN
  1337.52        500.000        99.1009                 NaN  0.754433E-001  0.366093                 NaN  0.209322       0.248270                 NaN            NaN            NaN            NaN
  1336.39        500.000        99.0758                 NaN  0.376038       0.788618E-001            NaN  0.203739       0.253134       0.124554E-001            NaN            NaN            NaN
  1335.26        500.000        98.8956                 NaN  0.454312       0.120069                 NaN  0.127305       0.280306       0.122434                 NaN            NaN            NaN
  1334.13        500.000        98.8853                 NaN  0.466171       0.116820                 NaN  0.119311       0.280313       0.132097                 NaN            NaN            NaN
  1332.99        500.000        98.8978                 NaN  0.114817       0.459912                 NaN  0.118637       0.277511       0.131329                 NaN            NaN            NaN
  1331.86        500.000        98.8998                 NaN  0.463055       0.109223                 NaN  0.116679       0.276336       0.134879                 NaN            NaN            NaN
  1330.73        500.000        98.9028                 NaN  0.464649       0.106369                 NaN  0.113765       0.274936       0.137528                 NaN            NaN            NaN
  1329.60        500.000        98.9072                 NaN  0.465838       0.102619                 NaN  0.111472       0.273269       0.139638                 NaN            NaN            NaN
  1328.46        500.000        98.9149                 NaN  0.987559E-001  0.464485                 NaN  0.110543       0.271237       0.140088                 NaN            NaN            NaN
  1327.33        500.000        98.9231                 NaN  0.463587       0.952116E-001            NaN  0.108766       0.268784       0.140547                 NaN            NaN            NaN
  1326.20        500.000        98.9300                 NaN  0.914712E-001  0.462865                 NaN  0.107780       0.266944       0.140958                 NaN            NaN            NaN
  1325.07        500.000        98.9420                 NaN  0.881719E-001  0.458461                 NaN  0.107676       0.264138       0.139540                 NaN            NaN            NaN
  1323.93        500.000        98.9501                 NaN  0.456059       0.849190E-001            NaN  0.107221       0.262290       0.139434                 NaN            NaN            NaN
  1322.80        500.000        98.9653                 NaN  0.451058       0.811907E-001            NaN  0.106896       0.258499       0.137103                 NaN            NaN            NaN
  1321.67        500.000        98.9729                 NaN  0.449082       0.779465E-001            NaN  0.106622       0.256689       0.136779                 NaN            NaN            NaN
  1320.53        500.000        98.9841                 NaN  0.753891E-001  0.444888                 NaN  0.106103       0.254103       0.135387                 NaN            NaN            NaN
  1319.40        500.000        98.9959                 NaN  0.447921       0.469754E-001            NaN  0.122367       0.253568       0.133302                 NaN            NaN            NaN
  1318.27        500.000        99.0030                 NaN  0.432032       0.955210E-001            NaN  0.885548E-001  0.247146       0.133706                 NaN            NaN            NaN
  1317.14        500.000        99.0144                 NaN  0.692246E-001  0.434307                 NaN  0.104026       0.246663       0.131389                 NaN            NaN            NaN
  1316.00        500.000        99.0251                 NaN  0.430371       0.662614E-001            NaN  0.104036       0.244224       0.129979                 NaN            NaN            NaN
  1314.87        500.000        99.0371                 NaN  0.425574       0.636980E-001            NaN  0.104271       0.241471       0.127927                 NaN            NaN            NaN
  1313.74        500.000        99.0456                 NaN  0.643785E-001  0.420955                 NaN  0.103074       0.239518       0.126447                 NaN            NaN            NaN
  1312.61        500.000        99.0588                 NaN  0.416951       0.608031E-001            NaN  0.102388       0.236130       0.124885                 NaN            NaN            NaN
  1311.47        500.000        99.0673                 NaN  0.413210       0.598537E-001            NaN  0.101911       0.234225       0.123505                 NaN            NaN            NaN
  1310.34        500.000        99.0772                 NaN  0.409392       0.583327E-001            NaN  0.101221       0.231823       0.121994                 NaN            NaN            NaN
  1309.21        500.000        99.0878                 NaN  0.573090E-001  0.404596                 NaN  0.100579       0.229354       0.120355                 NaN            NaN            NaN
  1308.08        500.000        99.0973                 NaN  0.400055       0.581839E-001            NaN  0.983740E-001  0.226943       0.119183                 NaN            NaN            NaN
  1306.94        500.000        99.1087                 NaN  0.511665E-001  0.397165                 NaN  0.101448       0.224536       0.117034                 NaN            NaN            NaN
  1305.81        500.000        99.1174                 NaN  0.392170       0.537898E-001            NaN  0.985310E-001  0.222273       0.115793                 NaN            NaN            NaN
  1304.68        500.000        99.1272                 NaN  0.387813       0.530277E-001            NaN  0.978484E-001  0.219944       0.114169                 NaN            NaN            NaN
  1303.55        500.000        99.1361                 NaN  0.383624       0.533935E-001            NaN  0.964031E-001  0.217690       0.112744                 NaN            NaN            NaN
  1302.41        500.000        99.1457                 NaN  0.520585E-001  0.379753                 NaN  0.957909E-001  0.215401       0.111275                 NaN            NaN            NaN
  1301.28        500.000        99.1551                 NaN  0.519725E-001  0.375307                 NaN  0.947201E-001  0.213106       0.109765                 NaN            NaN            NaN
  1300.15        500.000        99.1641                 NaN  0.520325E-001  0.370905                 NaN  0.937001E-001  0.210990       0.108299                 NaN            NaN            NaN
  1299.01        500.000        99.1731                 NaN  0.514028E-001  0.367011                 NaN  0.929092E-001  0.208774       0.106822                 NaN            NaN            NaN
  1297.88        500.000        99.1820                 NaN  0.362969       0.511302E-001            NaN  0.918184E-001  0.206594       0.105477                 NaN            NaN            NaN
  1296.75        500.000        99.1904                 NaN  0.512728E-001  0.359043                 NaN  0.906337E-001  0.204530       0.104121                 NaN            NaN            NaN
  1295.62        500.000        99.1986                 NaN  0.525313E-001  0.354782                 NaN  0.889994E-001  0.202402       0.102685                 NaN            NaN            NaN
  1294.48        500.000        99.2076                 NaN  0.350035       0.495266E-001            NaN  0.909383E-001  0.200946       0.100921                 NaN            NaN            NaN
  1293.35        500.000        99.2167                 NaN  0.345178       0.567968E-001            NaN  0.840328E-001  0.197430       0.998575E-001            NaN            NaN            NaN
  1292.22        500.000        99.2235                 NaN  0.537401E-001  0.342786                 NaN  0.851575E-001  0.196245       0.985977E-001            NaN            NaN            NaN
  1291.09        500.000        99.2319                 NaN  0.538429E-001  0.338486                 NaN  0.842515E-001  0.194255       0.972499E-001            NaN            NaN            NaN
  1289.95        500.000        99.2399                 NaN  0.549832E-001  0.334465                 NaN  0.825588E-001  0.192189       0.959178E-001            NaN            NaN            NaN
  1288.82        500.000        99.2474                 NaN  0.567195E-001  0.330183                 NaN  0.808445E-001  0.190279       0.945887E-001            NaN            NaN            NaN
  1287.69        500.000        99.2352                 NaN  0.289661       0.138513                 NaN  0.549746E-001  0.191441       0.901729E-001            NaN            NaN            NaN
  1286.56        500.000        99.2752                 NaN  0.340060       0.248177E-001            NaN  0.819176E-001  0.183291       0.946686E-001            NaN            NaN            NaN
  1285.42        500.000        99.2438                 NaN  0.196165       0.268291                 NaN  0.147527E-001  0.185467       0.915244E-001            NaN            NaN            NaN
  1284.29        500.000        99.2647                 NaN  0.302627       0.669548E-001            NaN  0.932937E-001  0.187813       0.845862E-001            NaN            NaN            NaN
  1283.16        500.000        99.3095                 NaN  0.342332                 NaN            NaN  0.806066E-001  0.175017       0.925847E-001            NaN            NaN            NaN
  1282.03        500.000        99.3027                 NaN  0.331400                 NaN            NaN  0.998274E-001  0.178832       0.872680E-001            NaN            NaN            NaN
  1280.89        500.000        99.3103                 NaN  0.327805                 NaN            NaN  0.988462E-001  0.176981       0.860980E-001            NaN            NaN            NaN
  1279.76        500.000        99.3072                 NaN  0.302500       0.574357E-001            NaN  0.725069E-001  0.175487       0.848227E-001            NaN            NaN            NaN
  1278.63        500.000        99.3129                 NaN  0.295069       0.674698E-001            NaN  0.672102E-001  0.173760       0.835449E-001            NaN            NaN            NaN
  1277.49        500.000        99.3147                 NaN  0.987426E-001  0.281511                 NaN  0.496123E-001  0.172156       0.833204E-001            NaN            NaN            NaN
  1276.36        500.000        99.3323                 NaN  0.264813E-001  0.301972                 NaN  0.887595E-001  0.170740       0.797915E-001            NaN            NaN            NaN
  1275.23        500.000        99.3316                 NaN  0.278441       0.880903E-001            NaN  0.530408E-001  0.168223       0.806236E-001            NaN            NaN            NaN
  1274.10        500.000        99.3391                 NaN  0.279236       0.756495E-001            NaN  0.600635E-001  0.167031       0.789101E-001            NaN            NaN            NaN
  1272.96        500.000        99.3451                 NaN  0.275012       0.783700E-001            NaN  0.580235E-001  0.165639       0.778767E-001            NaN            NaN            NaN
  1271.83        500.000        99.3524                 NaN  0.773737E-001  0.272390                 NaN  0.575469E-001  0.163668       0.766705E-001            NaN            NaN            NaN
  1270.70        500.000        99.3576                 NaN  0.267481       0.824176E-001            NaN  0.544804E-001  0.162356       0.756591E-001            NaN            NaN            NaN
  1269.57        500.000        92.5560                 NaN   1.17441        1.01070                 NaN            NaN  0.919716       0.492649        3.84656                 NaN            NaN
  1268.43        500.000        91.2981                 NaN   1.33458        1.17071                 NaN            NaN   1.05796       0.562229        4.57641                 NaN            NaN
  1267.30        500.000        92.0842                 NaN   1.07255        1.21600                 NaN            NaN  0.967454       0.509855        4.14992                 NaN            NaN
  1266.17        500.000        92.7394                 NaN   1.11853       0.987596                 NaN            NaN  0.891580       0.467087        3.79579                 NaN            NaN
  1265.04        500.000        93.2981                 NaN  0.913661        1.03502                 NaN            NaN  0.826604       0.430971        3.49568                 NaN            NaN
  1263.90        500.000        93.7676                 NaN  0.965532       0.852426                 NaN            NaN  0.771864       0.400215        3.24233                 NaN            NaN
  1262.77        500.000        94.1806                 NaN  0.794679       0.905297                 NaN            NaN  0.723352       0.374293        3.02176                 NaN            NaN
  1261.64        500.000        94.5374                 NaN  0.852587       0.746339                 NaN            NaN  0.681455       0.351505        2.83069                 NaN            NaN
  1260.51        500.000        94.8578                 NaN  0.700582       0.805959                 NaN            NaN  0.643449       0.331556        2.66067                 NaN            NaN
  1259.37        500.000        95.1377                 NaN  0.661056       0.765224                 NaN            NaN  0.610222       0.313980        2.51185                 NaN            NaN
  1258.24        500.000        95.3924                 NaN  0.728317       0.623994                 NaN            NaN  0.579850       0.298062        2.37743                 NaN            NaN
  1257.11        500.000        95.6207                 NaN  0.695249       0.590863                 NaN            NaN  0.552288       0.283667        2.25727                 NaN            NaN
  1255.97        500.000        95.8260                 NaN  0.665735       0.560576                 NaN            NaN  0.527677       0.271043        2.14900                 NaN            NaN
  1254.84        500.000        96.0113                 NaN  0.534177       0.638037                 NaN            NaN  0.505096       0.259256        2.05209                 NaN            NaN
  1253.71        500.000        96.1828                 NaN  0.614114       0.508377                 NaN            NaN  0.484272       0.248429        1.96204                 NaN            NaN
  1252.58        500.000        96.3407                 NaN  0.590384       0.485980                 NaN            NaN  0.464941       0.238232        1.87975                 NaN            NaN
  1251.44        500.000        96.4881                 NaN  0.569236       0.463014                 NaN            NaN  0.446590       0.229160        1.80393                 NaN            NaN
  1250.31        500.000        96.6222                 NaN  0.444030       0.548779                 NaN            NaN  0.430447       0.220448        1.73414                 NaN            NaN
  1249.18        500.000        96.7470                 NaN  0.529363       0.426735                 NaN            NaN  0.414514       0.212054        1.67038                 NaN            NaN
  1248.05        500.000        96.8632                 NaN  0.407729       0.514196                 NaN            NaN  0.400202       0.204899        1.60976                 NaN            NaN
  1246.91        500.000        96.9356                 NaN  0.458788       0.477357                 NaN            NaN  0.388950       0.121598        1.57578       0.419768E-001            NaN
  1245.78        500.000        97.0192                 NaN  0.499243       0.427402                 NaN            NaN  0.377883       0.855495E-001   1.53309       0.575830E-001            NaN
  1244.65        500.000        97.1136                 NaN  0.489986       0.411282                 NaN            NaN  0.366094       0.793886E-001   1.48303       0.566737E-001            NaN
  1243.52        500.000        97.2011                 NaN  0.479193       0.397095                 NaN            NaN  0.355062       0.748710E-001   1.43754       0.550868E-001            NaN
  1242.38        500.000        96.6214                 NaN  0.827439                 NaN            NaN            NaN  0.406407                 NaN   1.91738       0.227391                 NaN
  1241.25        500.000        95.4090                 NaN  0.364287        1.06818                 NaN            NaN  0.438030                 NaN   2.53308       0.187459                 NaN
  1240.12        500.000        98.4055                 NaN  0.574019                 NaN            NaN            NaN  0.367689       0.108588       0.544237                 NaN            NaN
  1238.99        500.000        98.0836                 NaN  0.517053       0.289532                 NaN            NaN  0.234187       0.946825E-003  0.874698                 NaN            NaN
  1237.85        500.000        97.4182                 NaN  0.251166       0.610711                 NaN            NaN  0.331028                 NaN   1.38888                 NaN            NaN
  1236.72        500.000        98.1978                 NaN  0.198197       0.445386                 NaN            NaN  0.227451                 NaN  0.902763       0.284415E-001            NaN
  1235.59        500.000        96.6751                 NaN  0.482196       0.290240                 NaN            NaN  0.436514       0.264040        1.85193                 NaN            NaN
  1234.45        500.000        99.3702                 NaN  0.117113       0.217984                 NaN            NaN  0.715485E-001  0.161925E-001  0.206951                 NaN            NaN
  1233.32        500.000        97.8158                 NaN  0.288922       0.562793                 NaN            NaN  0.271207                 NaN   1.02211       0.392165E-001            NaN
  1232.19        500.000        94.6047                 NaN  0.208812        1.05117                 NaN            NaN  0.729741       0.394108        3.01143                 NaN            NaN
  1231.06        500.000        99.7700                 NaN  0.428496E-001            NaN            NaN            NaN            NaN            NaN  0.183549       0.360759E-002            NaN
  1229.92        500.000        98.8606                 NaN  0.155635       0.295039                 NaN            NaN  0.163777       0.594947E-001  0.465427                 NaN            NaN
  1228.79        500.000        98.5562                 NaN  0.324266                 NaN            NaN            NaN  0.198037       0.102306       0.819239                 NaN            NaN
  1227.66        500.000        94.9263                 NaN   1.81653                 NaN            NaN            NaN  0.581666       0.206022        2.42567       0.438308E-001            NaN
  1226.53        500.000        99.3829                 NaN  0.147012       0.439055E-001            NaN            NaN  0.752282E-001  0.394244E-001  0.311533                 NaN            NaN
  1225.39        500.000        98.4662                 NaN  0.433236       0.399406E-001            NaN            NaN  0.198236                 NaN  0.818375       0.439950E-001            NaN
  1224.26        500.000        99.7203                 NaN  0.325501E-001  0.697559E-001            NaN            NaN  0.326624E-001            NaN  0.137162       0.755561E-002            NaN
  1223.13        500.000        99.0874                 NaN  0.321846                 NaN            NaN  0.112091E-001  0.103559       0.465630E-001  0.429451                 NaN            NaN
  1222.00        500.000        99.7691                 NaN  0.232710E-001            NaN            NaN            NaN  0.273009E-001            NaN  0.165548       0.148210E-001            NaN
  1220.86        500.000        98.0114                 NaN  0.538040                 NaN            NaN  0.643433E-001  0.243881       0.126943        1.01543                 NaN            NaN
  1219.73        500.000        96.7411                 NaN  0.319866       0.792348                 NaN            NaN  0.415307                 NaN   1.65660       0.747382E-001            NaN
  1218.60        500.000        98.3187                 NaN  0.142189       0.401157                 NaN            NaN  0.209016                 NaN  0.893289       0.356075E-001            NaN
  1217.47        500.000        98.5314                 NaN  0.418649       0.110097                 NaN            NaN  0.181214                 NaN  0.729213       0.294465E-001            NaN
  1216.33        500.000        97.5998                 NaN  0.461817       0.306848                 NaN            NaN  0.296128       0.121835        1.20859       0.500674E-002            NaN
  1215.20        500.000        98.9256                 NaN  0.712538E-001  0.286071                 NaN            NaN  0.135067                 NaN  0.558166       0.238266E-001            NaN
  1214.07        500.000        99.5507                 NaN  0.108724                 NaN            NaN            NaN  0.559534E-001            NaN  0.214805       0.186248E-001  0.511438E-001
  1212.93        500.000        99.3378                 NaN  0.174399       0.458701E-001            NaN            NaN  0.710646E-001            NaN  0.362593       0.824335E-002            NaN
  1211.80        500.000        98.5915                 NaN  0.285485                 NaN            NaN  0.232245       0.182670                 NaN  0.676249       0.319000E-001            NaN
  1210.67        500.000        97.1780                 NaN  0.566956                 NaN            NaN  0.181959       0.341699                 NaN   1.63892       0.924798E-001            NaN
  1209.54        500.000        96.9049                 NaN  0.377019                 NaN            NaN  0.104074       0.278346                 NaN   1.30035       0.497369E-001  0.985573     
  1208.40        500.000        95.8994                 NaN  0.274825       0.100524                 NaN            NaN  0.340026                 NaN   1.57649       0.423882E-001   1.76635     
  1207.27        500.000        91.5465                 NaN  0.890481                 NaN            NaN  0.458150       0.735036                 NaN   3.16363       0.945319E-001   3.11168     
  1206.14        500.000        77.3931                 NaN   2.62355                 NaN            NaN   1.41661        1.99485                 NaN   8.32949       0.241776        8.00066     
  1205.01        500.000        90.8982                 NaN  0.860151                 NaN            NaN  0.471148       0.781483                 NaN   3.41837       0.101622        3.46906     
  1203.87        500.000        84.9957                 NaN   1.58183                 NaN            NaN  0.809419        1.30171                 NaN   5.52110       0.153513        5.63670     
  1202.74        500.000        86.7185                 NaN   1.33588                 NaN            NaN  0.721147        1.14884                 NaN   4.93824       0.140111        4.99731     
  1201.61        500.000        85.1484                 NaN   1.41047                 NaN            NaN  0.774019        1.26666                 NaN   5.58422       0.164978        5.65123     
  1200.48        500.000        99.9995                 NaN  0.519521E-004  0.255524E-004            NaN            NaN  0.446383E-004            NaN  0.200520E-003  0.511581E-005  0.196968E-003
  1199.34        500.000        99.9996                 NaN  0.398220E-004            NaN            NaN  0.214863E-004  0.344278E-004            NaN  0.148372E-003  0.402067E-005  0.150860E-003
  1198.21        500.000        77.6002                 NaN   2.21135                 NaN            NaN   1.22720        1.92655                 NaN   8.33973       0.226970        8.46797     
  1197.08        500.000        86.6569                 NaN   1.31740                 NaN            NaN  0.708505        1.14010                 NaN   4.99771       0.136349        5.04307     
  1195.95        500.000        100.000                 NaN            NaN            NaN            NaN            NaN            NaN            NaN            NaN            NaN            NaN
  1194.81        500.000        100.000                 NaN            NaN            NaN            NaN            NaN            NaN            NaN            NaN            NaN            NaN
  1193.68        500.000        72.0743                 NaN   2.65762                 NaN            NaN   1.40981        2.35276                 NaN   10.5794       0.283190        10.6429     
  1192.55        500.000       100.0000                 NaN  0.385290E-005            NaN            NaN  0.603387E-005            NaN            NaN            NaN            NaN            NaN
  1191.41        500.000        99.9996       0.207619E-003  0.565686E-005            NaN            NaN  0.760070E-005  0.186420E-004            NaN  0.866364E-004  0.221262E-005  0.941944E-004
  1190.28        500.000       100.0000                 NaN  0.830147E-005            NaN            NaN  0.257354E-005  0.188100E-005            NaN  0.756475E-005            NaN            NaN
  1189.15        500.000        81.4103                 NaN   1.70346                 NaN            NaN  0.903323        1.53248                 NaN   7.16093       0.179218        7.11027     
  1188.02        500.000        92.5012                 NaN  0.680849                 NaN            NaN  0.359675       0.610912                 NaN   2.93042       0.723686E-001   2.84460     
  1186.88        500.000        89.9137                 NaN  0.745132                 NaN            NaN  0.504483       0.814810                 NaN   3.94549       0.963298E-001   3.98005     
  1185.75        500.000        79.1896                 NaN   1.33004                 NaN            NaN  0.957412        1.62058                 NaN   8.44665       0.188425        8.26730     
  1184.62        500.000        39.5469                 NaN   4.82994                 NaN            NaN   2.40436        4.53054                 NaN   24.9119       0.544205        23.2321     
  1183.49        500.000                 NaN            NaN   6.56295                 NaN            NaN   4.24493        7.36500                 NaN   41.5439       0.910292        39.3729     
  1182.35        500.000                 NaN            NaN   6.85604                 NaN            NaN   4.06144        7.40233                 NaN   41.4728       0.889524        39.3179     
  1181.22        500.000                 NaN            NaN   6.83495                 NaN            NaN   4.07570        7.40225                 NaN   41.4745       0.890414        39.3222     
  1180.09        500.000                 NaN            NaN   6.81986                 NaN            NaN   4.08643        7.40333                 NaN   41.4743       0.890847        39.3253     
  1178.96        500.000                 NaN            NaN   6.80113                 NaN            NaN   4.09924        7.40178                 NaN   41.4765       0.891997        39.3294     
  1177.82        500.000                 NaN            NaN   6.77188                 NaN            NaN   4.11833        7.40236                 NaN   41.4792       0.893281        39.3349     
  1176.69        500.000                 NaN            NaN   6.75214                 NaN            NaN   4.13170        7.40242                 NaN   41.4806       0.894155        39.3390     
  1175.56        500.000                 NaN            NaN   6.73387                 NaN            NaN   4.14423        7.40266                 NaN   41.4815       0.894872        39.3428     
  1174.43        500.000                 NaN            NaN   6.48270                 NaN            NaN   4.27601        7.37316                 NaN   41.5802       0.917042        39.3709     
  1173.29        500.000                 NaN            NaN   6.69672                 NaN            NaN   4.16943        7.40254                 NaN   41.4843       0.896569        39.3504     
  1172.16        500.000                 NaN            NaN   6.67888                 NaN            NaN   4.18162        7.40270                 NaN   41.4853       0.897343        39.3541     
  1171.03        500.000                 NaN            NaN   6.66121                 NaN            NaN   4.19360        7.40262                 NaN   41.4866       0.898110        39.3578     
  1169.89        500.000                 NaN            NaN   6.64277                 NaN            NaN   4.20594        7.40305                 NaN   41.4878       0.898956        39.3615     
  1168.76        500.000                 NaN            NaN   6.62608                 NaN            NaN   4.21736        7.40318                 NaN   41.4887       0.899659        39.3650     
  1167.63        500.000                 NaN            NaN   6.48347                 NaN            NaN   4.27589        7.37348                 NaN   41.5793       0.916893        39.3710     
  1166.50        500.000                 NaN            NaN   6.48351                 NaN            NaN   4.27596        7.37356                 NaN   41.5791       0.916862        39.3710     
  1165.36        500.000                 NaN            NaN   6.57823                 NaN            NaN   4.25005        7.40374                 NaN   41.4911       0.901730        39.3751     
  1164.23        500.000                 NaN            NaN   6.48258                 NaN            NaN   4.27642        7.37346                 NaN   41.5795       0.916941        39.3711     
  1163.10        500.000                 NaN            NaN   6.54778                 NaN            NaN   4.27050        7.40377                 NaN   41.4932       0.903165        39.3816     
  1161.97        500.000                 NaN            NaN   6.53621                 NaN            NaN   4.27869        7.40365                 NaN   41.4938       0.903583        39.3840     
  1160.83        500.000                 NaN            NaN   6.48149                 NaN            NaN   4.27662        7.37300                 NaN   41.5807       0.917154        39.3710     
  1159.70        500.000                 NaN            NaN   6.48264                 NaN            NaN   4.27799        7.37473                 NaN   41.5760       0.916488        39.3721     
  1158.57        500.000                 NaN            NaN   6.49416                 NaN            NaN   4.30770        7.40492                 NaN   41.4948       0.905178        39.3932     
  1157.44        500.000                 NaN            NaN   6.48149                 NaN            NaN   4.27662        7.37300                 NaN   41.5807       0.917154        39.3710     
  1156.30        500.000                 NaN            NaN   6.46074                 NaN            NaN   4.33089        7.40409                 NaN   41.4965       0.907101        39.4006     
  1155.17        500.000                 NaN            NaN   6.44765                 NaN            NaN   4.33922        7.40545                 NaN   41.4976       0.907257        39.4029     
  1154.04        500.000                 NaN            NaN   6.43443                 NaN            NaN   4.34830        7.40569                 NaN   41.4981       0.907808        39.4057     
  1152.91        500.000                 NaN            NaN   6.42142                 NaN            NaN   4.35723        7.40594                 NaN   41.4985       0.908349        39.4085     
  1151.77        500.000                 NaN            NaN   6.40863                 NaN            NaN   4.36602        7.40619                 NaN   41.4990       0.908880        39.4113     
  1150.64        500.000                 NaN            NaN   6.39604                 NaN            NaN   4.37468        7.40645                 NaN   41.4994       0.909401        39.4141     
  1149.51        500.000                 NaN            NaN   6.38364                 NaN            NaN   4.38321        7.40671                 NaN   41.4997       0.909911        39.4168     
  1148.37        500.000                 NaN            NaN   6.37138                 NaN            NaN   4.39169        7.40700                 NaN   41.5000       0.910414        39.4195     
  1147.24        500.000                 NaN            NaN   6.35943                 NaN            NaN   4.39989        7.40725                 NaN   41.5004       0.910906        39.4221     
  1146.11        500.000                 NaN            NaN   6.34759                 NaN            NaN   4.40805        7.40754                 NaN   41.5007       0.911390        39.4247     
  1144.98        500.000                 NaN            NaN   6.33593                 NaN            NaN   4.41609        7.40782                 NaN   41.5010       0.911865        39.4273     
  1143.84        500.000                 NaN            NaN   6.32445                 NaN            NaN   4.42403        7.40811                 NaN   41.5012       0.912332        39.4299     
  1142.71        500.000                 NaN            NaN   6.31313                 NaN            NaN   4.43185        7.40841                 NaN   41.5014       0.912791        39.4324     
  1141.58        500.000                 NaN            NaN   6.30197                 NaN            NaN   4.43957        7.40871                 NaN   41.5016       0.913242        39.4349     
  1140.45        500.000                 NaN            NaN   6.29097                 NaN            NaN   4.44718        7.40902                 NaN   41.5018       0.913685        39.4374     
  1139.31        500.000                 NaN            NaN   6.28013                 NaN            NaN   4.45469        7.40933                 NaN   41.5019       0.914121        39.4398     
  1138.18        500.000                 NaN            NaN   6.26943                 NaN            NaN   4.46210        7.40964                 NaN   41.5020       0.914550        39.4422     
  1137.05        500.000                 NaN            NaN   6.25888                 NaN            NaN   4.46942        7.40996                 NaN   41.5021       0.914971        39.4446     
  1135.92        500.000                 NaN            NaN   6.24848                 NaN            NaN   4.47664        7.41029                 NaN   41.5022       0.915386        39.4470     
  1134.78        500.000                 NaN            NaN   6.23821                 NaN            NaN   4.48377        7.41062                 NaN   41.5023       0.915794        39.4493     
  1133.65        500.000                 NaN            NaN   6.22809                 NaN            NaN   4.49081        7.41095                 NaN   41.5023       0.916195        39.4516     
  1132.52        500.000                 NaN            NaN   6.21809                 NaN            NaN   4.49776        7.41129                 NaN   41.5023       0.916589        39.4539     
  1131.39        500.000                 NaN            NaN   6.20823                 NaN            NaN   4.50463        7.41164                 NaN   41.5023       0.916978        39.4562     
  1130.25        500.000                 NaN            NaN   6.19849                 NaN            NaN   4.51141        7.41198                 NaN   41.5023       0.917361        39.4585     
  1129.12        500.000                 NaN            NaN   6.18888                 NaN            NaN   4.51811        7.41234                 NaN   41.5022       0.917737        39.4607     
  1127.99        500.000                 NaN            NaN   6.17938                 NaN            NaN   4.52474        7.41269                 NaN   41.5022       0.918108        39.4629     
  1126.85        500.000                 NaN            NaN   6.17001                 NaN            NaN   4.53128        7.41305                 NaN   41.5021       0.918472        39.4651     
  1125.72        500.000                 NaN            NaN   6.16076                 NaN            NaN   4.53775        7.41342                 NaN   41.5020       0.918831        39.4673     
  1124.59        500.000                 NaN            NaN   6.15162                 NaN            NaN   4.54414        7.41379                 NaN   41.5019       0.919185        39.4694     
  1123.46        500.000                 NaN            NaN   6.14258                 NaN            NaN   4.55046        7.41416                 NaN   41.5017       0.919534        39.4715     
  1122.32        500.000                 NaN            NaN   6.13367                 NaN            NaN   4.55670        7.41454                 NaN   41.5016       0.919876        39.4737     
  1121.19        500.000                 NaN            NaN   6.12485                 NaN            NaN   4.56289        7.41492                 NaN   41.5014       0.920215        39.4758     
  1120.06        500.000                 NaN            NaN   6.11616                 NaN            NaN   4.56898        7.41532                 NaN   41.5012       0.920553        39.4778     
  1118.93        500.000                 NaN            NaN   6.10755                 NaN            NaN   4.57503        7.41569                 NaN   41.5010       0.920874        39.4799     
  1117.79        500.000                 NaN            NaN   6.10519                 NaN            NaN   4.57672        7.42154                 NaN   41.4942       0.921686        39.4807     
  1116.66        500.000                 NaN            NaN   6.09073                 NaN            NaN   4.58692        7.41660                 NaN   41.5003       0.921502        39.4840     
  1115.53        500.000                 NaN            NaN   6.48149                 NaN            NaN   4.27662        7.37300                 NaN   41.5807       0.917154        39.3710     
  1114.40        500.000                 NaN            NaN   6.07427                 NaN            NaN   4.59847        7.41734                 NaN   41.4999       0.922106        39.4879     
  1113.26        500.000                 NaN            NaN   6.06609                 NaN            NaN   4.60426        7.41777                 NaN   41.4995       0.922437        39.4900     
  1112.13        500.000                 NaN            NaN   6.05837                 NaN            NaN   4.60970        7.41842                 NaN   41.4988       0.922729        39.4919     
  1111.00        500.000                 NaN            NaN   6.05165                 NaN            NaN   4.61466        7.41836                 NaN   41.4991       0.922874        39.4934     
  1109.87        500.000                 NaN            NaN   6.04218                 NaN            NaN   4.62115        7.41897                 NaN   41.4986       0.923329        39.4958     
  1108.73        500.000                 NaN            NaN   6.03442                 NaN            NaN   4.62661        7.41938                 NaN   41.4983       0.923619        39.4977     
  1107.60        500.000                 NaN            NaN   6.02678                 NaN            NaN   4.63203        7.41981                 NaN   41.4979       0.923899        39.4996     
  1106.47        500.000                 NaN            NaN   6.01916                 NaN            NaN   4.63745        7.42025                 NaN   41.4974       0.924180        39.5015     
  1105.33        500.000                 NaN            NaN   6.01164                 NaN            NaN   4.64276        7.42067                 NaN   41.4971       0.924458        39.5034     
  1104.20        500.000                 NaN            NaN   6.00423                 NaN            NaN   4.64802        7.42111                 NaN   41.4967       0.924728        39.5052     
  1103.07        500.000                 NaN            NaN   5.99689                 NaN            NaN   4.65324        7.42155                 NaN   41.4962       0.924996        39.5071     
  1101.94        500.000                 NaN            NaN   5.98961                 NaN            NaN   4.65844        7.42201                 NaN   41.4957       0.925259        39.5089     
  1100.80        500.000                 NaN            NaN   5.98243                 NaN            NaN   4.66355        7.42246                 NaN   41.4953       0.925519        39.5108     
  1099.67        500.000                 NaN            NaN   5.97532                 NaN            NaN   4.66860        7.42290                 NaN   41.4948       0.925777        39.5126     
  1098.54        500.000                 NaN            NaN   5.96828                 NaN            NaN   4.67364        7.42337                 NaN   41.4943       0.926028        39.5144     
  1097.41        500.000                 NaN            NaN   5.96132                 NaN            NaN   4.67861        7.42383                 NaN   41.4938       0.926278        39.5162     
  1096.27        500.000                 NaN            NaN   5.95441                 NaN            NaN   4.68353        7.42428                 NaN   41.4933       0.926526        39.5179     
  1095.14        500.000                 NaN            NaN   5.94760                 NaN            NaN   4.68840        7.42475                 NaN   41.4928       0.926768        39.5197     
  1094.01        500.000                 NaN            NaN   5.94084                 NaN            NaN   4.69324        7.42522                 NaN   41.4922       0.927008        39.5215     
  1092.88        500.000                 NaN            NaN   5.93417                 NaN            NaN   4.69802        7.42570                 NaN   41.4917       0.927243        39.5232     
  1091.74        500.000                 NaN            NaN   5.92755                 NaN            NaN   4.70277        7.42618                 NaN   41.4911       0.927477        39.5249     
  1090.61        500.000                 NaN            NaN   5.92102                 NaN            NaN   4.70747        7.42666                 NaN   41.4905       0.927704        39.5267     
  1089.48        500.000                 NaN            NaN   5.91454                 NaN            NaN   4.71214        7.42716                 NaN   41.4898       0.927929        39.5284     
  1088.35        500.000                 NaN            NaN   5.90813                 NaN            NaN   4.71674        7.42764                 NaN   41.4893       0.928154        39.5301     
  1087.21        500.000                 NaN            NaN   5.90179                 NaN            NaN   4.72132        7.42815                 NaN   41.4886       0.928371        39.5318     
  1086.08        500.000                 NaN            NaN   5.89551                 NaN            NaN   4.72586        7.42864                 NaN   41.4880       0.928588        39.5334     
  1084.95        500.000                 NaN            NaN   5.88922                 NaN            NaN   4.73039        7.42914                 NaN   41.4873       0.928807        39.5351     
  1083.81        500.000                 NaN            NaN   5.88305                 NaN            NaN   4.73483        7.42963                 NaN   41.4867       0.929019        39.5368     
  1082.68        500.000                 NaN            NaN   5.87692                 NaN            NaN   4.73925        7.43014                 NaN   41.4860       0.929230        39.5384     
  1081.55        500.000                 NaN            NaN   5.87091                 NaN            NaN   4.74363        7.43067                 NaN   41.4853       0.929431        39.5401     
  1080.42        500.000                 NaN            NaN   5.86492                 NaN            NaN   4.74795        7.43117                 NaN   41.4846       0.929636        39.5417     
  1079.28        500.000                 NaN            NaN   5.85897                 NaN            NaN   4.75229        7.43170                 NaN   41.4838       0.929836        39.5434     
  1078.15        500.000                 NaN            NaN   5.85313                 NaN            NaN   4.75654        7.43223                 NaN   41.4831       0.930029        39.5450     
  1077.02        500.000                 NaN            NaN   5.84731                 NaN            NaN   4.76075        7.43274                 NaN   41.4824       0.930227        39.5466     
  1075.89        500.000                 NaN            NaN   5.84155                 NaN            NaN   4.76494        7.43326                 NaN   41.4817       0.930419        39.5482     
  1074.75        500.000                 NaN            NaN   5.83586                 NaN            NaN   4.76912        7.43381                 NaN   41.4808       0.930606        39.5498     
  1073.62        500.000                 NaN            NaN   5.83020                 NaN            NaN   4.77324        7.43435                 NaN   41.4801       0.930792        39.5514     
  1072.49        500.000                 NaN            NaN   5.82456                 NaN            NaN   4.77733        7.43487                 NaN   41.4793       0.930981        39.5529     
  1071.36        500.000                 NaN            NaN   5.81906                 NaN            NaN   4.78136        7.43542                 NaN   41.4785       0.931160        39.5545     
  1070.22        500.000                 NaN            NaN   5.81358                 NaN            NaN   4.78538        7.43597                 NaN   41.4777       0.931338        39.5560     
  1069.09        500.000                 NaN            NaN   5.80810                 NaN            NaN   4.78941        7.43653                 NaN   41.4768       0.931515        39.5576     
  1067.96        500.000                 NaN            NaN   5.80272                 NaN            NaN   4.79334        7.43707                 NaN   41.4760       0.931691        39.5591     
  1066.83        500.000                 NaN            NaN   5.79740                 NaN            NaN   4.79727        7.43765                 NaN   41.4751       0.931859        39.5607     
  1065.69        500.000                 NaN            NaN   5.79209                 NaN            NaN   4.80117        7.43821                 NaN   41.4743       0.932030        39.5622     
  1064.56        500.000                 NaN            NaN   5.78685                 NaN            NaN   4.80503        7.43877                 NaN   41.4734       0.932197        39.5638     
  1063.43        500.000                 NaN            NaN   5.78169                 NaN            NaN   4.80884        7.43935                 NaN   41.4725       0.932359        39.5653     
  1062.29        500.000                 NaN            NaN   5.77655                 NaN            NaN   4.81262        7.43991                 NaN   41.4716       0.932522        39.5668     
  1061.16        500.000                 NaN            NaN   5.77148                 NaN            NaN   4.81640        7.44050                 NaN   41.4707       0.932679        39.5683     
  1060.03        500.000                 NaN            NaN   5.76645                 NaN            NaN   4.82012        7.44108                 NaN   41.4697       0.932835        39.5698     
  1058.90        500.000                 NaN            NaN   5.76145                 NaN            NaN   4.82381        7.44166                 NaN   41.4688       0.932992        39.5712     
  1057.76        500.000                 NaN            NaN   5.75644                 NaN            NaN   4.82754        7.44225                 NaN   41.4679       0.933147        39.5728     
  1056.63        500.000                 NaN            NaN   5.75153                 NaN            NaN   4.83119        7.44285                 NaN   41.4669       0.933298        39.5742     
  1055.50        500.000                 NaN            NaN   5.81188                 NaN            NaN   4.79899        7.44899                 NaN   41.4438       0.928639        39.5677     
  1054.37        500.000                 NaN            NaN   5.80799                 NaN            NaN   4.80212        7.44968                 NaN   41.4425       0.928688        39.5690     
  1053.23        500.000                 NaN            NaN   5.80366                 NaN            NaN   4.80553        7.45039                 NaN   41.4411       0.928809        39.5705     
  1052.10        500.000                 NaN            NaN   5.79901                 NaN            NaN   4.80907        7.45102                 NaN   41.4400       0.928936        39.5720     
  1050.97        500.000                 NaN            NaN   5.79482                 NaN            NaN   4.81237        7.45172                 NaN   41.4387       0.929028        39.5734     
  1049.84        500.000                 NaN            NaN   5.79066                 NaN            NaN   4.81565        7.45241                 NaN   41.4373       0.929118        39.5749     
  1048.70        500.000                 NaN            NaN   5.78658                 NaN            NaN   4.81890        7.45312                 NaN   41.4359       0.929204        39.5763     
  1047.57        500.000                 NaN            NaN   5.78250                 NaN            NaN   4.82212        7.45382                 NaN   41.4346       0.929291        39.5777     
  1046.44        500.000                 NaN            NaN   5.77846                 NaN            NaN   4.82534        7.45453                 NaN   41.4332       0.929375        39.5791     
  1045.31        500.000                 NaN            NaN   5.70659                 NaN            NaN   4.86519        7.44927                 NaN   41.4559       0.934555        39.5885     
  1044.17        500.000                 NaN            NaN   5.77055                 NaN            NaN   4.83167        7.45597                 NaN   41.4304       0.929534        39.5819     
  1043.04        500.000                 NaN            NaN   5.76661                 NaN            NaN   4.83481        7.45668                 NaN   41.4290       0.929614        39.5833     
  1041.91        500.000                 NaN            NaN   5.76267                 NaN            NaN   4.83793        7.45739                 NaN   41.4276       0.929696        39.5847     
  1040.77        500.000                 NaN            NaN   5.75884                 NaN            NaN   4.84101        7.45812                 NaN   41.4261       0.929769        39.5861     
  1039.64        500.000                 NaN            NaN   5.75505                 NaN            NaN   4.84408        7.45886                 NaN   41.4247       0.929840        39.5875     
  1038.51        500.000                 NaN            NaN   5.75138                 NaN            NaN   4.84710        7.45963                 NaN   41.4231       0.929900        39.5889     
  1037.38        500.000                 NaN            NaN   5.68031                 NaN            NaN   4.88598        7.45411                 NaN   41.4466       0.935108        39.5979     
  1036.24        500.000                 NaN            NaN   5.74394                 NaN            NaN   4.85313        7.46112                 NaN   41.4201       0.930035        39.5917     
  1035.11        500.000                 NaN            NaN   5.66675                 NaN            NaN   4.89511        7.45476                 NaN   41.4464       0.935743        39.6012     
  1033.98        500.000                 NaN            NaN   5.73819                 NaN            NaN   4.85841        7.46305                 NaN   41.4159       0.930043        39.5944     
  1032.85        500.000                 NaN            NaN   5.73256                 NaN            NaN   4.86223        7.46331                 NaN   41.4158       0.930265        39.5958     
  1031.71        500.000                 NaN            NaN   5.72615                 NaN            NaN   4.86175        7.46499                 NaN   41.4205       0.931103        39.5955     
  1030.58        500.000                 NaN            NaN   5.71107                 NaN            NaN   4.86132        7.45722                 NaN   41.4414       0.936079        39.5929     
  1029.45        500.000                 NaN            NaN   5.70752                 NaN            NaN   4.86396        7.45862                 NaN   41.4393       0.936207        39.5944     
  1028.32        500.000                 NaN            NaN   5.70356                 NaN            NaN   4.86702        7.45931                 NaN   41.4380       0.936309        39.5958     
  1027.18        500.000                 NaN            NaN   5.91260                 NaN            NaN   4.73799        7.42851                 NaN   41.4352       0.934390        39.5513     
  1026.05        500.000                 NaN            NaN   5.69576                 NaN            NaN   4.87305        7.46070                 NaN   41.4355       0.936507        39.5985     
  1024.92        500.000                 NaN            NaN   5.69191                 NaN            NaN   4.87604        7.46140                 NaN   41.4342       0.936604        39.5998     
  1023.79        500.000                 NaN            NaN   5.68810                 NaN            NaN   4.87901        7.46211                 NaN   41.4329       0.936699        39.6012     
  1022.65        500.000                 NaN            NaN   5.68432                 NaN            NaN   4.88195        7.46282                 NaN   41.4316       0.936792        39.6025     
  1021.52        500.000                 NaN            NaN   5.68057                 NaN            NaN   4.88487        7.46353                 NaN   41.4303       0.936883        39.6038     
  1020.39        500.000                 NaN            NaN   5.67686                 NaN            NaN   4.88777        7.46425                 NaN   41.4290       0.936972        39.6051     
  1019.25        500.000                 NaN            NaN   5.67318                 NaN            NaN   4.89065        7.46497                 NaN   41.4277       0.937060        39.6065     
  1018.12        500.000                 NaN            NaN   5.66954                 NaN            NaN   4.89351        7.46570                 NaN   41.4263       0.937146        39.6078     
  1016.99        500.000                 NaN            NaN   5.66592                 NaN            NaN   4.89635        7.46643                 NaN   41.4249       0.937231        39.6091     
  1015.86        500.000                 NaN            NaN   5.66234                 NaN            NaN   4.89917        7.46717                 NaN   41.4236       0.937314        39.6104     
  1014.72        500.000                 NaN            NaN   5.65880                 NaN            NaN   4.90197        7.46791                 NaN   41.4222       0.937395        39.6117     
  1013.59        500.000                 NaN            NaN   5.65528                 NaN            NaN   4.90475        7.46865                 NaN   41.4208       0.937474        39.6130     
  1012.46        500.000                 NaN            NaN   5.65180                 NaN            NaN   4.90752        7.46940                 NaN   41.4194       0.937552        39.6143     
  1011.33        500.000                 NaN            NaN   5.64834                 NaN            NaN   4.91026        7.47015                 NaN   41.4180       0.937628        39.6157     
  1010.19        500.000                 NaN            NaN   5.64492                 NaN            NaN   4.91298        7.47091                 NaN   41.4165       0.937703        39.6169     
  1009.06        500.000                 NaN            NaN   5.64153                 NaN            NaN   4.91568        7.47167                 NaN   41.4151       0.937776        39.6182     
  1007.93        500.000                 NaN            NaN   5.63817                 NaN            NaN   4.91837        7.47244                 NaN   41.4136       0.937847        39.6195     
  1006.80        500.000                 NaN            NaN   5.63485                 NaN            NaN   4.92103        7.47321                 NaN   41.4122       0.937917        39.6208     
  1005.66        500.000                 NaN            NaN   5.63155                 NaN            NaN   4.92368        7.47399                 NaN   41.4107       0.937985        39.6221     
  1004.53        500.000                 NaN            NaN   5.62828                 NaN            NaN   4.92631        7.47476                 NaN   41.4092       0.938051        39.6234     
  1003.40        500.000                 NaN            NaN   5.62504                 NaN            NaN   4.92892        7.47555                 NaN   41.4077       0.938116        39.6247     
  1002.27        500.000                 NaN            NaN   5.62184                 NaN            NaN   4.93151        7.47634                 NaN   41.4062       0.938180        39.6259     
  1001.13        500.000                 NaN            NaN   5.61866                 NaN            NaN   4.93409        7.47713                 NaN   41.4047       0.938242        39.6272     
  1000.00        500.000                 NaN            NaN   5.61551                 NaN            NaN   4.93664        7.47793                 NaN   41.4031       0.938302        39.6285     
