T(K)	P(bar)	SiO2	TiO2	Al2O3	Cr2O3	FeO	MnO	MgO	CaO	Na2O	K2O	NiO
  1859.65      500.000     0.697279     0.488318E-02 0.281480E-01 0.427660E-02 0.114822      0.00000     0.695901     0.563511E-01 0.758321E-02 0.318485E-03  0.00000    
  1857.14      500.000     0.694298     0.488318E-02 0.281480E-01 0.427660E-02 0.114316      0.00000     0.690424     0.563511E-01 0.758321E-02 0.318485E-03  0.00000    
  1854.64      500.000     0.692899     0.488318E-02 0.281480E-01 0.427660E-02 0.113945      0.00000     0.687855     0.563511E-01 0.758321E-02 0.318485E-03  0.00000    
  1852.13      500.000     0.688492     0.488318E-02 0.281480E-01 0.427660E-02 0.113130      0.00000     0.679769     0.563511E-01 0.758321E-02 0.318485E-03  0.00000    
  1849.62      500.000     0.685607     0.488318E-02 0.281480E-01 0.427660E-02 0.112651      0.00000     0.674476     0.563511E-01 0.758321E-02 0.318485E-03  0.00000    
  1847.12      500.000     0.674756     0.488318E-02 0.281480E-01 0.427660E-02 0.110865      0.00000     0.654562     0.563511E-01 0.758321E-02 0.318485E-03  0.00000    
  1844.61      500.000     0.674263     0.488318E-02 0.281480E-01 0.427660E-02 0.110781      0.00000     0.653659     0.563511E-01 0.758321E-02 0.318485E-03  0.00000    
  1842.11      500.000     0.674263     0.488318E-02 0.281480E-01 0.427660E-02 0.110781      0.00000     0.653659     0.563511E-01 0.758321E-02 0.318485E-03  0.00000    
  1839.60      500.000     0.674036     0.488318E-02 0.281480E-01 0.427660E-02 0.110742      0.00000     0.653244     0.563511E-01 0.758321E-02 0.318485E-03  0.00000    
  1837.09      500.000     0.671579     0.488318E-02 0.281480E-01 0.427660E-02 0.110316      0.00000     0.648757     0.563511E-01 0.758321E-02 0.318485E-03  0.00000    
  1834.59      500.000     0.668833     0.488318E-02 0.281480E-01 0.427660E-02 0.109838      0.00000     0.643742     0.563511E-01 0.758321E-02 0.318485E-03  0.00000    
  1832.08      500.000     0.666113     0.488318E-02 0.281480E-01 0.427660E-02 0.109360      0.00000     0.638780     0.563511E-01 0.758321E-02 0.318485E-03  0.00000    
  1829.57      500.000     0.663275     0.488318E-02 0.281480E-01 0.427660E-02 0.108855      0.00000     0.633609     0.563511E-01 0.758321E-02 0.318485E-03  0.00000    
  1827.07      500.000     0.660707     0.488318E-02 0.281480E-01 0.427660E-02 0.108398      0.00000     0.628930     0.563511E-01 0.758321E-02 0.318485E-03  0.00000    
  1824.56      500.000     0.658071     0.488318E-02 0.281480E-01 0.427660E-02 0.107922      0.00000     0.624133     0.563511E-01 0.758321E-02 0.318485E-03  0.00000    
  1822.06      500.000     0.655427     0.488318E-02 0.281480E-01 0.427660E-02 0.107443      0.00000     0.619326     0.563511E-01 0.758321E-02 0.318485E-03  0.00000    
  1819.55      500.000     0.652809     0.488318E-02 0.281480E-01 0.427660E-02 0.106965      0.00000     0.614567     0.563511E-01 0.758321E-02 0.318485E-03  0.00000    
  1817.04      500.000     0.650208     0.488318E-02 0.281480E-01 0.427660E-02 0.106490      0.00000     0.609841     0.563511E-01 0.758321E-02 0.318485E-03  0.00000    
  1814.54      500.000     0.650208     0.488318E-02 0.281480E-01 0.427660E-02 0.106490      0.00000     0.609841     0.563511E-01 0.758321E-02 0.318485E-03  0.00000    
  1812.03      500.000     0.645049     0.488318E-02 0.281480E-01 0.427660E-02 0.105527      0.00000     0.600486     0.563511E-01 0.758321E-02 0.318485E-03  0.00000    
  1809.52      500.000     0.642490     0.488318E-02 0.281480E-01 0.427660E-02 0.105044      0.00000     0.595851     0.563511E-01 0.758321E-02 0.318485E-03  0.00000    
  1807.02      500.000     0.639962     0.488318E-02 0.281480E-01 0.427660E-02 0.104566      0.00000     0.591273     0.563511E-01 0.758321E-02 0.318485E-03  0.00000    
  1804.51      500.000     0.637436     0.488318E-02 0.281480E-01 0.427660E-02 0.104084      0.00000     0.586703     0.563511E-01 0.758321E-02 0.318485E-03  0.00000    
  1802.01      500.000     0.634923     0.488318E-02 0.281480E-01 0.427660E-02 0.103599      0.00000     0.582161     0.563511E-01 0.758321E-02 0.318485E-03  0.00000    
  1799.50      500.000     0.632447     0.488318E-02 0.281480E-01 0.427660E-02 0.103120      0.00000     0.577689     0.563511E-01 0.758321E-02 0.318485E-03  0.00000    
  1796.99      500.000     0.629964     0.488318E-02 0.281480E-01 0.427660E-02 0.102637      0.00000     0.573206     0.563511E-01 0.758321E-02 0.318485E-03  0.00000    
  1794.49      500.000     0.627504     0.488318E-02 0.281480E-01 0.427660E-02 0.102154      0.00000     0.568769     0.563511E-01 0.758321E-02 0.318485E-03  0.00000    
  1791.98      500.000     0.625050     0.488318E-02 0.281480E-01 0.427660E-02 0.101666      0.00000     0.564349     0.563511E-01 0.758321E-02 0.318485E-03  0.00000    
  1789.47      500.000     0.622611     0.488318E-02 0.281480E-01 0.427660E-02 0.101180      0.00000     0.559957     0.563511E-01 0.758321E-02 0.318485E-03  0.00000    
  1786.97      500.000     0.620184     0.488318E-02 0.281480E-01 0.427660E-02 0.100693      0.00000     0.555590     0.563511E-01 0.758321E-02 0.318485E-03  0.00000    
  1784.46      500.000     0.617765     0.488318E-02 0.281480E-01 0.427660E-02 0.100201      0.00000     0.551242     0.563511E-01 0.758321E-02 0.318485E-03  0.00000    
  1781.95      500.000     0.615358     0.488318E-02 0.281480E-01 0.427660E-02 0.997130E-01  0.00000     0.546918     0.563511E-01 0.758321E-02 0.318485E-03  0.00000    
  1779.45      500.000     0.612963     0.488318E-02 0.281480E-01 0.427660E-02 0.992214E-01  0.00000     0.542619     0.563511E-01 0.758321E-02 0.318485E-03  0.00000    
  1776.94      500.000     0.610576     0.488318E-02 0.281480E-01 0.427660E-02 0.987282E-01  0.00000     0.538337     0.563511E-01 0.758321E-02 0.318485E-03  0.00000    
  1774.44      500.000     0.608187     0.488318E-02 0.281480E-01 0.427660E-02 0.982290E-01  0.00000     0.534059     0.563511E-01 0.758321E-02 0.318485E-03  0.00000    
  1771.93      500.000     0.605825     0.488318E-02 0.281480E-01 0.427660E-02 0.977341E-01  0.00000     0.529830     0.563511E-01 0.758321E-02 0.318485E-03  0.00000    
  1769.42      500.000     0.603468     0.488318E-02 0.281480E-01 0.427660E-02 0.972365E-01  0.00000     0.525613     0.563511E-01 0.758321E-02 0.318485E-03  0.00000    
  1766.92      500.000     0.601378     0.488318E-02 0.281480E-01 0.427660E-02 0.967921E-01  0.00000     0.521878     0.563511E-01 0.758321E-02 0.318485E-03  0.00000    
  1764.41      500.000     0.598773     0.488318E-02 0.281480E-01 0.427660E-02 0.962364E-01  0.00000     0.517223     0.563511E-01 0.758321E-02 0.318485E-03  0.00000    
  1761.90      500.000     0.596438     0.488318E-02 0.281480E-01 0.427660E-02 0.957332E-01  0.00000     0.513057     0.563511E-01 0.758321E-02 0.318485E-03  0.00000    
  1759.40      500.000     0.594110     0.488318E-02 0.281480E-01 0.427660E-02 0.952291E-01  0.00000     0.508906     0.563511E-01 0.758321E-02 0.318485E-03  0.00000    
  1756.89      500.000     0.591789     0.488318E-02 0.281480E-01 0.427660E-02 0.947218E-01  0.00000     0.504770     0.563511E-01 0.758321E-02 0.318485E-03  0.00000    
  1754.39      500.000     0.589473     0.488318E-02 0.281480E-01 0.427660E-02 0.942113E-01  0.00000     0.500649     0.563511E-01 0.758321E-02 0.318485E-03  0.00000    
  1751.88      500.000     0.587165     0.488318E-02 0.281480E-01 0.427625E-02 0.937016E-01  0.00000     0.496542     0.563511E-01 0.758321E-02 0.318485E-03  0.00000    
  1749.37      500.000     0.584874     0.488316E-02 0.281426E-01 0.424036E-02 0.931736E-01  0.00000     0.492446     0.563511E-01 0.758321E-02 0.318485E-03  0.00000    
  1746.87      500.000     0.582584     0.488314E-02 0.281359E-01 0.419578E-02 0.926379E-01  0.00000     0.488349     0.563511E-01 0.758321E-02 0.318485E-03  0.00000    
  1744.36      500.000     0.580304     0.488311E-02 0.281293E-01 0.415163E-02 0.921020E-01  0.00000     0.484272     0.563511E-01 0.758321E-02 0.318485E-03  0.00000    
  1741.85      500.000     0.578010     0.488309E-02 0.281227E-01 0.410744E-02 0.915566E-01  0.00000     0.480178     0.563511E-01 0.758321E-02 0.318485E-03  0.00000    
  1739.35      500.000     0.575757     0.488307E-02 0.281161E-01 0.406444E-02 0.910184E-01  0.00000     0.476159     0.563511E-01 0.758321E-02 0.318485E-03  0.00000    
  1736.84      500.000     0.573494     0.488305E-02 0.281096E-01 0.402135E-02 0.904792E-01  0.00000     0.472122     0.563511E-01 0.758321E-02 0.318485E-03  0.00000    
  1734.34      500.000     0.571233     0.488302E-02 0.281030E-01 0.397858E-02 0.899349E-01  0.00000     0.468093     0.563511E-01 0.758321E-02 0.318485E-03  0.00000    
  1731.83      500.000     0.568959     0.488300E-02 0.280964E-01 0.393572E-02 0.893868E-01  0.00000     0.464042     0.563511E-01 0.758321E-02 0.318485E-03  0.00000    
  1729.32      500.000     0.566724     0.488298E-02 0.280900E-01 0.389399E-02 0.888429E-01  0.00000     0.460067     0.563511E-01 0.758321E-02 0.318485E-03  0.00000    
  1726.82      500.000     0.564535     0.488296E-02 0.280837E-01 0.385334E-02 0.883054E-01  0.00000     0.456179     0.563511E-01 0.758321E-02 0.318485E-03  0.00000    
  1724.31      500.000     0.562223     0.488293E-02 0.280771E-01 0.381065E-02 0.877352E-01  0.00000     0.452075     0.563511E-01 0.758321E-02 0.318485E-03  0.00000    
  1721.80      500.000     0.559981     0.488291E-02 0.280706E-01 0.376951E-02 0.871785E-01  0.00000     0.448097     0.563511E-01 0.758321E-02 0.318485E-03  0.00000    
  1719.30      500.000     0.557741     0.488289E-02 0.280642E-01 0.372866E-02 0.866217E-01  0.00000     0.444125     0.563511E-01 0.758321E-02 0.318485E-03  0.00000    
  1716.79      500.000     0.555608     0.488287E-02 0.280581E-01 0.368999E-02 0.860870E-01  0.00000     0.440349     0.563511E-01 0.758321E-02 0.318485E-03  0.00000    
  1714.29      500.000     0.554533     0.488286E-02 0.280550E-01 0.367060E-02 0.858173E-01  0.00000     0.438446     0.563511E-01 0.758321E-02 0.318485E-03  0.00000    
  1711.78      500.000     0.551044     0.488283E-02 0.280451E-01 0.360810E-02 0.849343E-01  0.00000     0.432276     0.563511E-01 0.758321E-02 0.318485E-03  0.00000    
  1709.27      500.000     0.548816     0.488281E-02 0.280388E-01 0.356850E-02 0.843672E-01  0.00000     0.428340     0.563511E-01 0.758321E-02 0.318485E-03  0.00000    
  1706.77      500.000     0.546589     0.488279E-02 0.280326E-01 0.352916E-02 0.837981E-01  0.00000     0.424409     0.563511E-01 0.758321E-02 0.318485E-03  0.00000    
  1704.26      500.000     0.544366     0.488277E-02 0.280264E-01 0.349016E-02 0.832258E-01  0.00000     0.420489     0.563511E-01 0.758321E-02 0.318485E-03  0.00000    
  1701.75      500.000     0.542148     0.488275E-02 0.280200E-01 0.345150E-02 0.826498E-01  0.00000     0.416582     0.563511E-01 0.758321E-02 0.318485E-03  0.00000    
  1699.25      500.000     0.539163     0.488272E-02 0.280117E-01 0.339988E-02 0.818732E-01  0.00000     0.411328     0.563511E-01 0.758321E-02 0.318485E-03  0.00000    
  1696.74      500.000     0.537778     0.488271E-02 0.280078E-01 0.337605E-02 0.815102E-01  0.00000     0.408891     0.563511E-01 0.758321E-02 0.318485E-03  0.00000    
  1694.24      500.000     0.535505     0.488269E-02 0.280014E-01 0.333717E-02 0.809132E-01  0.00000     0.404896     0.563511E-01 0.758321E-02 0.318485E-03  0.00000    
  1691.73      500.000     0.533298     0.488267E-02 0.279953E-01 0.329970E-02 0.803294E-01  0.00000     0.401021     0.563511E-01 0.758321E-02 0.318485E-03  0.00000    
  1689.22      500.000     0.531094     0.488265E-02 0.279892E-01 0.326249E-02 0.797431E-01  0.00000     0.397156     0.563511E-01 0.758321E-02 0.318485E-03  0.00000    
  1686.72      500.000     0.528902     0.488263E-02 0.279831E-01 0.322576E-02 0.791591E-01  0.00000     0.393313     0.563511E-01 0.758321E-02 0.318485E-03  0.00000    
  1684.21      500.000     0.526706     0.488261E-02 0.279769E-01 0.318915E-02 0.785698E-01  0.00000     0.389465     0.563511E-01 0.758321E-02 0.318485E-03  0.00000    
  1681.70      500.000     0.524513     0.488259E-02 0.279708E-01 0.315282E-02 0.779811E-01  0.00000     0.385625     0.563511E-01 0.758321E-02 0.318485E-03  0.00000    
  1679.20      500.000     0.522322     0.488257E-02 0.279647E-01 0.311672E-02 0.773926E-01  0.00000     0.381788     0.563511E-01 0.758321E-02 0.318485E-03  0.00000    
  1676.69      500.000     0.520142     0.488255E-02 0.279586E-01 0.308106E-02 0.768009E-01  0.00000     0.377977     0.563511E-01 0.758321E-02 0.318485E-03  0.00000    
  1674.19      500.000     0.517960     0.488253E-02 0.279525E-01 0.304552E-02 0.762096E-01  0.00000     0.374161     0.563511E-01 0.758321E-02 0.318485E-03  0.00000    
  1671.68      500.000     0.515787     0.488252E-02 0.279464E-01 0.301039E-02 0.756172E-01  0.00000     0.370367     0.563511E-01 0.758321E-02 0.318485E-03  0.00000    
  1669.17      500.000     0.513616     0.488250E-02 0.279404E-01 0.297549E-02 0.750202E-01  0.00000     0.366578     0.563511E-01 0.758321E-02 0.318485E-03  0.00000    
  1666.67      500.000     0.511449     0.488248E-02 0.279344E-01 0.294085E-02 0.744233E-01  0.00000     0.362800     0.563511E-01 0.758321E-02 0.318485E-03  0.00000    
  1664.16      500.000     0.509286     0.488246E-02 0.279283E-01 0.290648E-02 0.738262E-01  0.00000     0.359031     0.563511E-01 0.758321E-02 0.318485E-03  0.00000    
  1661.65      500.000     0.507130     0.488244E-02 0.279223E-01 0.287241E-02 0.732266E-01  0.00000     0.355277     0.563511E-01 0.758321E-02 0.318485E-03  0.00000    
  1659.15      500.000     0.504975     0.488242E-02 0.279164E-01 0.283856E-02 0.726238E-01  0.00000     0.351529     0.563511E-01 0.758321E-02 0.318485E-03  0.00000    
  1656.64      500.000     0.502833     0.488240E-02 0.279104E-01 0.280507E-02 0.720242E-01  0.00000     0.347803     0.563511E-01 0.758321E-02 0.318485E-03  0.00000    
  1654.14      500.000     0.500694     0.488238E-02 0.279044E-01 0.277183E-02 0.714224E-01  0.00000     0.344088     0.563511E-01 0.758321E-02 0.318485E-03  0.00000    
  1651.63      500.000     0.498561     0.488237E-02 0.278984E-01 0.273885E-02 0.708199E-01  0.00000     0.340385     0.563511E-01 0.758321E-02 0.318485E-03  0.00000    
  1649.12      500.000     0.496433     0.488235E-02 0.278925E-01 0.270606E-02 0.702203E-01  0.00000     0.336688     0.563511E-01 0.758321E-02 0.318485E-03  0.00000    
  1646.62      500.000     0.494271     0.488233E-02 0.278864E-01 0.267295E-02 0.696078E-01  0.00000     0.332937     0.563511E-01 0.758321E-02 0.318485E-03  0.00000    
  1644.11      500.000     0.492201     0.488231E-02 0.278806E-01 0.264139E-02 0.690166E-01  0.00000     0.329350     0.563511E-01 0.758321E-02 0.318485E-03  0.00000    
  1641.60      500.000     0.490124     0.488230E-02 0.278746E-01 0.260939E-02 0.684215E-01  0.00000     0.325751     0.563511E-01 0.758321E-02 0.318485E-03  0.00000    
  1639.10      500.000     0.488002     0.488228E-02 0.278688E-01 0.257781E-02 0.678157E-01  0.00000     0.322075     0.563511E-01 0.758321E-02 0.318485E-03  0.00000    
  1636.59      500.000     0.485914     0.488226E-02 0.278629E-01 0.254641E-02 0.672153E-01  0.00000     0.318462     0.563511E-01 0.758321E-02 0.318485E-03  0.00000    
  1634.09      500.000     0.483837     0.488224E-02 0.278570E-01 0.251530E-02 0.666146E-01  0.00000     0.314871     0.563511E-01 0.758321E-02 0.318485E-03  0.00000    
  1631.58      500.000     0.481757     0.488223E-02 0.278512E-01 0.248427E-02 0.660103E-01  0.00000     0.311277     0.563511E-01 0.758321E-02 0.318485E-03  0.00000    
  1629.07      500.000     0.478142     0.488220E-02 0.278408E-01 0.243081E-02 0.649237E-01  0.00000     0.305068     0.563511E-01 0.758321E-02 0.318485E-03  0.00000    
  1626.57      500.000     0.477461     0.488219E-02 0.278387E-01 0.242072E-02 0.647191E-01  0.00000     0.303899     0.563511E-01 0.758321E-02 0.318485E-03  0.00000    
  1624.06      500.000     0.475615     0.488217E-02 0.278334E-01 0.239360E-02 0.641805E-01  0.00000     0.300712     0.563511E-01 0.758321E-02 0.318485E-03  0.00000    
  1621.55      500.000     0.473582     0.488215E-02 0.278276E-01 0.236370E-02 0.635849E-01  0.00000     0.297205     0.563511E-01 0.758321E-02 0.318485E-03  0.00000    
  1619.05      500.000     0.471566     0.488214E-02 0.278218E-01 0.233415E-02 0.629926E-01  0.00000     0.293729     0.563511E-01 0.758321E-02 0.318485E-03  0.00000    
  1616.54      500.000     0.468673     0.488212E-02 0.278136E-01 0.229414E-02 0.621237E-01  0.00000     0.288764     0.563511E-01 0.758321E-02 0.318485E-03  0.00000    
  1614.04      500.000     0.441935     0.487849E-02 0.273849E-01 0.198330E-02 0.585000E-01  0.00000     0.265302     0.559586E-01 0.757683E-02 0.318485E-03  0.00000    
  1611.53      500.000     0.441935     0.487849E-02 0.273849E-01 0.198330E-02 0.585000E-01  0.00000     0.265302     0.559586E-01 0.757683E-02 0.318485E-03  0.00000    
  1609.02      500.000     0.439971     0.487824E-02 0.273561E-01 0.196314E-02 0.582399E-01  0.00000     0.263624     0.559263E-01 0.757622E-02 0.318485E-03  0.00000    
  1606.52      500.000     0.439955     0.487824E-02 0.273561E-01 0.196314E-02 0.582354E-01  0.00000     0.263598     0.559263E-01 0.757622E-02 0.318485E-03  0.00000    
  1604.01      500.000     0.432559     0.487711E-02 0.272399E-01 0.188551E-02 0.572578E-01  0.00000     0.257295     0.557991E-01 0.757429E-02 0.318485E-03  0.00000    
  1601.50      500.000     0.424956     0.487592E-02 0.271196E-01 0.180554E-02 0.562509E-01  0.00000     0.250819     0.556632E-01 0.757231E-02 0.318485E-03  0.00000    
  1599.00      500.000     0.417612     0.487471E-02 0.270039E-01 0.172950E-02 0.552746E-01  0.00000     0.244580     0.555293E-01 0.757037E-02 0.318485E-03  0.00000    
  1596.49      500.000     0.410519     0.487348E-02 0.268905E-01 0.165496E-02 0.543303E-01  0.00000     0.238558     0.553948E-01 0.756849E-02 0.318485E-03  0.00000    
  1593.98      500.000     0.403833     0.487235E-02 0.267899E-01 0.159001E-02 0.533897E-01  0.00000     0.232633     0.552710E-01 0.756678E-02 0.318485E-03  0.00000    
  1591.48      500.000     0.397245     0.487116E-02 0.266876E-01 0.152437E-02 0.524979E-01  0.00000     0.226985     0.551414E-01 0.756501E-02 0.318485E-03  0.00000    
  1588.97      500.000     0.390815     0.486993E-02 0.265866E-01 0.146036E-02 0.516342E-01  0.00000     0.221554     0.550100E-01 0.756326E-02 0.318485E-03  0.00000    
  1586.47      500.000     0.384634     0.486869E-02 0.264892E-01 0.139858E-02 0.508060E-01  0.00000     0.216317     0.548801E-01 0.756153E-02 0.318485E-03  0.00000    
  1583.96      500.000     0.378620     0.486747E-02 0.263932E-01 0.133862E-02 0.499980E-01  0.00000     0.211245     0.547494E-01 0.755988E-02 0.318485E-03  0.00000    
  1581.45      500.000     0.372803     0.486621E-02 0.263020E-01 0.128232E-02 0.492142E-01  0.00000     0.206344     0.546200E-01 0.755826E-02 0.318485E-03  0.00000    
  1578.95      500.000     0.367178     0.486496E-02 0.262120E-01 0.122668E-02 0.484514E-01  0.00000     0.201613     0.544912E-01 0.755666E-02 0.318485E-03  0.00000    
  1576.44      500.000     0.361711     0.486371E-02 0.261264E-01 0.117483E-02 0.477099E-01  0.00000     0.197019     0.543634E-01 0.755509E-02 0.318485E-03  0.00000    
  1573.93      500.000     0.356411     0.486241E-02 0.260419E-01 0.112413E-02 0.469903E-01  0.00000     0.192568     0.542363E-01 0.755360E-02 0.318485E-03  0.00000    
  1571.43      500.000     0.351293     0.486113E-02 0.259605E-01 0.107542E-02 0.462904E-01  0.00000     0.188280     0.541095E-01 0.755212E-02 0.318485E-03  0.00000    
  1568.92      500.000     0.346311     0.485984E-02 0.258811E-01 0.102841E-02 0.456106E-01  0.00000     0.184107     0.539828E-01 0.755069E-02 0.318485E-03  0.00000    
  1566.42      500.000     0.341474     0.485855E-02 0.258040E-01 0.983488E-03 0.449465E-01  0.00000     0.180061     0.538572E-01 0.754928E-02 0.318485E-03  0.00000    
  1563.91      500.000     0.336772     0.485721E-02 0.257300E-01 0.940925E-03 0.443006E-01  0.00000     0.176132     0.537327E-01 0.754789E-02 0.318485E-03  0.00000    
  1561.40      500.000     0.332204     0.485590E-02 0.256577E-01 0.899619E-03 0.436721E-01  0.00000     0.172320     0.536083E-01 0.754652E-02 0.318485E-03  0.00000    
  1558.90      500.000     0.327770     0.485459E-02 0.255875E-01 0.859918E-03 0.430604E-01  0.00000     0.168624     0.534841E-01 0.754519E-02 0.318485E-03  0.00000    
  1556.39      500.000     0.323465     0.485323E-02 0.255190E-01 0.821450E-03 0.424639E-01  0.00000     0.165041     0.533606E-01 0.754387E-02 0.318485E-03  0.00000    
  1553.88      500.000     0.319266     0.485191E-02 0.254528E-01 0.784619E-03 0.418819E-01  0.00000     0.161550     0.532368E-01 0.754257E-02 0.318485E-03  0.00000    
  1551.38      500.000     0.315189     0.485054E-02 0.253880E-01 0.749114E-03 0.413151E-01  0.00000     0.158165     0.531137E-01 0.754132E-02 0.318485E-03  0.00000    
  1548.87      500.000     0.311230     0.484912E-02 0.253240E-01 0.714477E-03 0.407625E-01  0.00000     0.154882     0.529918E-01 0.754010E-02 0.318485E-03  0.00000    
  1546.37      500.000     0.307356     0.484774E-02 0.252633E-01 0.682313E-03 0.402164E-01  0.00000     0.151678     0.528696E-01 0.753887E-02 0.318485E-03  0.00000    
  1543.86      500.000     0.303568     0.484633E-02 0.252047E-01 0.652102E-03 0.396845E-01  0.00000     0.148547     0.527466E-01 0.753771E-02 0.318485E-03  0.00000    
  1541.35      500.000     0.299905     0.484493E-02 0.251470E-01 0.621837E-03 0.391668E-01  0.00000     0.145525     0.526243E-01 0.753653E-02 0.318485E-03  0.00000    
  1538.85      500.000     0.296326     0.484351E-02 0.250903E-01 0.592796E-03 0.386615E-01  0.00000     0.142575     0.525023E-01 0.753539E-02 0.318485E-03  0.00000    
  1536.34      500.000     0.292842     0.484207E-02 0.250359E-01 0.565436E-03 0.381665E-01  0.00000     0.139709     0.523812E-01 0.753426E-02 0.318485E-03  0.00000    
  1533.83      500.000     0.289133     0.481487E-02 0.249775E-01 0.548183E-03 0.376379E-01  0.00000     0.136676     0.522316E-01 0.752804E-02 0.318136E-03  0.00000    
  1531.33      500.000     0.285166     0.475909E-02 0.249146E-01 0.542292E-03 0.370646E-01  0.00000     0.133458     0.520505E-01 0.751612E-02 0.317414E-03  0.00000    
  1528.82      500.000     0.281294     0.470376E-02 0.248523E-01 0.536587E-03 0.365029E-01  0.00000     0.130324     0.518684E-01 0.750440E-02 0.316703E-03  0.00000    
  1526.32      500.000     0.277511     0.464846E-02 0.247902E-01 0.530972E-03 0.359547E-01  0.00000     0.127266     0.516847E-01 0.749270E-02 0.316012E-03  0.00000    
  1523.81      500.000     0.273807     0.459374E-02 0.247288E-01 0.525511E-03 0.354166E-01  0.00000     0.124281     0.514982E-01 0.748109E-02 0.315294E-03  0.00000    
  1521.30      500.000     0.270181     0.453904E-02 0.246677E-01 0.520138E-03 0.348886E-01  0.00000     0.121367     0.513090E-01 0.746948E-02 0.314583E-03  0.00000    
  1518.80      500.000     0.266600     0.448473E-02 0.246072E-01 0.514982E-03 0.343607E-01  0.00000     0.118504     0.511127E-01 0.745792E-02 0.313887E-03  0.00000    
  1516.29      500.000     0.263146     0.443156E-02 0.245481E-01 0.509924E-03 0.338542E-01  0.00000     0.115747     0.509181E-01 0.744641E-02 0.313197E-03  0.00000    
  1513.78      500.000     0.259740     0.437818E-02 0.244888E-01 0.505018E-03 0.333540E-01  0.00000     0.113035     0.507192E-01 0.743493E-02 0.312485E-03  0.00000    
  1511.28      500.000     0.256399     0.432424E-02 0.244291E-01 0.500226E-03 0.328625E-01  0.00000     0.110381     0.505188E-01 0.742335E-02 0.311789E-03  0.00000    
  1508.77      500.000     0.253112     0.427227E-02 0.243719E-01 0.495682E-03 0.323777E-01  0.00000     0.107784     0.503100E-01 0.741170E-02 0.311092E-03  0.00000    
  1506.27      500.000     0.249875     0.421972E-02 0.243140E-01 0.491264E-03 0.318969E-01  0.00000     0.105237     0.500962E-01 0.740024E-02 0.310406E-03  0.00000    
  1503.76      500.000     0.246699     0.416708E-02 0.242563E-01 0.487040E-03 0.314260E-01  0.00000     0.102748     0.498768E-01 0.738868E-02 0.309682E-03  0.00000    
  1501.25      500.000     0.243559     0.411468E-02 0.241991E-01 0.482998E-03 0.309588E-01  0.00000     0.100300     0.496492E-01 0.737697E-02 0.308963E-03  0.00000    
  1498.75      500.000     0.240459     0.406246E-02 0.241422E-01 0.479191E-03 0.304961E-01  0.00000     0.978962E-01 0.494134E-01 0.736516E-02 0.308225E-03  0.00000    
  1496.24      500.000     0.237396     0.400987E-02 0.240853E-01 0.475654E-03 0.300385E-01  0.00000     0.955325E-01 0.491697E-01 0.735324E-02 0.307494E-03  0.00000    
  1493.73      500.000     0.234346     0.395833E-02 0.240289E-01 0.471919E-03 0.295832E-01  0.00000     0.931974E-01 0.489092E-01 0.734119E-02 0.306755E-03  0.00000    
  1491.23      500.000     0.229283     0.391021E-02 0.239518E-01 0.456287E-03 0.289741E-01  0.00000     0.899623E-01 0.477304E-01 0.732010E-02 0.305466E-03  0.00000    
  1488.72      500.000     0.224442     0.386331E-02 0.238753E-01 0.441031E-03 0.283863E-01  0.00000     0.868753E-01 0.466000E-01 0.730009E-02 0.304234E-03  0.00000    
  1486.22      500.000     0.219800     0.381575E-02 0.237984E-01 0.426579E-03 0.278179E-01  0.00000     0.839233E-01 0.455120E-01 0.728083E-02 0.303036E-03  0.00000    
  1483.71      500.000     0.215360     0.376976E-02 0.237224E-01 0.412214E-03 0.272687E-01  0.00000     0.811058E-01 0.444690E-01 0.726241E-02 0.301899E-03  0.00000    
  1481.20      500.000     0.211099     0.372353E-02 0.236464E-01 0.398667E-03 0.267381E-01  0.00000     0.784080E-01 0.434642E-01 0.724473E-02 0.300827E-03  0.00000    
  1478.70      500.000     0.207013     0.367806E-02 0.235709E-01 0.385473E-03 0.262238E-01  0.00000     0.758272E-01 0.424974E-01 0.722783E-02 0.299778E-03  0.00000    
  1476.19      500.000     0.203089     0.363303E-02 0.234955E-01 0.372577E-03 0.257265E-01  0.00000     0.733548E-01 0.415665E-01 0.721156E-02 0.298787E-03  0.00000    
  1473.68      500.000     0.199325     0.358857E-02 0.234204E-01 0.360009E-03 0.252455E-01  0.00000     0.709878E-01 0.406706E-01 0.719597E-02 0.297835E-03  0.00000    
  1471.18      500.000     0.195706     0.354462E-02 0.233458E-01 0.347764E-03 0.247791E-01  0.00000     0.687181E-01 0.398066E-01 0.718094E-02 0.296919E-03  0.00000    
  1468.67      500.000     0.192228     0.350154E-02 0.232718E-01 0.335883E-03 0.243261E-01  0.00000     0.665421E-01 0.389735E-01 0.716655E-02 0.296027E-03  0.00000    
  1466.17      500.000     0.188880     0.345887E-02 0.231981E-01 0.324444E-03 0.238870E-01  0.00000     0.644525E-01 0.381688E-01 0.715277E-02 0.295196E-03  0.00000    
  1463.66      500.000     0.185661     0.341666E-02 0.231246E-01 0.313003E-03 0.234611E-01  0.00000     0.624484E-01 0.373931E-01 0.713944E-02 0.294380E-03  0.00000    
  1461.15      500.000     0.182560     0.337522E-02 0.230518E-01 0.301929E-03 0.230470E-01  0.00000     0.605231E-01 0.366437E-01 0.712656E-02 0.293602E-03  0.00000    
  1458.65      500.000     0.179567     0.333430E-02 0.229793E-01 0.291226E-03 0.226418E-01  0.00000     0.586716E-01 0.359175E-01 0.711415E-02 0.292850E-03  0.00000    
  1456.14      500.000     0.176688     0.329400E-02 0.229077E-01 0.281166E-03 0.222509E-01  0.00000     0.568931E-01 0.352167E-01 0.710224E-02 0.292127E-03  0.00000    
  1453.63      500.000     0.173918     0.325418E-02 0.228363E-01 0.270954E-03 0.218716E-01  0.00000     0.551864E-01 0.345408E-01 0.709075E-02 0.291414E-03  0.00000    
  1451.13      500.000     0.171241     0.321536E-02 0.227662E-01 0.261244E-03 0.215009E-01  0.00000     0.535426E-01 0.338859E-01 0.707953E-02 0.290761E-03  0.00000    
  1448.62      500.000     0.168657     0.317659E-02 0.226960E-01 0.251846E-03 0.211407E-01  0.00000     0.519599E-01 0.332512E-01 0.706872E-02 0.290113E-03  0.00000    
  1446.12      500.000     0.166163     0.313856E-02 0.226266E-01 0.242765E-03 0.207899E-01  0.00000     0.504357E-01 0.326366E-01 0.705831E-02 0.289474E-03  0.00000    
  1443.61      500.000     0.163752     0.310089E-02 0.225572E-01 0.233668E-03 0.204472E-01  0.00000     0.489673E-01 0.320408E-01 0.704821E-02 0.288879E-03  0.00000    
  1441.10      500.000     0.161422     0.306379E-02 0.224890E-01 0.225157E-03 0.201147E-01  0.00000     0.475512E-01 0.314633E-01 0.703833E-02 0.288288E-03  0.00000    
  1438.60      500.000     0.159172     0.302727E-02 0.224211E-01 0.216828E-03 0.197910E-01  0.00000     0.461872E-01 0.309038E-01 0.702887E-02 0.287728E-03  0.00000    
  1436.09      500.000     0.155848     0.297388E-02 0.221091E-01 0.206980E-03 0.193526E-01  0.00000     0.443944E-01 0.300285E-01 0.701656E-02 0.286990E-03  0.00000    
  1433.58      500.000     0.150446     0.288899E-02 0.213287E-01 0.194328E-03 0.186895E-01  0.00000     0.417761E-01 0.285448E-01 0.699824E-02 0.285899E-03  0.00000    
  1431.08      500.000     0.145456     0.281034E-02 0.206075E-01 0.182743E-03 0.180658E-01  0.00000     0.393734E-01 0.271737E-01 0.698049E-02 0.284838E-03  0.00000    
  1428.57      500.000     0.140833     0.273725E-02 0.199392E-01 0.172095E-03 0.174773E-01  0.00000     0.371629E-01 0.259031E-01 0.696326E-02 0.283812E-03  0.00000    
  1426.07      500.000     0.136543     0.266907E-02 0.193188E-01 0.162374E-03 0.169227E-01  0.00000     0.351241E-01 0.247235E-01 0.694650E-02 0.282820E-03  0.00000    
  1423.56      500.000     0.132548     0.260533E-02 0.187408E-01 0.153281E-03 0.163972E-01  0.00000     0.332381E-01 0.236248E-01 0.693021E-02 0.281848E-03  0.00000    
  1421.05      500.000     0.128823     0.254589E-02 0.182019E-01 0.144978E-03 0.158984E-01  0.00000     0.314918E-01 0.226000E-01 0.691437E-02 0.280912E-03  0.00000    
  1418.55      500.000     0.125340     0.249009E-02 0.176979E-01 0.137226E-03 0.154242E-01  0.00000     0.298704E-01 0.216420E-01 0.689890E-02 0.279993E-03  0.00000    
  1416.04      500.000     0.122077     0.243755E-02 0.172257E-01 0.130020E-03 0.149729E-01  0.00000     0.283614E-01 0.207443E-01 0.688379E-02 0.279105E-03  0.00000    
  1413.53      500.000     0.119016     0.238800E-02 0.167826E-01 0.123314E-03 0.145427E-01  0.00000     0.269549E-01 0.199019E-01 0.686904E-02 0.278230E-03  0.00000    
  1411.03      500.000     0.116139     0.234112E-02 0.163661E-01 0.117046E-03 0.141330E-01  0.00000     0.256409E-01 0.191101E-01 0.685461E-02 0.277377E-03  0.00000    
  1408.52      500.000     0.113426     0.229702E-02 0.159734E-01 0.111197E-03 0.137392E-01  0.00000     0.244118E-01 0.183637E-01 0.684050E-02 0.276560E-03  0.00000    
  1406.02      500.000     0.110874     0.225520E-02 0.156041E-01 0.105775E-03 0.133645E-01  0.00000     0.232625E-01 0.176617E-01 0.682670E-02 0.275745E-03  0.00000    
  1403.51      500.000     0.108462     0.221549E-02 0.152550E-01 0.100637E-03 0.130049E-01  0.00000     0.221831E-01 0.169982E-01 0.681316E-02 0.274944E-03  0.00000    
  1401.00      500.000     0.106181     0.217781E-02 0.149250E-01 0.958044E-04 0.126606E-01  0.00000     0.211691E-01 0.163712E-01 0.679988E-02 0.274167E-03  0.00000    
  1398.50      500.000     0.104021     0.214186E-02 0.146126E-01 0.912896E-04 0.123302E-01  0.00000     0.202150E-01 0.157776E-01 0.678683E-02 0.273402E-03  0.00000    
  1395.99      500.000     0.101973     0.210766E-02 0.143163E-01 0.870294E-04 0.120119E-01  0.00000     0.193166E-01 0.152146E-01 0.677404E-02 0.272644E-03  0.00000    
  1393.48      500.000     0.100028     0.207499E-02 0.140350E-01 0.830117E-04 0.117058E-01  0.00000     0.184691E-01 0.146804E-01 0.676146E-02 0.271908E-03  0.00000    
  1390.98      500.000     0.981786E-01 0.204384E-02 0.137677E-01 0.791733E-04 0.114105E-01  0.00000     0.176691E-01 0.141728E-01 0.674907E-02 0.271184E-03  0.00000    
  1388.47      500.000     0.964210E-01 0.201394E-02 0.135137E-01 0.755217E-04 0.111263E-01  0.00000     0.169136E-01 0.136906E-01 0.673689E-02 0.270473E-03  0.00000    
  1385.96      500.000     0.947462E-01 0.198539E-02 0.132718E-01 0.721325E-04 0.108529E-01  0.00000     0.161978E-01 0.132314E-01 0.672491E-02 0.269766E-03  0.00000    
  1383.46      500.000     0.931504E-01 0.195803E-02 0.130414E-01 0.689177E-04 0.105884E-01  0.00000     0.155209E-01 0.127941E-01 0.671312E-02 0.269082E-03  0.00000    
  1380.95      500.000     0.916264E-01 0.193166E-02 0.128215E-01 0.659079E-04 0.103329E-01  0.00000     0.148787E-01 0.123766E-01 0.670148E-02 0.268409E-03  0.00000    
  1378.45      500.000     0.901703E-01 0.190645E-02 0.126115E-01 0.629629E-04 0.100855E-01  0.00000     0.142694E-01 0.119782E-01 0.669004E-02 0.267740E-03  0.00000    
  1375.94      500.000     0.887799E-01 0.188207E-02 0.124111E-01 0.602305E-04 0.984697E-02  0.00000     0.136910E-01 0.115980E-01 0.667873E-02 0.267081E-03  0.00000    
  1373.43      500.000     0.874483E-01 0.185863E-02 0.122192E-01 0.576206E-04 0.961545E-02  0.00000     0.131412E-01 0.112343E-01 0.666756E-02 0.266437E-03  0.00000    
  1370.93      500.000     0.861726E-01 0.183601E-02 0.120356E-01 0.552012E-04 0.939131E-02  0.00000     0.126179E-01 0.108860E-01 0.665652E-02 0.265799E-03  0.00000    
  1368.42      500.000     0.849505E-01 0.181419E-02 0.118598E-01 0.528363E-04 0.917400E-02  0.00000     0.121201E-01 0.105527E-01 0.664562E-02 0.265171E-03  0.00000    
  1365.91      500.000     0.837772E-01 0.179315E-02 0.116911E-01 0.505815E-04 0.896282E-02  0.00000     0.116456E-01 0.102331E-01 0.663484E-02 0.264554E-03  0.00000    
  1363.41      500.000     0.826518E-01 0.177278E-02 0.115294E-01 0.484361E-04 0.875804E-02  0.00000     0.111936E-01 0.992692E-02 0.662419E-02 0.263938E-03  0.00000    
  1360.90      500.000     0.815669E-01 0.175303E-02 0.113737E-01 0.464475E-04 0.855863E-02  0.00000     0.107608E-01 0.963194E-02 0.661366E-02 0.263322E-03  0.00000    
  1358.40      500.000     0.805313E-01 0.173405E-02 0.112251E-01 0.445108E-04 0.836603E-02  0.00000     0.103505E-01 0.935083E-02 0.660328E-02 0.262733E-03  0.00000    
  1355.89      500.000     0.795319E-01 0.171563E-02 0.110818E-01 0.426118E-04 0.817843E-02  0.00000     0.995717E-02 0.907999E-02 0.659296E-02 0.262150E-03  0.00000    
  1353.38      500.000     0.785701E-01 0.169771E-02 0.109441E-01 0.408602E-04 0.799602E-02  0.00000     0.958131E-02 0.881954E-02 0.658274E-02 0.261568E-03  0.00000    
  1350.88      500.000     0.776432E-01 0.168027E-02 0.108115E-01 0.391926E-04 0.781829E-02  0.00000     0.922166E-02 0.856881E-02 0.657263E-02 0.260995E-03  0.00000    
  1348.37      500.000     0.767509E-01 0.166341E-02 0.106839E-01 0.375895E-04 0.764547E-02  0.00000     0.887791E-02 0.832790E-02 0.656261E-02 0.260429E-03  0.00000    
  1345.86      500.000     0.758898E-01 0.164700E-02 0.105609E-01 0.360402E-04 0.747678E-02  0.00000     0.854878E-02 0.809573E-02 0.655268E-02 0.259866E-03  0.00000    
  1343.36      500.000     0.750577E-01 0.163108E-02 0.104422E-01 0.345699E-04 0.731210E-02  0.00000     0.823320E-02 0.787169E-02 0.654281E-02 0.259309E-03  0.00000    
  1340.85      500.000     0.742564E-01 0.161560E-02 0.103280E-01 0.331537E-04 0.715193E-02  0.00000     0.793141E-02 0.765638E-02 0.653305E-02 0.258752E-03  0.00000    
  1338.35      500.000     0.734818E-01 0.160052E-02 0.102176E-01 0.317971E-04 0.699571E-02  0.00000     0.764173E-02 0.744856E-02 0.652336E-02 0.258202E-03  0.00000    
  1335.84      500.000     0.727333E-01 0.158577E-02 0.101111E-01 0.304823E-04 0.684307E-02  0.00000     0.736406E-02 0.724806E-02 0.651374E-02 0.257659E-03  0.00000    
  1333.33      500.000     0.720095E-01 0.157139E-02 0.100082E-01 0.292357E-04 0.669426E-02  0.00000     0.709745E-02 0.705456E-02 0.650418E-02 0.257115E-03  0.00000    
  1330.83      500.000     0.713094E-01 0.155734E-02 0.990871E-02 0.280347E-04 0.654881E-02  0.00000     0.684159E-02 0.686770E-02 0.649468E-02 0.256580E-03  0.00000    
  1328.32      500.000     0.706318E-01 0.154363E-02 0.981256E-02 0.268981E-04 0.640689E-02  0.00000     0.659577E-02 0.668719E-02 0.648524E-02 0.256052E-03  0.00000    
  1325.81      500.000     0.699757E-01 0.153022E-02 0.971953E-02 0.258025E-04 0.626812E-02  0.00000     0.635962E-02 0.651274E-02 0.647585E-02 0.255530E-03  0.00000    
  1323.31      500.000     0.693399E-01 0.151713E-02 0.962947E-02 0.247351E-04 0.613223E-02  0.00000     0.613282E-02 0.634407E-02 0.646651E-02 0.255012E-03  0.00000    
  1320.80      500.000     0.687234E-01 0.150429E-02 0.954221E-02 0.237275E-04 0.599921E-02  0.00000     0.591468E-02 0.618077E-02 0.645723E-02 0.254493E-03  0.00000    
  1318.30      500.000     0.681264E-01 0.149173E-02 0.945782E-02 0.227543E-04 0.586954E-02  0.00000     0.570484E-02 0.602306E-02 0.644799E-02 0.253978E-03  0.00000    
  1315.79      500.000     0.675470E-01 0.147939E-02 0.937597E-02 0.218272E-04 0.574254E-02  0.00000     0.550289E-02 0.587029E-02 0.643877E-02 0.253475E-03  0.00000    
  1313.28      500.000     0.669848E-01 0.146733E-02 0.929663E-02 0.209209E-04 0.561815E-02  0.00000     0.530865E-02 0.572244E-02 0.642962E-02 0.252968E-03  0.00000    
  1310.78      500.000     0.664388E-01 0.145548E-02 0.921963E-02 0.200506E-04 0.549623E-02  0.00000     0.512165E-02 0.557917E-02 0.642049E-02 0.252465E-03  0.00000    
  1308.27      500.000     0.659085E-01 0.144387E-02 0.914493E-02 0.192262E-04 0.537683E-02  0.00000     0.494155E-02 0.544032E-02 0.641140E-02 0.251968E-03  0.00000    
  1305.76      500.000     0.653933E-01 0.143244E-02 0.907243E-02 0.184351E-04 0.525994E-02  0.00000     0.476804E-02 0.530578E-02 0.640235E-02 0.251471E-03  0.00000    
  1303.26      500.000     0.648926E-01 0.142122E-02 0.900200E-02 0.176639E-04 0.514537E-02  0.00000     0.460085E-02 0.517536E-02 0.639331E-02 0.250976E-03  0.00000    
  1300.75      500.000     0.643752E-01 0.140932E-02 0.892834E-02 0.169341E-04 0.502576E-02  0.00000     0.442831E-02 0.504313E-02 0.638379E-02 0.250454E-03  0.00000    
  1298.25      500.000     0.639334E-01 0.139946E-02 0.886733E-02 0.162388E-04 0.492394E-02  0.00000     0.428397E-02 0.492648E-02 0.637541E-02 0.249994E-03  0.00000    
  1295.74      500.000     0.634695E-01 0.138858E-02 0.880150E-02 0.155602E-04 0.481494E-02  0.00000     0.413284E-02 0.480773E-02 0.636639E-02 0.249506E-03  0.00000    
  1293.23      500.000     0.630241E-01 0.137824E-02 0.873977E-02 0.148821E-04 0.471015E-02  0.00000     0.398961E-02 0.469194E-02 0.635748E-02 0.249020E-03  0.00000    
  1290.73      500.000     0.625874E-01 0.136783E-02 0.867856E-02 0.142527E-04 0.460636E-02  0.00000     0.385011E-02 0.457974E-02 0.634854E-02 0.248538E-03  0.00000    
  1288.22      500.000     0.621618E-01 0.135758E-02 0.861898E-02 0.136517E-04 0.450440E-02  0.00000     0.371555E-02 0.447072E-02 0.633961E-02 0.248057E-03  0.00000    
  1285.71      500.000     0.590807E-01 0.132952E-02 0.813459E-02 0.121372E-04 0.422710E-02  0.00000     0.336156E-02 0.418035E-02 0.599456E-02 0.243636E-03  0.00000    
  1283.21      500.000     0.538356E-01 0.128725E-02 0.730225E-02 0.100685E-04 0.381068E-02  0.00000     0.285268E-02 0.375012E-02 0.536977E-02 0.235415E-03  0.00000    
  1280.70      500.000     0.470260E-01 0.123427E-02 0.621990E-02 0.794170E-05 0.326481E-02  0.00000     0.222909E-02 0.318321E-02 0.455502E-02 0.224738E-03  0.00000    
  1278.20      500.000     0.431120E-01 0.120408E-02 0.559768E-02 0.710015E-05 0.294158E-02  0.00000     0.188440E-02 0.285306E-02 0.408684E-02 0.218678E-03  0.00000    
  1275.69      500.000     0.411281E-01 0.118842E-02 0.528225E-02 0.676372E-05 0.277220E-02  0.00000     0.171340E-02 0.268453E-02 0.385008E-02 0.215529E-03  0.00000    
  1273.18      500.000     0.397383E-01 0.117714E-02 0.506125E-02 0.654319E-05 0.265064E-02  0.00000     0.159550E-02 0.256613E-02 0.368450E-02 0.213215E-03  0.00000    
  1270.68      500.000     0.382558E-01 0.113251E-02 0.482149E-02 0.624224E-05 0.250164E-02  0.00000     0.148365E-02 0.243212E-02 0.350532E-02 0.210538E-03  0.00000    
  1268.17      500.000     0.358626E-01 0.100054E-02 0.442695E-02 0.544683E-05 0.222983E-02  0.00000     0.132323E-02 0.220375E-02 0.321165E-02 0.205501E-03  0.00000    
  1265.66      500.000     0.328213E-01 0.836030E-03 0.392495E-02 0.424533E-05 0.189347E-02  0.00000     0.111816E-02 0.191650E-02 0.283792E-02 0.198273E-03  0.00000    
  1263.16      500.000     0.299279E-01 0.705278E-03 0.344893E-02 0.329346E-05 0.159642E-02  0.00000     0.923087E-03 0.164760E-02 0.248178E-02 0.191399E-03  0.00000    
  1260.65      500.000     0.276903E-01 0.604200E-03 0.308089E-02 0.269304E-05 0.136423E-02  0.00000     0.775261E-03 0.143827E-02 0.220623E-02 0.186446E-03  0.00000    
  1258.15      500.000     0.267211E-01 0.561009E-03 0.292138E-02 0.246174E-05 0.126443E-02  0.00000     0.712682E-03 0.134817E-02 0.208649E-02 0.184308E-03  0.00000    
  1255.64      500.000     0.260625E-01 0.531993E-03 0.281287E-02 0.230823E-05 0.119755E-02  0.00000     0.671209E-03 0.128764E-02 0.200477E-02 0.182797E-03  0.00000    
  1253.13      500.000     0.256928E-01 0.519345E-03 0.275165E-02 0.222227E-05 0.116863E-02  0.00000     0.652017E-03 0.125977E-02 0.195636E-02 0.181656E-03  0.00000    
  1250.63      500.000     0.247253E-01 0.476105E-03 0.259181E-02 0.197557E-05 0.107398E-02  0.00000     0.591573E-03 0.117241E-02 0.183602E-02 0.178604E-03  0.00000    
  1248.12      500.000     0.238590E-01 0.437587E-03 0.244861E-02 0.176190E-05 0.990058E-03  0.00000     0.538416E-03 0.109473E-02 0.172800E-02 0.175775E-03  0.00000    
  1245.61      500.000     0.230796E-01 0.403136E-03 0.231969E-02 0.157942E-05 0.915375E-03  0.00000     0.491431E-03 0.102538E-02 0.163055E-02 0.173146E-03  0.00000    
  1243.11      500.000     0.223750E-01 0.372221E-03 0.220306E-02 0.142497E-05 0.848626E-03  0.00000     0.449724E-03 0.963200E-03 0.154223E-02 0.170675E-03  0.00000    
  1240.60      500.000     0.217358E-01 0.344399E-03 0.209720E-02 0.129482E-05 0.788790E-03  0.00000     0.412571E-03 0.907281E-03 0.146186E-02 0.168365E-03  0.00000    
  1238.10      500.000     0.211537E-01 0.319305E-03 0.200074E-02 0.118293E-05 0.734966E-03  0.00000     0.379371E-03 0.856840E-03 0.138846E-02 0.166200E-03  0.00000    
  1235.59      500.000     0.206219E-01 0.296629E-03 0.191258E-02 0.108346E-05 0.686381E-03  0.00000     0.349631E-03 0.811219E-03 0.132121E-02 0.164163E-03  0.00000    
  1233.08      500.000     0.201347E-01 0.276076E-03 0.183175E-02 0.992248E-06 0.642439E-03  0.00000     0.322892E-03 0.769864E-03 0.125940E-02 0.162251E-03  0.00000    
  1230.58      500.000     0.196868E-01 0.257405E-03 0.175743E-02 0.914971E-06 0.602575E-03  0.00000     0.298784E-03 0.732251E-03 0.120242E-02 0.160444E-03  0.00000    
  1228.07      500.000     0.192739E-01 0.240413E-03 0.168888E-02 0.846977E-06 0.566295E-03  0.00000     0.277000E-03 0.697959E-03 0.114974E-02 0.158733E-03  0.00000    
  1225.56      500.000     0.188923E-01 0.224902E-03 0.162550E-02 0.786668E-06 0.533232E-03  0.00000     0.257247E-03 0.666631E-03 0.110089E-02 0.157108E-03  0.00000    
  1223.06      500.000     0.164197E-01 0.187276E-03 0.139758E-02 0.638718E-06 0.453885E-03  0.00000     0.211243E-03 0.567931E-03 0.931079E-03 0.150941E-03  0.00000    
  1220.55      500.000     0.127120E-01 0.139744E-03 0.107996E-02 0.452303E-06 0.351534E-03  0.00000     0.154026E-03 0.433721E-03 0.697832E-03 0.140211E-03  0.00000    
  1218.05      500.000     0.102245E-01 0.108483E-03 0.867121E-03 0.336038E-06 0.282507E-03  0.00000     0.116659E-03 0.344076E-03 0.543090E-03 0.131352E-03  0.00000    
  1215.54      500.000     0.844063E-02 0.865260E-04 0.714673E-03 0.258316E-06 0.232816E-03  0.00000     0.906333E-04 0.280136E-03 0.433504E-03 0.123656E-03  0.00000    
  1213.03      500.000     0.709950E-02 0.703846E-04 0.600199E-03 0.199424E-06 0.195313E-03  0.00000     0.716923E-04 0.232366E-03 0.352284E-03 0.116715E-03  0.00000    
  1210.53      500.000     0.604342E-02 0.579835E-04 0.510177E-03 0.156627E-06 0.165734E-03  0.00000     0.573260E-04 0.195052E-03 0.289400E-03 0.110175E-03  0.00000    
  1208.02      500.000     0.517940E-02 0.481053E-04 0.436622E-03 0.123134E-06 0.141584E-03  0.00000     0.460575E-04 0.164846E-03 0.238995E-03 0.103749E-03  0.00000    
  1205.51      500.000     0.443980E-02 0.399046E-04 0.373735E-03 0.968653E-07 0.121054E-03  0.00000     0.368886E-04 0.139356E-03 0.196972E-03 0.970582E-04  0.00000    
  1203.01      500.000     0.376075E-02 0.326755E-04 0.316081E-03 0.747637E-07 0.102433E-03  0.00000     0.290456E-04 0.116428E-03 0.159831E-03 0.893700E-04  0.00000    
  1200.50      500.000     0.302950E-02 0.253018E-04 0.254075E-03 0.533376E-07 0.830706E-04  0.00000     0.213672E-04 0.926362E-04 0.122449E-03 0.782323E-04  0.00000    
  1197.99      500.000     0.161125E-02 0.124826E-04 0.134439E-03 0.229250E-07 0.468335E-04  0.00000     0.927473E-05 0.492426E-04 0.606966E-04 0.455114E-04  0.00000    
  1195.49      500.000     0.161125E-02 0.124826E-04 0.134439E-03 0.229250E-07 0.468335E-04  0.00000     0.927473E-05 0.492426E-04 0.606966E-04 0.455114E-04  0.00000    
  1192.98      500.000     0.161125E-02 0.124826E-04 0.134439E-03 0.229250E-07 0.468335E-04  0.00000     0.927473E-05 0.492426E-04 0.606966E-04 0.455114E-04  0.00000    
  1190.48      500.000     0.161125E-02 0.124826E-04 0.134439E-03 0.229250E-07 0.468335E-04  0.00000     0.927473E-05 0.492426E-04 0.606966E-04 0.455114E-04  0.00000    
  1187.97      500.000     0.161125E-02 0.124826E-04 0.134439E-03 0.229250E-07 0.468335E-04  0.00000     0.927473E-05 0.492426E-04 0.606966E-04 0.455114E-04  0.00000    
  1185.46      500.000     0.161125E-02 0.124826E-04 0.134439E-03 0.229250E-07 0.468335E-04  0.00000     0.927473E-05 0.492426E-04 0.606966E-04 0.455114E-04  0.00000    
  1182.96      500.000     0.161125E-02 0.124826E-04 0.134439E-03 0.229250E-07 0.468335E-04  0.00000     0.927473E-05 0.492426E-04 0.606966E-04 0.455114E-04  0.00000    
  1180.45      500.000     0.161125E-02 0.124826E-04 0.134439E-03 0.229250E-07 0.468335E-04  0.00000     0.927473E-05 0.492426E-04 0.606966E-04 0.455114E-04  0.00000    
  1177.94      500.000     0.161125E-02 0.124826E-04 0.134439E-03 0.229250E-07 0.468335E-04  0.00000     0.927473E-05 0.492426E-04 0.606966E-04 0.455114E-04  0.00000    
  1175.44      500.000     0.161125E-02 0.124826E-04 0.134439E-03 0.229250E-07 0.468335E-04  0.00000     0.927473E-05 0.492426E-04 0.606966E-04 0.455114E-04  0.00000    
  1172.93      500.000     0.161125E-02 0.124826E-04 0.134439E-03 0.229250E-07 0.468335E-04  0.00000     0.927473E-05 0.492426E-04 0.606966E-04 0.455114E-04  0.00000    
  1170.43      500.000     0.161125E-02 0.124826E-04 0.134439E-03 0.229250E-07 0.468335E-04  0.00000     0.927473E-05 0.492426E-04 0.606966E-04 0.455114E-04  0.00000    
  1167.92      500.000     0.161125E-02 0.124826E-04 0.134439E-03 0.229250E-07 0.468335E-04  0.00000     0.927473E-05 0.492426E-04 0.606966E-04 0.455114E-04  0.00000    
  1165.41      500.000     0.161125E-02 0.124826E-04 0.134439E-03 0.229250E-07 0.468335E-04  0.00000     0.927473E-05 0.492426E-04 0.606966E-04 0.455114E-04  0.00000    
  1162.91      500.000     0.161125E-02 0.124826E-04 0.134439E-03 0.229250E-07 0.468335E-04  0.00000     0.927473E-05 0.492426E-04 0.606966E-04 0.455114E-04  0.00000    
  1160.40      500.000     0.161125E-02 0.124826E-04 0.134439E-03 0.229250E-07 0.468335E-04  0.00000     0.927473E-05 0.492426E-04 0.606966E-04 0.455114E-04  0.00000    
  1157.89      500.000     0.161125E-02 0.124826E-04 0.134439E-03 0.229250E-07 0.468335E-04  0.00000     0.927473E-05 0.492426E-04 0.606966E-04 0.455114E-04  0.00000    
  1155.39      500.000     0.161125E-02 0.124826E-04 0.134439E-03 0.229250E-07 0.468335E-04  0.00000     0.927473E-05 0.492426E-04 0.606966E-04 0.455114E-04  0.00000    
  1152.88      500.000     0.161125E-02 0.124826E-04 0.134439E-03 0.229250E-07 0.468335E-04  0.00000     0.927473E-05 0.492426E-04 0.606966E-04 0.455114E-04  0.00000    
  1150.38      500.000     0.161125E-02 0.124826E-04 0.134439E-03 0.229250E-07 0.468335E-04  0.00000     0.927473E-05 0.492426E-04 0.606966E-04 0.455114E-04  0.00000    
  1147.87      500.000     0.161125E-02 0.124826E-04 0.134439E-03 0.229250E-07 0.468335E-04  0.00000     0.927473E-05 0.492426E-04 0.606966E-04 0.455114E-04  0.00000    
  1145.36      500.000     0.161125E-02 0.124826E-04 0.134439E-03 0.229250E-07 0.468335E-04  0.00000     0.927473E-05 0.492426E-04 0.606966E-04 0.455114E-04  0.00000    
  1142.86      500.000     0.161125E-02 0.124826E-04 0.134439E-03 0.229250E-07 0.468335E-04  0.00000     0.927473E-05 0.492426E-04 0.606966E-04 0.455114E-04  0.00000    
  1140.35      500.000     0.161125E-02 0.124826E-04 0.134439E-03 0.229250E-07 0.468335E-04  0.00000     0.927473E-05 0.492426E-04 0.606966E-04 0.455114E-04  0.00000    
  1137.84      500.000     0.161125E-02 0.124826E-04 0.134439E-03 0.229250E-07 0.468335E-04  0.00000     0.927473E-05 0.492426E-04 0.606966E-04 0.455114E-04  0.00000    
  1135.34      500.000     0.161125E-02 0.124826E-04 0.134439E-03 0.229250E-07 0.468335E-04  0.00000     0.927473E-05 0.492426E-04 0.606966E-04 0.455114E-04  0.00000    
  1132.83      500.000     0.161125E-02 0.124826E-04 0.134439E-03 0.229250E-07 0.468335E-04  0.00000     0.927473E-05 0.492426E-04 0.606966E-04 0.455114E-04  0.00000    
  1130.33      500.000     0.161125E-02 0.124826E-04 0.134439E-03 0.229250E-07 0.468335E-04  0.00000     0.927473E-05 0.492426E-04 0.606966E-04 0.455114E-04  0.00000    
  1127.82      500.000     0.161125E-02 0.124826E-04 0.134439E-03 0.229250E-07 0.468335E-04  0.00000     0.927473E-05 0.492426E-04 0.606966E-04 0.455114E-04  0.00000    
  1125.31      500.000     0.161125E-02 0.124826E-04 0.134439E-03 0.229250E-07 0.468335E-04  0.00000     0.927473E-05 0.492426E-04 0.606966E-04 0.455114E-04  0.00000    
  1122.81      500.000     0.161125E-02 0.124826E-04 0.134439E-03 0.229250E-07 0.468335E-04  0.00000     0.927473E-05 0.492426E-04 0.606966E-04 0.455114E-04  0.00000    
  1120.30      500.000     0.161125E-02 0.124826E-04 0.134439E-03 0.229250E-07 0.468335E-04  0.00000     0.927473E-05 0.492426E-04 0.606966E-04 0.455114E-04  0.00000    
  1117.79      500.000     0.161125E-02 0.124826E-04 0.134439E-03 0.229250E-07 0.468335E-04  0.00000     0.927473E-05 0.492426E-04 0.606966E-04 0.455114E-04  0.00000    
  1115.29      500.000     0.161125E-02 0.124826E-04 0.134439E-03 0.229250E-07 0.468335E-04  0.00000     0.927473E-05 0.492426E-04 0.606966E-04 0.455114E-04  0.00000    
  1112.78      500.000     0.161125E-02 0.124826E-04 0.134439E-03 0.229250E-07 0.468335E-04  0.00000     0.927473E-05 0.492426E-04 0.606966E-04 0.455114E-04  0.00000    
  1110.28      500.000     0.161125E-02 0.124826E-04 0.134439E-03 0.229250E-07 0.468335E-04  0.00000     0.927473E-05 0.492426E-04 0.606966E-04 0.455114E-04  0.00000    
  1107.77      500.000     0.161125E-02 0.124826E-04 0.134439E-03 0.229250E-07 0.468335E-04  0.00000     0.927473E-05 0.492426E-04 0.606966E-04 0.455114E-04  0.00000    
  1105.26      500.000     0.161125E-02 0.124826E-04 0.134439E-03 0.229250E-07 0.468335E-04  0.00000     0.927473E-05 0.492426E-04 0.606966E-04 0.455114E-04  0.00000    
  1102.76      500.000     0.161125E-02 0.124826E-04 0.134439E-03 0.229250E-07 0.468335E-04  0.00000     0.927473E-05 0.492426E-04 0.606966E-04 0.455114E-04  0.00000    
  1100.25      500.000     0.161125E-02 0.124826E-04 0.134439E-03 0.229250E-07 0.468335E-04  0.00000     0.927473E-05 0.492426E-04 0.606966E-04 0.455114E-04  0.00000    
  1097.74      500.000     0.161125E-02 0.124826E-04 0.134439E-03 0.229250E-07 0.468335E-04  0.00000     0.927473E-05 0.492426E-04 0.606966E-04 0.455114E-04  0.00000    
  1095.24      500.000     0.161125E-02 0.124826E-04 0.134439E-03 0.229250E-07 0.468335E-04  0.00000     0.927473E-05 0.492426E-04 0.606966E-04 0.455114E-04  0.00000    
  1092.73      500.000     0.161125E-02 0.124826E-04 0.134439E-03 0.229250E-07 0.468335E-04  0.00000     0.927473E-05 0.492426E-04 0.606966E-04 0.455114E-04  0.00000    
  1090.23      500.000     0.161125E-02 0.124826E-04 0.134439E-03 0.229250E-07 0.468335E-04  0.00000     0.927473E-05 0.492426E-04 0.606966E-04 0.455114E-04  0.00000    
  1087.72      500.000     0.161125E-02 0.124826E-04 0.134439E-03 0.229250E-07 0.468335E-04  0.00000     0.927473E-05 0.492426E-04 0.606966E-04 0.455114E-04  0.00000    
  1085.21      500.000     0.161125E-02 0.124826E-04 0.134439E-03 0.229250E-07 0.468335E-04  0.00000     0.927473E-05 0.492426E-04 0.606966E-04 0.455114E-04  0.00000    
  1082.71      500.000     0.161125E-02 0.124826E-04 0.134439E-03 0.229250E-07 0.468335E-04  0.00000     0.927473E-05 0.492426E-04 0.606966E-04 0.455114E-04  0.00000    
  1080.20      500.000     0.161125E-02 0.124826E-04 0.134439E-03 0.229250E-07 0.468335E-04  0.00000     0.927473E-05 0.492426E-04 0.606966E-04 0.455114E-04  0.00000    
  1077.69      500.000     0.161125E-02 0.124826E-04 0.134439E-03 0.229250E-07 0.468335E-04  0.00000     0.927473E-05 0.492426E-04 0.606966E-04 0.455114E-04  0.00000    
  1075.19      500.000     0.161125E-02 0.124826E-04 0.134439E-03 0.229250E-07 0.468335E-04  0.00000     0.927473E-05 0.492426E-04 0.606966E-04 0.455114E-04  0.00000    
  1072.68      500.000     0.161125E-02 0.124826E-04 0.134439E-03 0.229250E-07 0.468335E-04  0.00000     0.927473E-05 0.492426E-04 0.606966E-04 0.455114E-04  0.00000    
  1070.18      500.000     0.161125E-02 0.124826E-04 0.134439E-03 0.229250E-07 0.468335E-04  0.00000     0.927473E-05 0.492426E-04 0.606966E-04 0.455114E-04  0.00000    
  1067.67      500.000     0.161125E-02 0.124826E-04 0.134439E-03 0.229250E-07 0.468335E-04  0.00000     0.927473E-05 0.492426E-04 0.606966E-04 0.455114E-04  0.00000    
  1065.16      500.000     0.161125E-02 0.124826E-04 0.134439E-03 0.229250E-07 0.468335E-04  0.00000     0.927473E-05 0.492426E-04 0.606966E-04 0.455114E-04  0.00000    
  1062.66      500.000     0.161125E-02 0.124826E-04 0.134439E-03 0.229250E-07 0.468335E-04  0.00000     0.927473E-05 0.492426E-04 0.606966E-04 0.455114E-04  0.00000    
  1060.15      500.000     0.161125E-02 0.124826E-04 0.134439E-03 0.229250E-07 0.468335E-04  0.00000     0.927473E-05 0.492426E-04 0.606966E-04 0.455114E-04  0.00000    
  1057.64      500.000     0.161125E-02 0.124826E-04 0.134439E-03 0.229250E-07 0.468335E-04  0.00000     0.927473E-05 0.492426E-04 0.606966E-04 0.455114E-04  0.00000    
  1055.14      500.000     0.161125E-02 0.124826E-04 0.134439E-03 0.229250E-07 0.468335E-04  0.00000     0.927473E-05 0.492426E-04 0.606966E-04 0.455114E-04  0.00000    
  1052.63      500.000     0.161125E-02 0.124826E-04 0.134439E-03 0.229250E-07 0.468335E-04  0.00000     0.927473E-05 0.492426E-04 0.606966E-04 0.455114E-04  0.00000    
  1050.13      500.000     0.161125E-02 0.124826E-04 0.134439E-03 0.229250E-07 0.468335E-04  0.00000     0.927473E-05 0.492426E-04 0.606966E-04 0.455114E-04  0.00000    
  1047.62      500.000     0.161125E-02 0.124826E-04 0.134439E-03 0.229250E-07 0.468335E-04  0.00000     0.927473E-05 0.492426E-04 0.606966E-04 0.455114E-04  0.00000    
  1045.11      500.000     0.161125E-02 0.124826E-04 0.134439E-03 0.229250E-07 0.468335E-04  0.00000     0.927473E-05 0.492426E-04 0.606966E-04 0.455114E-04  0.00000    
  1042.61      500.000     0.161125E-02 0.124826E-04 0.134439E-03 0.229250E-07 0.468335E-04  0.00000     0.927473E-05 0.492426E-04 0.606966E-04 0.455114E-04  0.00000    
  1040.10      500.000     0.161125E-02 0.124826E-04 0.134439E-03 0.229250E-07 0.468335E-04  0.00000     0.927473E-05 0.492426E-04 0.606966E-04 0.455114E-04  0.00000    
  1037.59      500.000     0.161125E-02 0.124826E-04 0.134439E-03 0.229250E-07 0.468335E-04  0.00000     0.927473E-05 0.492426E-04 0.606966E-04 0.455114E-04  0.00000    
  1035.09      500.000     0.161125E-02 0.124826E-04 0.134439E-03 0.229250E-07 0.468335E-04  0.00000     0.927473E-05 0.492426E-04 0.606966E-04 0.455114E-04  0.00000    
  1032.58      500.000     0.161125E-02 0.124826E-04 0.134439E-03 0.229250E-07 0.468335E-04  0.00000     0.927473E-05 0.492426E-04 0.606966E-04 0.455114E-04  0.00000    
  1030.08      500.000     0.161125E-02 0.124826E-04 0.134439E-03 0.229250E-07 0.468335E-04  0.00000     0.927473E-05 0.492426E-04 0.606966E-04 0.455114E-04  0.00000    
  1027.57      500.000     0.161125E-02 0.124826E-04 0.134439E-03 0.229250E-07 0.468335E-04  0.00000     0.927473E-05 0.492426E-04 0.606966E-04 0.455114E-04  0.00000    
  1025.06      500.000     0.161125E-02 0.124826E-04 0.134439E-03 0.229250E-07 0.468335E-04  0.00000     0.927473E-05 0.492426E-04 0.606966E-04 0.455114E-04  0.00000    
  1022.56      500.000     0.161125E-02 0.124826E-04 0.134439E-03 0.229250E-07 0.468335E-04  0.00000     0.927473E-05 0.492426E-04 0.606966E-04 0.455114E-04  0.00000    
  1020.05      500.000     0.161125E-02 0.124826E-04 0.134439E-03 0.229250E-07 0.468335E-04  0.00000     0.927473E-05 0.492426E-04 0.606966E-04 0.455114E-04  0.00000    
  1017.54      500.000     0.161125E-02 0.124826E-04 0.134439E-03 0.229250E-07 0.468335E-04  0.00000     0.927473E-05 0.492426E-04 0.606966E-04 0.455114E-04  0.00000    
  1015.04      500.000     0.161125E-02 0.124826E-04 0.134439E-03 0.229250E-07 0.468335E-04  0.00000     0.927473E-05 0.492426E-04 0.606966E-04 0.455114E-04  0.00000    
  1012.53      500.000     0.161125E-02 0.124826E-04 0.134439E-03 0.229250E-07 0.468335E-04  0.00000     0.927473E-05 0.492426E-04 0.606966E-04 0.455114E-04  0.00000    
  1010.03      500.000     0.161125E-02 0.124826E-04 0.134439E-03 0.229250E-07 0.468335E-04  0.00000     0.927473E-05 0.492426E-04 0.606966E-04 0.455114E-04  0.00000    
  1007.52      500.000     0.161125E-02 0.124826E-04 0.134439E-03 0.229250E-07 0.468335E-04  0.00000     0.927473E-05 0.492426E-04 0.606966E-04 0.455114E-04  0.00000    
  1005.01      500.000     0.161125E-02 0.124826E-04 0.134439E-03 0.229250E-07 0.468335E-04  0.00000     0.927473E-05 0.492426E-04 0.606966E-04 0.455114E-04  0.00000    
  1002.51      500.000     0.161125E-02 0.124826E-04 0.134439E-03 0.229250E-07 0.468335E-04  0.00000     0.927473E-05 0.492426E-04 0.606966E-04 0.455114E-04  0.00000    
  1000.00      500.000     0.161125E-02 0.124826E-04 0.134439E-03 0.229250E-07 0.468335E-04  0.00000     0.927473E-05 0.492426E-04 0.606966E-04 0.455114E-04  0.00000    
