|6.6.6
Archiving\03_Data\Deq/QFM_m1.25/T13/T13_5.tab                         
           1
T(K)    
  0.000000000000000E+000
  0.000000000000000E+000
           0
          10
T(K)           P(bar)         pcr     usp     imt     ispTH     iherc     nmt     nsp     nherc    
  2000.00        2500.00                 NaN            NaN            NaN            NaN            NaN            NaN            NaN            NaN
  1996.79        2500.00                 NaN            NaN            NaN            NaN            NaN            NaN            NaN            NaN
  1993.59        2500.00                 NaN            NaN            NaN            NaN            NaN            NaN            NaN            NaN
  1990.38        2500.00                 NaN            NaN            NaN            NaN            NaN            NaN            NaN            NaN
  1987.18        2500.00                 NaN            NaN            NaN            NaN            NaN            NaN            NaN            NaN
  1983.97        2500.00                 NaN            NaN            NaN            NaN            NaN            NaN            NaN            NaN
  1980.77        2500.00                 NaN            NaN            NaN            NaN            NaN            NaN            NaN            NaN
  1977.56        2500.00                 NaN            NaN            NaN            NaN            NaN            NaN            NaN            NaN
  1974.36        2500.00                 NaN            NaN            NaN            NaN            NaN            NaN            NaN            NaN
  1971.15        2500.00                 NaN            NaN            NaN            NaN            NaN            NaN            NaN            NaN
  1967.95        2500.00                 NaN            NaN            NaN            NaN            NaN            NaN            NaN            NaN
  1964.74        2500.00                 NaN            NaN            NaN            NaN            NaN            NaN            NaN            NaN
  1961.54        2500.00                 NaN            NaN            NaN            NaN            NaN            NaN            NaN            NaN
  1958.33        2500.00                 NaN            NaN            NaN            NaN            NaN            NaN            NaN            NaN
  1955.13        2500.00                 NaN            NaN            NaN            NaN            NaN            NaN            NaN            NaN
  1951.92        2500.00                 NaN            NaN            NaN            NaN            NaN            NaN            NaN            NaN
  1948.72        2500.00                 NaN            NaN            NaN            NaN            NaN            NaN            NaN            NaN
  1945.51        2500.00                 NaN            NaN            NaN            NaN            NaN            NaN            NaN            NaN
  1942.31        2500.00                 NaN            NaN            NaN            NaN            NaN            NaN            NaN            NaN
  1939.10        2500.00                 NaN            NaN            NaN            NaN            NaN            NaN            NaN            NaN
  1935.90        2500.00                 NaN            NaN            NaN            NaN            NaN            NaN            NaN            NaN
  1932.69        2500.00                 NaN            NaN            NaN            NaN            NaN            NaN            NaN            NaN
  1929.49        2500.00                 NaN            NaN            NaN            NaN            NaN            NaN            NaN            NaN
  1926.28        2500.00                 NaN            NaN            NaN            NaN            NaN            NaN            NaN            NaN
  1923.08        2500.00                 NaN            NaN            NaN            NaN            NaN            NaN            NaN            NaN
  1919.87        2500.00                 NaN            NaN            NaN            NaN            NaN            NaN            NaN            NaN
  1916.67        2500.00                 NaN            NaN            NaN            NaN            NaN            NaN            NaN            NaN
  1913.46        2500.00                 NaN            NaN            NaN            NaN            NaN            NaN            NaN            NaN
  1910.26        2500.00                 NaN            NaN            NaN            NaN            NaN            NaN            NaN            NaN
  1907.05        2500.00       0.799397       0.843404E-004  0.217574       0.171690      -0.123185      -0.104617      -0.329725       0.368782     
  1903.85        2500.00       0.799653       0.810840E-004  0.216248       0.169117      -0.120606      -0.103969      -0.331888       0.371365     
  1900.64        2500.00       0.798938       0.725406E-004  0.215145       0.166278      -0.117512      -0.103393      -0.334197       0.374667     
  1897.44        2500.00       0.798678       0.694212E-004  0.214743       0.165176      -0.116393      -0.103182      -0.334975       0.375884     
  1894.23        2500.00       0.799467       0.733015E-004  0.212295       0.158958      -0.110414      -0.101960      -0.341488       0.383069     
  1891.03        2500.00       0.799962       0.757348E-004  0.210760       0.155058      -0.106664      -0.101194      -0.345572       0.387575     
  1887.82        2500.00       0.800302       0.774033E-004  0.209707       0.152385      -0.104093      -0.100669      -0.348373       0.390665     
  1884.62        2500.00       0.800549       0.786185E-004  0.208940       0.150437      -0.102221      -0.100286      -0.350413       0.392915     
  1881.41        2500.00       0.800737       0.795431E-004  0.208357       0.148955      -0.100796      -0.999953E-001 -0.351965       0.394627     
  1878.21        2500.00       0.800885       0.802702E-004  0.207898       0.147790      -0.996757E-001 -0.997664E-001 -0.353185       0.395973     
  1875.00        2500.00       0.801004       0.808570E-004  0.207528       0.146850      -0.987715E-001 -0.995817E-001 -0.354170       0.397060     
  1871.79        2500.00       0.801103       0.813405E-004  0.207223       0.146075      -0.980264E-001 -0.994294E-001 -0.354982       0.397955     
  1868.59        2500.00       0.801211       0.798967E-004  0.205720       0.142746      -0.947026E-001 -0.986826E-001 -0.358354       0.401983     
  1865.38        2500.00       0.801304       0.786525E-004  0.204424       0.139877      -0.918384E-001 -0.980391E-001 -0.361260       0.405454     
  1862.18        2500.00       0.801385       0.775692E-004  0.203296       0.137379      -0.893446E-001 -0.974787E-001 -0.363791       0.408476     
  1858.97        2500.00       0.801456       0.766176E-004  0.202306       0.135185      -0.871538E-001 -0.969865E-001 -0.366014       0.411131     
  1855.77        2500.00       0.801519       0.757749E-004  0.201428       0.133241      -0.852138E-001 -0.965506E-001 -0.367982       0.413482     
  1852.56        2500.00       0.801576       0.750235E-004  0.200646       0.131509      -0.834840E-001 -0.961619E-001 -0.369737       0.415578     
  1849.36        2500.00       0.801626       0.743493E-004  0.199944       0.129954      -0.819319E-001 -0.958132E-001 -0.371312       0.417459     
  1846.15        2500.00       0.801672       0.737410E-004  0.199311       0.128551      -0.805316E-001 -0.954985E-001 -0.372733       0.419156     
  1842.95        2500.00       0.801647       0.741046E-004  0.197907       0.125906      -0.778340E-001 -0.948101E-001 -0.375408       0.422517     
  1839.74        2500.00       0.801625       0.744385E-004  0.196619       0.123478      -0.753579E-001 -0.941781E-001 -0.377863       0.425602     
  1836.54        2500.00       0.801604       0.747460E-004  0.195433       0.121242      -0.730771E-001 -0.935960E-001 -0.380124       0.428443     
  1833.33        2500.00       0.801585       0.750301E-004  0.194337       0.119175      -0.709693E-001 -0.930580E-001 -0.382214       0.431070     
  1830.13        2500.00       0.801567       0.752935E-004  0.193321       0.117259      -0.690156E-001 -0.925594E-001 -0.384151       0.433504     
  1826.92        2500.00       0.801551       0.755384E-004  0.192376       0.115479      -0.671997E-001 -0.920959E-001 -0.385952       0.435766     
  1823.72        2500.00       0.801536       0.757665E-004  0.191496       0.113819      -0.655074E-001 -0.916640E-001 -0.387629       0.437875     
  1820.51        2500.00       0.801521       0.759796E-004  0.190673       0.112269      -0.639267E-001 -0.912606E-001 -0.389197       0.439844     
  1817.31        2500.00       0.801523       0.759866E-004  0.189425       0.110100      -0.617269E-001 -0.906540E-001 -0.391573       0.442831     
  1814.10        2500.00       0.801524       0.759932E-004  0.188248       0.108053      -0.596520E-001 -0.900818E-001 -0.393815       0.445648     
  1810.90        2500.00       0.801525       0.759994E-004  0.187136       0.106119      -0.576915E-001 -0.895411E-001 -0.395933       0.448309     
  1807.69        2500.00       0.801526       0.760053E-004  0.186083       0.104290      -0.558362E-001 -0.890295E-001 -0.397937       0.450828     
  1804.49        2500.00       0.801527       0.760109E-004  0.185086       0.102555      -0.540780E-001 -0.885446E-001 -0.399837       0.453215     
  1801.28        2500.00       0.801528       0.760162E-004  0.184139       0.100910      -0.524093E-001 -0.880845E-001 -0.401640       0.455480     
  1798.08        2500.00       0.801529       0.760213E-004  0.183239       0.993455E-001 -0.508235E-001 -0.876471E-001 -0.403353       0.457633     
  1794.87        2500.00       0.801530       0.760261E-004  0.182383       0.978573E-001 -0.493146E-001 -0.872310E-001 -0.404983       0.459682     
  1791.67        2500.00       0.801231       0.764818E-004  0.181104       0.960879E-001 -0.474195E-001 -0.866142E-001 -0.406693       0.462227     
  1788.46        2500.00       0.800944       0.769179E-004  0.179880       0.943947E-001 -0.456059E-001 -0.860239E-001 -0.408328       0.464663     
  1785.26        2500.00       0.800669       0.773357E-004  0.178707       0.927727E-001 -0.438687E-001 -0.854585E-001 -0.409895       0.466996     
  1782.05        2500.00       0.800406       0.777363E-004  0.177583       0.912176E-001 -0.422031E-001 -0.849163E-001 -0.411398       0.469233     
  1778.85        2500.00       0.800153       0.781207E-004  0.176504       0.897253E-001 -0.406048E-001 -0.843961E-001 -0.412839       0.471380     
  1775.64        2500.00       0.799910       0.784898E-004  0.175468       0.882921E-001 -0.390698E-001 -0.838965E-001 -0.414224       0.473442     
  1772.44        2500.00       0.799677       0.788446E-004  0.174472       0.869145E-001 -0.375943E-001 -0.834162E-001 -0.415555       0.475423     
  1769.23        2500.00       0.799452       0.791859E-004  0.173513       0.855894E-001 -0.361751E-001 -0.829543E-001 -0.416835       0.477330     
  1766.03        2500.00       0.799050       0.799624E-004  0.172236       0.841173E-001 -0.345541E-001 -0.823438E-001 -0.418155       0.479570     
  1762.82        2500.00       0.798660       0.807124E-004  0.171002       0.826952E-001 -0.329882E-001 -0.817540E-001 -0.419431       0.481735     
  1759.62        2500.00       0.798284       0.814374E-004  0.169809       0.813206E-001 -0.314746E-001 -0.811839E-001 -0.420664       0.483827     
  1756.41        2500.00       0.797920       0.821386E-004  0.168655       0.799911E-001 -0.300107E-001 -0.806326E-001 -0.421856       0.485851     
  1753.21        2500.00       0.797568       0.828171E-004  0.167539       0.787046E-001 -0.285941E-001 -0.800991E-001 -0.423010       0.487809     
  1750.00        2500.00       0.797227       0.834740E-004  0.166458       0.774590E-001 -0.272226E-001 -0.795825E-001 -0.424128       0.489705     
  1746.79        2500.00       0.796897       0.841103E-004  0.165411       0.762524E-001 -0.258940E-001 -0.790821E-001 -0.425210       0.491542     
  1743.59        2500.00       0.796577       0.847271E-004  0.164396       0.750830E-001 -0.246064E-001 -0.785972E-001 -0.426259       0.493321     
  1740.38        2500.00       0.795924       0.843961E-004  0.163140       0.739044E-001 -0.232259E-001 -0.779991E-001 -0.427014       0.495186     
  1737.18        2500.00       0.795288       0.840743E-004  0.161920       0.727589E-001 -0.218841E-001 -0.774178E-001 -0.427747       0.496998     
  1733.97        2500.00       0.794671       0.837615E-004  0.160733       0.716450E-001 -0.205794E-001 -0.768526E-001 -0.428460       0.498760     
  1730.77        2500.00       0.794070       0.834572E-004  0.159579       0.705615E-001 -0.193103E-001 -0.763027E-001 -0.429154       0.500474     
  1727.56        2500.00       0.793485       0.831611E-004  0.158456       0.695072E-001 -0.180754E-001 -0.757677E-001 -0.429829       0.502141     
  1724.36        2500.00       0.792916       0.828728E-004  0.157362       0.684808E-001 -0.168732E-001 -0.752469E-001 -0.430486       0.503765     
  1721.15        2500.00       0.792362       0.825921E-004  0.156297       0.674814E-001 -0.157026E-001 -0.747397E-001 -0.431126       0.505346     
  1717.95        2500.00       0.791822       0.823186E-004  0.155260       0.665078E-001 -0.145622E-001 -0.742457E-001 -0.431750       0.506886     
  1714.74        2500.00       0.790991       0.834958E-004  0.153999       0.655481E-001 -0.133695E-001 -0.736474E-001 -0.432041       0.508437     
  1711.54        2500.00       0.790179       0.846452E-004  0.152767       0.646111E-001 -0.122051E-001 -0.730632E-001 -0.432325       0.509951     
  1708.33        2500.00       0.789387       0.857676E-004  0.151564       0.636961E-001 -0.110679E-001 -0.724927E-001 -0.432603       0.511430     
  1705.13        2500.00       0.788613       0.868641E-004  0.150389       0.628022E-001 -0.995697E-002 -0.719354E-001 -0.432874       0.512875     
  1701.92        2500.00       0.787857       0.879355E-004  0.149241       0.619287E-001 -0.887145E-002 -0.713908E-001 -0.433139       0.514287     
  1698.72        2500.00       0.787117       0.889827E-004  0.148119       0.610750E-001 -0.781048E-002 -0.708586E-001 -0.433398       0.515667     
  1695.51        2500.00       0.786395       0.900065E-004  0.147022       0.602403E-001 -0.677321E-002 -0.703382E-001 -0.433651       0.517016     
  1692.31        2500.00       0.785688       0.910077E-004  0.145949       0.594241E-001 -0.575886E-002 -0.698294E-001 -0.433899       0.518335     
  1689.10        2500.00       0.784608       0.913218E-004  0.144670       0.586517E-001 -0.470678E-002 -0.692235E-001 -0.433653       0.519563     
  1685.90        2500.00       0.783549       0.916293E-004  0.143416       0.578951E-001 -0.367636E-002 -0.686301E-001 -0.433412       0.520766     
  1682.69        2500.00       0.782513       0.919306E-004  0.142189       0.571540E-001 -0.266696E-002 -0.680488E-001 -0.433176       0.521944     
  1679.49        2500.00       0.781497       0.922258E-004  0.140986       0.564278E-001 -0.167793E-002 -0.674792E-001 -0.432945       0.523098     
  1676.28        2500.00       0.780502       0.925152E-004  0.139807       0.557162E-001 -0.708658E-003 -0.669210E-001 -0.432718       0.524230     
  1673.08        2500.00       0.779527       0.927988E-004  0.138652       0.550186E-001  0.241435E-003 -0.663738E-001 -0.432496       0.525339     
  1669.87        2500.00       0.778570       0.930768E-004  0.137519       0.543347E-001  0.117292E-002 -0.658374E-001 -0.432279       0.526426     
  1666.67        2500.00       0.777632       0.933495E-004  0.136408       0.536641E-001  0.208632E-002 -0.653114E-001 -0.432065       0.527492     
  1663.46        2500.00       0.776417       0.944565E-004  0.135227       0.530425E-001  0.299553E-002 -0.647510E-001 -0.431486       0.528461     
  1660.26        2500.00       0.775223       0.955430E-004  0.134067       0.524325E-001  0.388794E-002 -0.642010E-001 -0.430918       0.529412     
  1657.05        2500.00       0.774052       0.966097E-004  0.132929       0.518336E-001  0.476402E-002 -0.636611E-001 -0.430361       0.530346     
  1653.85        2500.00       0.772902       0.976571E-004  0.131811       0.512456E-001  0.562420E-002 -0.631310E-001 -0.429813       0.531263     
  1650.64        2500.00       0.771522       0.986584E-004  0.130584       0.506886E-001  0.651092E-002 -0.625490E-001 -0.428915       0.532061     
  1647.44        2500.00       0.770166       0.996419E-004  0.129378       0.501415E-001  0.738182E-002 -0.619774E-001 -0.428034       0.532844     
  1644.23        2500.00       0.768464       0.976861E-004  0.128209       0.496522E-001  0.826482E-002 -0.614184E-001 -0.426753       0.533483     
  1641.03        2500.00       0.765444       0.107665E-003  0.127367       0.494052E-001  0.915351E-002 -0.609925E-001 -0.424027       0.533542     
  1637.82        2500.00       0.762164       0.112752E-003  0.126421       0.492072E-001  0.100528E-001 -0.605187E-001 -0.420837       0.533398     
  1634.62        2500.00       0.758855       0.117882E-003  0.125468       0.490076E-001  0.109600E-001 -0.600408E-001 -0.417620       0.533252     
  1631.41        2500.00       0.755518       0.123058E-003  0.124506       0.488062E-001  0.118750E-001 -0.595588E-001 -0.414375       0.533105     
  1628.21        2500.00       0.752151       0.128279E-003  0.123536       0.486030E-001  0.127981E-001 -0.590725E-001 -0.411101       0.532957     
  1625.00        2500.00       0.748755       0.133545E-003  0.122557       0.483981E-001  0.137292E-001 -0.585819E-001 -0.407799       0.532808     
  1621.79        2500.00       0.745329       0.138858E-003  0.121569       0.481913E-001  0.146686E-001 -0.580871E-001 -0.404467       0.532657     
  1618.59        2500.00       0.741872       0.144218E-003  0.120573       0.479827E-001  0.156163E-001 -0.575878E-001 -0.401106       0.532505     
  1615.38        2500.00       0.738385       0.149626E-003  0.119568       0.477723E-001  0.165724E-001 -0.570841E-001 -0.397715       0.532352     
  1612.18        2500.00       0.735063       0.155548E-003  0.118622       0.476217E-001  0.173983E-001 -0.566128E-001 -0.394308       0.532061     
  1608.97        2500.00       0.731704       0.161536E-003  0.117665       0.474694E-001  0.182333E-001 -0.561362E-001 -0.390864       0.531767     
  1605.77        2500.00       0.728307       0.167590E-003  0.116698       0.473154E-001  0.190777E-001 -0.556543E-001 -0.387381       0.531470     
  1602.56        2500.00       0.724872       0.173713E-003  0.115719       0.471597E-001  0.199315E-001 -0.551670E-001 -0.383859       0.531170     
  1599.36        2500.00       0.721398       0.179904E-003  0.114730       0.470023E-001  0.207949E-001 -0.546743E-001 -0.380297       0.530866     
  1596.15        2500.00       0.717885       0.186166E-003  0.113729       0.468431E-001  0.216682E-001 -0.541759E-001 -0.376695       0.530559     
  1592.95        2500.00       0.714332       0.192499E-003  0.112717       0.466820E-001  0.225514E-001 -0.536718E-001 -0.373051       0.530248     
  1589.74        2500.00       0.710738       0.198906E-003  0.111694       0.465191E-001  0.234448E-001 -0.531619E-001 -0.369366       0.529933     
  1586.54        2500.00       0.707247       0.207128E-003  0.110729       0.464181E-001  0.242347E-001 -0.526837E-001 -0.365619       0.529467     
  1583.33        2500.00       0.703709       0.215462E-003  0.109751       0.463158E-001  0.250355E-001 -0.521990E-001 -0.361822       0.528994     
  1580.13        2500.00       0.700122       0.223912E-003  0.108760       0.462120E-001  0.258472E-001 -0.517075E-001 -0.357971       0.528514     
  1576.92        2500.00       0.696485       0.232478E-003  0.107755       0.461068E-001  0.266703E-001 -0.512093E-001 -0.354068       0.528028     
  1573.72        2500.00       0.692797       0.241165E-003  0.106736       0.460001E-001  0.275048E-001 -0.507041E-001 -0.350110       0.527535     
  1570.51        2500.00       0.689057       0.249974E-003  0.105702       0.458919E-001  0.283511E-001 -0.501917E-001 -0.346096       0.527035     
  1567.31        2500.00       0.685264       0.258907E-003  0.104654       0.457822E-001  0.292093E-001 -0.496721E-001 -0.342025       0.526528     
  1564.10        2500.00       0.681417       0.267968E-003  0.103591       0.456709E-001  0.300799E-001 -0.491451E-001 -0.337896       0.526014     
  1560.90        2500.00       0.677503       0.276159E-003  0.102565       0.456370E-001  0.308890E-001 -0.486381E-001 -0.333508       0.525276     
  1557.69        2500.00       0.673519       0.284495E-003  0.101521       0.456024E-001  0.317123E-001 -0.481222E-001 -0.329042       0.524525     
  1554.49        2500.00       0.669465       0.292979E-003  0.100458       0.455673E-001  0.325504E-001 -0.475970E-001 -0.324497       0.523761     
  1551.28        2500.00       0.665337       0.301615E-003  0.993757E-001  0.455315E-001  0.334034E-001 -0.470625E-001 -0.319870       0.522983     
  1548.08        2500.00       0.661135       0.310407E-003  0.982741E-001  0.454951E-001  0.342720E-001 -0.465183E-001 -0.315160       0.522191     
  1544.87        2500.00       0.656856       0.319360E-003  0.971524E-001  0.454581E-001  0.351563E-001 -0.459641E-001 -0.310363       0.521385     
  1541.67        2500.00       0.652498       0.328478E-003  0.960100E-001  0.454203E-001  0.360570E-001 -0.453997E-001 -0.305478       0.520564     
  1538.46        2500.00       0.648060       0.337766E-003  0.948463E-001  0.453818E-001  0.369745E-001 -0.448248E-001 -0.300502       0.519727     
  1535.26        2500.00       0.643589       0.350284E-003  0.937533E-001  0.454405E-001  0.378173E-001 -0.442867E-001 -0.295287       0.518624     
  1532.05        2500.00       0.639010       0.363102E-003  0.926340E-001  0.455006E-001  0.386804E-001 -0.437357E-001 -0.289946       0.517494     
  1528.85        2500.00       0.634320       0.376233E-003  0.914875E-001  0.455621E-001  0.395645E-001 -0.431713E-001 -0.284475       0.516336     
  1525.64        2500.00       0.629515       0.389687E-003  0.903127E-001  0.456251E-001  0.404704E-001 -0.425930E-001 -0.278870       0.515150     
  1522.44        2500.00       0.624589       0.403476E-003  0.891087E-001  0.456898E-001  0.413988E-001 -0.420003E-001 -0.273124       0.513935     
  1519.23        2500.00       0.619539       0.417614E-003  0.878742E-001  0.457560E-001  0.423507E-001 -0.413926E-001 -0.267234       0.512688     
  1516.03        2500.00       0.614361       0.432114E-003  0.866081E-001  0.458240E-001  0.433270E-001 -0.407693E-001 -0.261192       0.511410     
  1512.82        2500.00       0.609047       0.446989E-003  0.853092E-001  0.458937E-001  0.443286E-001 -0.401299E-001 -0.254995       0.510099     
  1509.62        2500.00       0.603541       0.460840E-003  0.840556E-001  0.460653E-001  0.453025E-001 -0.395141E-001 -0.248405       0.508494     
  1506.41        2500.00       0.597864       0.475120E-003  0.827632E-001  0.462422E-001  0.463066E-001 -0.388793E-001 -0.241611       0.506840     
  1503.21        2500.00       0.592008       0.489848E-003  0.814302E-001  0.464246E-001  0.473423E-001 -0.382245E-001 -0.234604       0.505134     
  1500.00        2500.00       0.585966       0.505046E-003  0.800546E-001  0.466129E-001  0.484110E-001 -0.375489E-001 -0.227373       0.503373     
  1496.79        2500.00       0.580076       0.520111E-003  0.787683E-001  0.468247E-001  0.494233E-001 -0.369169E-001 -0.220295       0.501599     
  1493.59        2500.00       0.569788       0.559740E-003  0.764648E-001  0.473725E-001  0.512707E-001 -0.357923E-001 -0.207726       0.498063     
  1490.38        2500.00       0.559388       0.590776E-003  0.742506E-001  0.479770E-001  0.530872E-001 -0.347109E-001 -0.195001       0.494418     
  1487.18        2500.00       0.549226       0.621103E-003  0.720869E-001  0.485677E-001  0.548623E-001 -0.336541E-001 -0.182567       0.490857     
  1483.97        2500.00       0.539152       0.658312E-003  0.701975E-001  0.492789E-001  0.564456E-001 -0.327323E-001 -0.170136       0.487136     
  1480.77        2500.00       0.529469       0.694075E-003  0.683815E-001  0.499624E-001  0.579674E-001 -0.318464E-001 -0.158188       0.483561     
  1477.56        2500.00       0.520155       0.728475E-003  0.666347E-001  0.506199E-001  0.594312E-001 -0.309942E-001 -0.146696       0.480121     
  1474.36        2500.00       0.511189       0.761589E-003  0.649532E-001  0.512528E-001  0.608403E-001 -0.301738E-001 -0.135634       0.476810     
  1471.15        2500.00       0.502553       0.793488E-003  0.633334E-001  0.518625E-001  0.621977E-001 -0.293836E-001 -0.124977       0.473621     
  1467.95        2500.00       0.494228       0.824236E-003  0.617720E-001  0.524502E-001  0.635061E-001 -0.286219E-001 -0.114705       0.470546     
  1464.74        2500.00       0.486197       0.853896E-003  0.602659E-001  0.530171E-001  0.647682E-001 -0.278871E-001 -0.104796       0.467581     
  1461.54        2500.00       0.478446       0.882524E-003  0.588121E-001  0.535642E-001  0.659864E-001 -0.271779E-001 -0.952320E-001  0.464718     
  1458.33        2500.00       0.470768       0.878440E-003  0.575040E-001  0.541957E-001  0.670745E-001 -0.265423E-001 -0.856140E-001  0.461735     
  1455.13        2500.00       0.463314       0.835884E-003  0.562895E-001  0.547459E-001  0.681901E-001 -0.259483E-001 -0.765019E-001  0.459074     
  1451.92        2500.00       0.463314       0.835884E-003  0.562895E-001  0.547459E-001  0.681901E-001 -0.259483E-001 -0.765019E-001  0.459074     
  1448.72        2500.00       0.449183       0.757365E-003  0.539978E-001  0.559140E-001  0.701541E-001 -0.248345E-001 -0.588470E-001  0.453675     
  1445.51        2500.00       0.449183       0.757365E-003  0.539978E-001  0.559140E-001  0.701541E-001 -0.248345E-001 -0.588470E-001  0.453675     
  1442.31        2500.00       0.449183       0.757365E-003  0.539978E-001  0.559140E-001  0.701541E-001 -0.248345E-001 -0.588470E-001  0.453675     
  1439.10        2500.00       0.449183       0.757365E-003  0.539978E-001  0.559140E-001  0.701541E-001 -0.248345E-001 -0.588470E-001  0.453675     
  1435.90        2500.00       0.424664       0.629320E-003  0.501949E-001  0.578708E-001  0.734419E-001 -0.229858E-001 -0.283820E-001  0.444567     
  1432.69        2500.00       0.424664       0.629320E-003  0.501949E-001  0.578708E-001  0.734419E-001 -0.229858E-001 -0.283820E-001  0.444567     
  1429.49        2500.00       0.424664       0.629320E-003  0.501949E-001  0.578708E-001  0.734419E-001 -0.229858E-001 -0.283820E-001  0.444567     
  1426.28        2500.00       0.424664       0.629320E-003  0.501949E-001  0.578708E-001  0.734419E-001 -0.229858E-001 -0.283820E-001  0.444567     
  1423.08        2500.00       0.404569       0.525964E-003  0.471198E-001  0.595037E-001  0.758524E-001 -0.215029E-001 -0.297405E-002  0.436906     
  1419.87        2500.00       0.401971       0.502957E-003  0.466764E-001  0.594873E-001  0.762085E-001 -0.212891E-001  0.699205E-004  0.436373     
  1416.67        2500.00       0.401373       0.479768E-003  0.464553E-001  0.591554E-001  0.763314E-001 -0.211856E-001  0.543208E-003  0.436848     
  1413.46        2500.00       0.401373       0.479768E-003  0.464553E-001  0.591554E-001  0.763314E-001 -0.211856E-001  0.543208E-003  0.436848     
  1410.26        2500.00       0.400129       0.434916E-003  0.459822E-001  0.585772E-001  0.765053E-001 -0.209677E-001  0.179775E-002  0.437541     
  1407.05        2500.00       0.400129       0.434916E-003  0.459822E-001  0.585772E-001  0.765053E-001 -0.209677E-001  0.179775E-002  0.437541     
  1403.85        2500.00       0.400129       0.434916E-003  0.459822E-001  0.585772E-001  0.765053E-001 -0.209677E-001  0.179775E-002  0.437541     
  1400.64        2500.00       0.400129       0.434916E-003  0.459822E-001  0.585772E-001  0.765053E-001 -0.209677E-001  0.179775E-002  0.437541     
  1397.44        2500.00       0.400129       0.434916E-003  0.459822E-001  0.585772E-001  0.765053E-001 -0.209677E-001  0.179775E-002  0.437541     
  1394.23        2500.00       0.400129       0.434916E-003  0.459822E-001  0.585772E-001  0.765053E-001 -0.209677E-001  0.179775E-002  0.437541     
  1391.03        2500.00       0.400129       0.434916E-003  0.459822E-001  0.585772E-001  0.765053E-001 -0.209677E-001  0.179775E-002  0.437541     
  1387.82        2500.00       0.400129       0.434916E-003  0.459822E-001  0.585772E-001  0.765053E-001 -0.209677E-001  0.179775E-002  0.437541     
  1384.62        2500.00       0.394537       0.284795E-003  0.440158E-001  0.564546E-001  0.771259E-001 -0.200626E-001  0.787993E-002  0.439764     
  1381.41        2500.00       0.394537       0.284795E-003  0.440158E-001  0.564546E-001  0.771259E-001 -0.200626E-001  0.787993E-002  0.439764     
  1378.21        2500.00       0.394537       0.284795E-003  0.440158E-001  0.564546E-001  0.771259E-001 -0.200626E-001  0.787993E-002  0.439764     
  1375.00        2500.00       0.394537       0.284795E-003  0.440158E-001  0.564546E-001  0.771259E-001 -0.200626E-001  0.787993E-002  0.439764     
  1371.79        2500.00       0.394537       0.284795E-003  0.440158E-001  0.564546E-001  0.771259E-001 -0.200626E-001  0.787993E-002  0.439764     
  1368.59        2500.00       0.394537       0.284795E-003  0.440158E-001  0.564546E-001  0.771259E-001 -0.200626E-001  0.787993E-002  0.439764     
  1365.38        2500.00       0.394537       0.284795E-003  0.440158E-001  0.564546E-001  0.771259E-001 -0.200626E-001  0.787993E-002  0.439764     
  1362.18        2500.00       0.394537       0.284795E-003  0.440158E-001  0.564546E-001  0.771259E-001 -0.200626E-001  0.787993E-002  0.439764     
  1358.97        2500.00       0.387970       0.176860E-003  0.419459E-001  0.546009E-001  0.776538E-001 -0.191100E-001  0.155999E-001  0.441163     
  1355.77        2500.00       0.387970       0.176860E-003  0.419459E-001  0.546009E-001  0.776538E-001 -0.191100E-001  0.155999E-001  0.441163     
  1352.56        2500.00       0.387970       0.176860E-003  0.419459E-001  0.546009E-001  0.776538E-001 -0.191100E-001  0.155999E-001  0.441163     
  1349.36        2500.00       0.387970       0.176860E-003  0.419459E-001  0.546009E-001  0.776538E-001 -0.191100E-001  0.155999E-001  0.441163     
  1346.15        2500.00       0.387970       0.176860E-003  0.419459E-001  0.546009E-001  0.776538E-001 -0.191100E-001  0.155999E-001  0.441163     
  1342.95        2500.00       0.387970       0.176860E-003  0.419459E-001  0.546009E-001  0.776538E-001 -0.191100E-001  0.155999E-001  0.441163     
  1339.74        2500.00       0.387970       0.176860E-003  0.419459E-001  0.546009E-001  0.776538E-001 -0.191100E-001  0.155999E-001  0.441163     
  1336.54        2500.00       0.387970       0.176860E-003  0.419459E-001  0.546009E-001  0.776538E-001 -0.191100E-001  0.155999E-001  0.441163     
  1333.33        2500.00       0.380329       0.103730E-003  0.397910E-001  0.530053E-001  0.781194E-001 -0.181172E-001  0.250536E-001  0.441715     
  1330.13        2500.00       0.380329       0.103730E-003  0.397910E-001  0.530053E-001  0.781194E-001 -0.181172E-001  0.250536E-001  0.441715     
  1326.92        2500.00       0.380329       0.103730E-003  0.397910E-001  0.530053E-001  0.781194E-001 -0.181172E-001  0.250536E-001  0.441715     
  1323.72        2500.00       0.380329       0.103730E-003  0.397910E-001  0.530053E-001  0.781194E-001 -0.181172E-001  0.250536E-001  0.441715     
  1320.51        2500.00       0.376086       0.776505E-004  0.386868E-001  0.522993E-001  0.783379E-001 -0.176078E-001  0.304467E-001  0.441673     
  1317.31        2500.00       0.375152       0.728229E-004  0.384299E-001  0.520905E-001  0.783860E-001 -0.174891E-001  0.315852E-001  0.441773     
  1314.10        2500.00       0.375190       0.723052E-004  0.382567E-001  0.517585E-001  0.782956E-001 -0.174134E-001  0.315372E-001  0.442303     
  1310.90        2500.00       0.375190       0.723052E-004  0.382567E-001  0.517585E-001  0.782956E-001 -0.174134E-001  0.315372E-001  0.442303     
  1307.69        2500.00       0.375237       0.715069E-004  0.379359E-001  0.510181E-001  0.781913E-001 -0.172698E-001  0.311771E-001  0.443639     
  1304.49        2500.00       0.375237       0.715069E-004  0.379359E-001  0.510181E-001  0.781913E-001 -0.172698E-001  0.311771E-001  0.443639     
  1301.28        2500.00       0.375237       0.715069E-004  0.379359E-001  0.510181E-001  0.781913E-001 -0.172698E-001  0.311771E-001  0.443639     
  1298.08        2500.00       0.375237       0.715069E-004  0.379359E-001  0.510181E-001  0.781913E-001 -0.172698E-001  0.311771E-001  0.443639     
  1294.87        2500.00       0.375237       0.715069E-004  0.379359E-001  0.510181E-001  0.781913E-001 -0.172698E-001  0.311771E-001  0.443639     
  1291.67        2500.00       0.375237       0.715069E-004  0.379359E-001  0.510181E-001  0.781913E-001 -0.172698E-001  0.311771E-001  0.443639     
  1288.46        2500.00       0.375237       0.715069E-004  0.379359E-001  0.510181E-001  0.781913E-001 -0.172698E-001  0.311771E-001  0.443639     
  1285.26        2500.00       0.375237       0.715069E-004  0.379359E-001  0.510181E-001  0.781913E-001 -0.172698E-001  0.311771E-001  0.443639     
  1282.05        2500.00       0.375162       0.678125E-004  0.365972E-001  0.482180E-001  0.776502E-001 -0.166724E-001  0.303792E-001  0.448598     
  1278.85        2500.00       0.375162       0.678125E-004  0.365972E-001  0.482180E-001  0.776502E-001 -0.166724E-001  0.303792E-001  0.448598     
  1275.64        2500.00       0.375162       0.678125E-004  0.365972E-001  0.482180E-001  0.776502E-001 -0.166724E-001  0.303792E-001  0.448598     
  1272.44        2500.00       0.375162       0.678125E-004  0.365972E-001  0.482180E-001  0.776502E-001 -0.166724E-001  0.303792E-001  0.448598     
  1269.23        2500.00       0.375162       0.678125E-004  0.365972E-001  0.482180E-001  0.776502E-001 -0.166724E-001  0.303792E-001  0.448598     
  1266.03        2500.00       0.375162       0.678125E-004  0.365972E-001  0.482180E-001  0.776502E-001 -0.166724E-001  0.303792E-001  0.448598     
  1262.82        2500.00       0.375162       0.678125E-004  0.365972E-001  0.482180E-001  0.776502E-001 -0.166724E-001  0.303792E-001  0.448598     
  1259.62        2500.00       0.375162       0.678125E-004  0.365972E-001  0.482180E-001  0.776502E-001 -0.166724E-001  0.303792E-001  0.448598     
  1256.41        2500.00       0.374681       0.636430E-004  0.352204E-001  0.455061E-001  0.770672E-001 -0.160542E-001  0.300016E-001  0.453514     
  1253.21        2500.00       0.374681       0.636430E-004  0.352204E-001  0.455061E-001  0.770672E-001 -0.160542E-001  0.300016E-001  0.453514     
  1250.00        2500.00       0.374681       0.636430E-004  0.352204E-001  0.455061E-001  0.770672E-001 -0.160542E-001  0.300016E-001  0.453514     
  1246.79        2500.00       0.374681       0.636430E-004  0.352204E-001  0.455061E-001  0.770672E-001 -0.160542E-001  0.300016E-001  0.453514     
  1243.59        2500.00       0.374681       0.636430E-004  0.352204E-001  0.455061E-001  0.770672E-001 -0.160542E-001  0.300016E-001  0.453514     
  1240.38        2500.00       0.374681       0.636430E-004  0.352204E-001  0.455061E-001  0.770672E-001 -0.160542E-001  0.300016E-001  0.453514     
  1237.18        2500.00       0.374681       0.636430E-004  0.352204E-001  0.455061E-001  0.770672E-001 -0.160542E-001  0.300016E-001  0.453514     
  1233.97        2500.00       0.374681       0.636430E-004  0.352204E-001  0.455061E-001  0.770672E-001 -0.160542E-001  0.300016E-001  0.453514     
  1230.77        2500.00       0.373657       0.590612E-004  0.338321E-001  0.428088E-001  0.765436E-001 -0.154226E-001  0.298409E-001  0.458681     
  1227.56        2500.00       0.373657       0.590612E-004  0.338321E-001  0.428088E-001  0.765436E-001 -0.154226E-001  0.298409E-001  0.458681     
  1224.36        2500.00       0.373657       0.590612E-004  0.338321E-001  0.428088E-001  0.765436E-001 -0.154226E-001  0.298409E-001  0.458681     
  1221.15        2500.00       0.373657       0.590612E-004  0.338321E-001  0.428088E-001  0.765436E-001 -0.154226E-001  0.298409E-001  0.458681     
  1217.95        2500.00       0.373657       0.590612E-004  0.338321E-001  0.428088E-001  0.765436E-001 -0.154226E-001  0.298409E-001  0.458681     
  1214.74        2500.00       0.373657       0.590612E-004  0.338321E-001  0.428088E-001  0.765436E-001 -0.154226E-001  0.298409E-001  0.458681     
  1211.54        2500.00       0.373657       0.590612E-004  0.338321E-001  0.428088E-001  0.765436E-001 -0.154226E-001  0.298409E-001  0.458681     
  1208.33        2500.00       0.373657       0.590612E-004  0.338321E-001  0.428088E-001  0.765436E-001 -0.154226E-001  0.298409E-001  0.458681     
  1205.13        2500.00       0.372318       0.541559E-004  0.323651E-001  0.403528E-001  0.758022E-001 -0.147601E-001  0.306900E-001  0.463178     
  1201.92        2500.00       0.372318       0.541559E-004  0.323651E-001  0.403528E-001  0.758022E-001 -0.147601E-001  0.306900E-001  0.463178     
  1198.72        2500.00       0.372318       0.541559E-004  0.323651E-001  0.403528E-001  0.758022E-001 -0.147601E-001  0.306900E-001  0.463178     
  1195.51        2500.00       0.372318       0.541559E-004  0.323651E-001  0.403528E-001  0.758022E-001 -0.147601E-001  0.306900E-001  0.463178     
  1192.31        2500.00       0.372318       0.541559E-004  0.323651E-001  0.403528E-001  0.758022E-001 -0.147601E-001  0.306900E-001  0.463178     
  1189.10        2500.00       0.372318       0.541559E-004  0.323651E-001  0.403528E-001  0.758022E-001 -0.147601E-001  0.306900E-001  0.463178     
  1185.90        2500.00       0.372318       0.541559E-004  0.323651E-001  0.403528E-001  0.758022E-001 -0.147601E-001  0.306900E-001  0.463178     
  1182.69        2500.00       0.372318       0.541559E-004  0.323651E-001  0.403528E-001  0.758022E-001 -0.147601E-001  0.306900E-001  0.463178     
  1179.49        2500.00       0.370426       0.491686E-004  0.308920E-001  0.379212E-001  0.751053E-001 -0.140875E-001  0.318246E-001  0.467869     
  1176.28        2500.00       0.370426       0.491686E-004  0.308920E-001  0.379212E-001  0.751053E-001 -0.140875E-001  0.318246E-001  0.467869     
  1173.08        2500.00       0.370426       0.491686E-004  0.308920E-001  0.379212E-001  0.751053E-001 -0.140875E-001  0.318246E-001  0.467869     
  1169.87        2500.00       0.370426       0.491686E-004  0.308920E-001  0.379212E-001  0.751053E-001 -0.140875E-001  0.318246E-001  0.467869     
  1166.67        2500.00       0.370426       0.491686E-004  0.308920E-001  0.379212E-001  0.751053E-001 -0.140875E-001  0.318246E-001  0.467869     
  1163.46        2500.00       0.370426       0.491686E-004  0.308920E-001  0.379212E-001  0.751053E-001 -0.140875E-001  0.318246E-001  0.467869     
  1160.26        2500.00       0.370426       0.491686E-004  0.308920E-001  0.379212E-001  0.751053E-001 -0.140875E-001  0.318246E-001  0.467869     
  1157.05        2500.00       0.370426       0.491686E-004  0.308920E-001  0.379212E-001  0.751053E-001 -0.140875E-001  0.318246E-001  0.467869     
  1153.85        2500.00       0.368030       0.440973E-004  0.293836E-001  0.356230E-001  0.743322E-001 -0.133974E-001  0.337058E-001  0.472278     
  1150.64        2500.00       0.368030       0.440973E-004  0.293836E-001  0.356230E-001  0.743322E-001 -0.133974E-001  0.337058E-001  0.472278     
  1147.44        2500.00       0.368030       0.440973E-004  0.293836E-001  0.356230E-001  0.743322E-001 -0.133974E-001  0.337058E-001  0.472278     
  1144.23        2500.00       0.368030       0.440973E-004  0.293836E-001  0.356230E-001  0.743322E-001 -0.133974E-001  0.337058E-001  0.472278     
  1141.03        2500.00       0.368030       0.440973E-004  0.293836E-001  0.356230E-001  0.743322E-001 -0.133974E-001  0.337058E-001  0.472278     
  1137.82        2500.00       0.368030       0.440973E-004  0.293836E-001  0.356230E-001  0.743322E-001 -0.133974E-001  0.337058E-001  0.472278     
  1134.62        2500.00       0.368030       0.440973E-004  0.293836E-001  0.356230E-001  0.743322E-001 -0.133974E-001  0.337058E-001  0.472278     
  1131.41        2500.00       0.368030       0.440973E-004  0.293836E-001  0.356230E-001  0.743322E-001 -0.133974E-001  0.337058E-001  0.472278     
  1128.21        2500.00       0.365117       0.391620E-004  0.278702E-001  0.333630E-001  0.735746E-001 -0.126997E-001  0.359056E-001  0.476830     
  1125.00        2500.00       0.365117       0.391620E-004  0.278702E-001  0.333630E-001  0.735746E-001 -0.126997E-001  0.359056E-001  0.476830     
  1121.79        2500.00       0.365117       0.391620E-004  0.278702E-001  0.333630E-001  0.735746E-001 -0.126997E-001  0.359056E-001  0.476830     
  1118.59        2500.00       0.365117       0.391620E-004  0.278702E-001  0.333630E-001  0.735746E-001 -0.126997E-001  0.359056E-001  0.476830     
  1115.38        2500.00       0.365117       0.391620E-004  0.278702E-001  0.333630E-001  0.735746E-001 -0.126997E-001  0.359056E-001  0.476830     
  1112.18        2500.00       0.365117       0.391620E-004  0.278702E-001  0.333630E-001  0.735746E-001 -0.126997E-001  0.359056E-001  0.476830     
  1108.97        2500.00       0.365117       0.391620E-004  0.278702E-001  0.333630E-001  0.735746E-001 -0.126997E-001  0.359056E-001  0.476830     
  1105.77        2500.00       0.365117       0.391620E-004  0.278702E-001  0.333630E-001  0.735746E-001 -0.126997E-001  0.359056E-001  0.476830     
  1102.56        2500.00       0.361630       0.342724E-004  0.263235E-001  0.312633E-001  0.727228E-001 -0.119866E-001  0.390941E-001  0.480918     
  1099.36        2500.00       0.361630       0.342724E-004  0.263235E-001  0.312633E-001  0.727228E-001 -0.119866E-001  0.390941E-001  0.480918     
  1096.15        2500.00       0.361630       0.342724E-004  0.263235E-001  0.312633E-001  0.727228E-001 -0.119866E-001  0.390941E-001  0.480918     
  1092.95        2500.00       0.361630       0.342724E-004  0.263235E-001  0.312633E-001  0.727228E-001 -0.119866E-001  0.390941E-001  0.480918     
  1089.74        2500.00       0.361630       0.342724E-004  0.263235E-001  0.312633E-001  0.727228E-001 -0.119866E-001  0.390941E-001  0.480918     
  1086.54        2500.00       0.361630       0.342724E-004  0.263235E-001  0.312633E-001  0.727228E-001 -0.119866E-001  0.390941E-001  0.480918     
  1083.33        2500.00       0.361630       0.342724E-004  0.263235E-001  0.312633E-001  0.727228E-001 -0.119866E-001  0.390941E-001  0.480918     
  1080.13        2500.00       0.361630       0.342724E-004  0.263235E-001  0.312633E-001  0.727228E-001 -0.119866E-001  0.390941E-001  0.480918     
  1076.92        2500.00       0.357529       0.295791E-004  0.247686E-001  0.292504E-001  0.718533E-001 -0.112665E-001  0.429632E-001  0.484872     
  1073.72        2500.00       0.357529       0.295791E-004  0.247686E-001  0.292504E-001  0.718533E-001 -0.112665E-001  0.429632E-001  0.484872     
  1070.51        2500.00       0.356406       0.284496E-004  0.243807E-001  0.287543E-001  0.716394E-001 -0.110862E-001  0.440042E-001  0.485873     
  1067.31        2500.00       0.355837       0.278903E-004  0.241813E-001  0.285308E-001  0.715081E-001 -0.109945E-001  0.446659E-001  0.486244     
  1064.10        2500.00       0.355236       0.273375E-004  0.239936E-001  0.282604E-001  0.714292E-001 -0.109057E-001  0.450743E-001  0.486885     
  1060.90        2500.00       0.354635       0.267943E-004  0.237948E-001  0.280397E-001  0.712998E-001 -0.108141E-001  0.457686E-001  0.487250     
  1057.69        2500.00       0.354078       0.263380E-004  0.236015E-001  0.278002E-001  0.711774E-001 -0.107245E-001  0.463172E-001  0.487724     
  1054.49        2500.00       0.354078       0.263380E-004  0.236015E-001  0.278002E-001  0.711774E-001 -0.107245E-001  0.463172E-001  0.487724     
  1051.28        2500.00       0.352899       0.252904E-004  0.232135E-001  0.273154E-001  0.709503E-001 -0.105440E-001  0.474188E-001  0.488722     
  1048.08        2500.00       0.352899       0.252904E-004  0.232135E-001  0.273154E-001  0.709503E-001 -0.105440E-001  0.474188E-001  0.488722     
  1044.87        2500.00       0.352899       0.252904E-004  0.232135E-001  0.273154E-001  0.709503E-001 -0.105440E-001  0.474188E-001  0.488722     
  1041.67        2500.00       0.352899       0.252904E-004  0.232135E-001  0.273154E-001  0.709503E-001 -0.105440E-001  0.474188E-001  0.488722     
  1038.46        2500.00       0.352899       0.252904E-004  0.232135E-001  0.273154E-001  0.709503E-001 -0.105440E-001  0.474188E-001  0.488722     
  1035.26        2500.00       0.352899       0.252904E-004  0.232135E-001  0.273154E-001  0.709503E-001 -0.105440E-001  0.474188E-001  0.488722     
  1032.05        2500.00       0.352899       0.252904E-004  0.232135E-001  0.273154E-001  0.709503E-001 -0.105440E-001  0.474188E-001  0.488722     
  1028.85        2500.00       0.352899       0.252904E-004  0.232135E-001  0.273154E-001  0.709503E-001 -0.105440E-001  0.474188E-001  0.488722     
  1025.64        2500.00       0.347747       0.218321E-004  0.216666E-001  0.255052E-001  0.699599E-001 -0.982479E-002  0.527503E-001  0.492174     
  1022.44        2500.00       0.347747       0.218321E-004  0.216666E-001  0.255052E-001  0.699599E-001 -0.982479E-002  0.527503E-001  0.492174     
  1019.23        2500.00       0.347747       0.218321E-004  0.216666E-001  0.255052E-001  0.699599E-001 -0.982479E-002  0.527503E-001  0.492174     
  1016.03        2500.00       0.347747       0.218321E-004  0.216666E-001  0.255052E-001  0.699599E-001 -0.982479E-002  0.527503E-001  0.492174     
  1012.82        2500.00       0.347747       0.218321E-004  0.216666E-001  0.255052E-001  0.699599E-001 -0.982479E-002  0.527503E-001  0.492174     
  1009.62        2500.00       0.347747       0.218321E-004  0.216666E-001  0.255052E-001  0.699599E-001 -0.982479E-002  0.527503E-001  0.492174     
  1006.41        2500.00       0.347747       0.218321E-004  0.216666E-001  0.255052E-001  0.699599E-001 -0.982479E-002  0.527503E-001  0.492174     
  1003.21        2500.00       0.347747       0.218321E-004  0.216666E-001  0.255052E-001  0.699599E-001 -0.982479E-002  0.527503E-001  0.492174     
  1000.00        2500.00       0.341953       0.186435E-004  0.201280E-001  0.237767E-001  0.689502E-001 -0.910719E-002  0.588441E-001  0.495436     
